6993	1
7083	2
7178	3
2135	4
7410	5
5605	6
5661	7
6381	8
9136	9
9536	10
8662	11
4752	12
8276	13
7045	14
4514	15
1091	16
3424	17
5804	18
1186	19
7075	20
5658	21
5798	22
2160	23
4291	24
5132	25
8365	26
5298	27
3505	28
3062	29
7483	30
9303	31
8618	32
3020	33
324	34
3885	35
33	36
264	37
8603	38
1290	39
5178	40
215	41
9209	42
6831	43
7422	44
1844	45
1726	46
3222	47
8065	48
6321	49
3350	50
2457	51
5062	52
8124	53
7991	54
5814	55
9008	56
650	57
8163	58
2040	59
7733	60
953	61
1354	62
210	63
261	64
2973	65
8614	66
2977	67
9279	68
9098	69
3981	70
6061	71
1351	72
9486	73
6111	74
4827	75
5621	76
8714	77
2700	78
2835	79
4675	80
7161	81
4305	82
1606	83
942	84
620	85
5682	86
6968	87
4892	88
8828	89
8948	90
5133	91
9495	92
2684	93
8474	94
6323	95
7765	96
9660	97
9422	98
8749	99
8411	100
8941	101
9226	102
3338	103
234	104
711	105
1826	106
5910	107
5181	108
9113	109
4523	110
6759	111
3211	112
5448	113
9609	114
7758	115
1809	116
8170	117
4381	118
7132	119
1694	120
9462	121
6516	122
360	123
7387	124
3092	125
9334	126
4442	127
4041	128
2971	129
4374	130
1165	131
6818	132
8688	133
8081	134
4975	135
7881	136
3606	137
2237	138
5188	139
8285	140
6510	141
8325	142
9593	143
7404	144
6430	145
5608	146
7971	147
5486	148
9117	149
3270	150
3673	151
3421	152
5606	153
2060	154
927	155
2663	156
3693	157
8510	158
7003	159
5999	160
9350	161
4310	162
427	163
3018	164
4447	165
9253	166
6293	167
2466	168
7914	169
7990	170
3013	171
1061	172
6747	173
5894	174
3425	175
5565	176
4588	177
2750	178
4730	179
8026	180
4578	181
5699	182
4406	183
1081	184
3306	185
210	186
1670	187
2351	188
2212	189
5729	190
7840	191
139	192
4986	193
110	194
3042	195
5218	196
303	197
1922	198
981	199
8247	200
5289	201
1229	202
7605	203
1605	204
9665	205
5601	206
3064	207
3495	208
9302	209
4140	210
1479	211
7785	212
3368	213
5060	214
6495	215
6970	216
1552	217
484	218
3642	219
7950	220
3544	221
8796	222
858	223
3828	224
825	225
1192	226
4160	227
3804	228
9090	229
8787	230
4395	231
6459	232
1702	233
6923	234
9352	235
3979	236
1603	237
5352	238
4062	239
1096	240
6089	241
6461	242
728	243
8156	244
7678	245
4269	246
3499	247
8643	248
5567	249
5536	250
8954	251
4527	252
3638	253
4687	254
4497	255
9418	256
7746	257
7028	258
2199	259
769	260
7227	261
3447	262
3400	263
4178	264
4254	265
4053	266
4129	267
7072	268
6109	269
2675	270
9546	271
2129	272
1796	273
8027	274
3000	275
8617	276
5118	277
8215	278
6309	279
969	280
6016	281
16	282
5076	283
4280	284
8280	285
8067	286
903	287
1402	288
8294	289
8729	290
7248	291
2364	292
6413	293
6860	294
3361	295
5369	296
491	297
9375	298
4075	299
3713	300
2072	301
9287	302
1716	303
1260	304
8897	305
8269	306
2520	307
5232	308
7014	309
674	310
3357	311
6386	312
6508	313
5657	314
2735	315
2022	316
246	317
1194	318
4963	319
8168	320
7175	321
1314	322
7012	323
3691	324
806	325
176	326
8413	327
495	328
1335	329
6550	330
3626	331
1915	332
1265	333
114	334
1506	335
7375	336
1968	337
5428	338
8126	339
516	340
8025	341
3390	342
7338	343
6844	344
5550	345
9608	346
6902	347
7475	348
5083	349
2713	350
4631	351
7704	352
2687	353
3220	354
5363	355
19	356
8792	357
9278	358
1000	359
6337	360
4177	361
8859	362
5973	363
1889	364
3403	365
6073	366
2754	367
3950	368
8592	369
8148	370
5968	371
593	372
1031	373
9156	374
8965	375
2805	376
1256	377
6306	378
1016	379
2327	380
5212	381
4102	382
2021	383
6894	384
1942	385
85	386
561	387
5511	388
4531	389
5718	390
7305	391
2397	392
8785	393
174	394
8659	395
8833	396
2042	397
1003	398
1338	399
9560	400
4964	401
768	402
7639	403
7518	404
3427	405
6122	406
9577	407
3936	408
7202	409
4717	410
1665	411
6916	412
4557	413
9640	414
6241	415
8782	416
1266	417
4719	418
4716	419
9557	420
6561	421
3773	422
3335	423
539	424
4308	425
6183	426
7421	427
1475	428
2269	429
1154	430
5141	431
6034	432
1187	433
6986	434
6291	435
6523	436
357	437
2478	438
3818	439
6173	440
1404	441
3551	442
1226	443
6039	444
9255	445
943	446
6240	447
395	448
5019	449
6811	450
4702	451
1386	452
5496	453
3843	454
6933	455
5508	456
8549	457
8120	458
1820	459
1414	460
5766	461
3115	462
2800	463
4640	464
2981	465
9263	466
1343	467
7096	468
7976	469
6722	470
4093	471
153	472
1751	473
9185	474
4359	475
3439	476
4962	477
9180	478
4331	479
3173	480
9393	481
3931	482
3829	483
3337	484
3183	485
27	486
8947	487
2051	488
283	489
2760	490
1516	491
3432	492
212	493
9519	494
5880	495
7364	496
8546	497
3023	498
5280	499
4822	500
3459	501
8140	502
517	503
5630	504
1308	505
4528	506
893	507
8241	508
8669	509
2427	510
6647	511
9694	512
2705	513
6119	514
2509	515
6087	516
4549	517
5406	518
2796	519
3548	520
3233	521
9173	522
4136	523
4468	524
9396	525
1643	526
6659	527
8214	528
6294	529
9672	530
467	531
4832	532
7347	533
909	534
8314	535
8483	536
128	537
5596	538
4943	539
2525	540
2023	541
4282	542
5592	543
9675	544
2331	545
8129	546
2943	547
7512	548
3200	549
1294	550
1976	551
6880	552
683	553
1653	554
3300	555
1536	556
7527	557
4368	558
47	559
4686	560
3844	561
1430	562
5594	563
3918	564
4511	565
5044	566
9240	567
8708	568
2296	569
5701	570
7860	571
6026	572
9114	573
229	574
3696	575
5211	576
2116	577
74	578
7270	579
514	580
3838	581
3028	582
6470	583
8930	584
3855	585
3428	586
6209	587
343	588
9654	589
8569	590
3753	591
7586	592
9186	593
6575	594
8469	595
4536	596
1592	597
7268	598
6255	599
8842	600
6141	601
1007	602
1111	603
4585	604
6710	605
1120	606
1101	607
4356	608
1149	609
1733	610
4667	611
7972	612
192	613
5492	614
9681	615
3330	616
2712	617
194	618
5837	619
121	620
9427	621
60	622
4448	623
5254	624
195	625
4587	626
5420	627
8841	628
1197	629
7851	630
1300	631
5765	632
7523	633
4738	634
736	635
1853	636
8401	637
7015	638
7626	639
7672	640
8142	641
745	642
704	643
6509	644
2242	645
7553	646
1350	647
8705	648
5317	649
5749	650
8736	651
1936	652
6270	653
2519	654
6092	655
2832	656
4039	657
7888	658
8122	659
7078	660
9698	661
6181	662
5825	663
8075	664
9404	665
9153	666
7272	667
2492	668
9535	669
2487	670
3132	671
5597	672
5530	673
3465	674
3889	675
6304	676
9086	677
5410	678
3017	679
575	680
5510	681
5576	682
9610	683
2091	684
9195	685
1258	686
8480	687
4005	688
7940	689
4753	690
1306	691
4063	692
3245	693
672	694
8374	695
4586	696
90	697
2883	698
6881	699
5251	700
1841	701
120	702
211	703
5461	704
8387	705
2084	706
3706	707
8034	708
8171	709
8683	710
882	711
6593	712
8312	713
7908	714
6155	715
1124	716
5869	717
9632	718
1584	719
7469	720
1667	721
8764	722
619	723
7829	724
9544	725
8260	726
3106	727
8392	728
4457	729
1126	730
9316	731
9357	732
6578	733
772	734
793	735
8012	736
6637	737
8009	738
1447	739
6330	740
959	741
4249	742
4230	743
8757	744
1868	745
6093	746
3519	747
4995	748
8977	749
5043	750
9383	751
8103	752
6140	753
4087	754
2587	755
6004	756
2176	757
8368	758
114	759
8287	760
6691	761
2459	762
9291	763
1551	764
1843	765
3579	766
9661	767
8362	768
7540	769
6471	770
2166	771
3863	772
4253	773
2626	774
4616	775
1740	776
6985	777
6566	778
6812	779
367	780
9502	781
3131	782
9706	783
5733	784
4218	785
251	786
2576	787
8721	788
7461	789
8229	790
8862	791
4873	792
5633	793
122	794
6278	795
9131	796
1798	797
6436	798
9363	799
6319	800
3216	801
733	802
3584	803
5833	804
4006	805
8691	806
1406	807
5137	808
5214	809
4632	810
2311	811
4015	812
3907	813
1153	814
5237	815
3066	816
814	817
1006	818
7368	819
1122	820
3604	821
6348	822
3381	823
651	824
7225	825
5393	826
8167	827
3870	828
8333	829
6327	830
7519	831
8131	832
9738	833
8262	834
8055	835
6228	836
3043	837
7921	838
1257	839
7614	840
1521	841
4782	842
4850	843
1929	844
89	845
1788	846
9673	847
566	848
6416	849
6335	850
9683	851
6520	852
469	853
4219	854
9588	855
8165	856
8507	857
4814	858
7363	859
8079	860
7393	861
572	862
2774	863
8753	864
4909	865
9408	866
9625	867
7412	868
9259	869
8520	870
1139	871
4373	872
5202	873
3813	874
54	875
6841	876
8076	877
3034	878
4208	879
6457	880
32	881
7606	882
5648	883
4422	884
8041	885
262	886
8583	887
2597	888
2895	889
2761	890
9222	891
1167	892
61	893
3985	894
2191	895
4859	896
6903	897
7579	898
4463	899
1261	900
1699	901
7197	902
3593	903
6925	904
6586	905
2202	906
4550	907
778	908
7838	909
1980	910
8	911
9710	912
4959	913
649	914
5041	915
3573	916
3231	917
2812	918
3685	919
2820	920
4601	921
7659	922
3992	923
4402	924
2338	925
3598	926
2015	927
2997	928
5819	929
1476	930
8550	931
9524	932
3765	933
5382	934
5038	935
7411	936
9475	937
5116	938
5773	939
7211	940
7082	941
7163	942
209	943
4137	944
9246	945
9009	946
5692	947
4138	948
7774	949
8485	950
9636	951
5593	952
3513	953
4214	954
4352	955
320	956
1657	957
7145	958
4879	959
8223	960
2874	961
502	962
8502	963
3272	964
7567	965
4278	966
7062	967
5105	968
7164	969
1684	970
183	971
8506	972
75	973
1409	974
6426	975
8488	976
8627	977
7759	978
2386	979
6490	980
3591	981
8007	982
302	983
8611	984
2936	985
1405	986
3341	987
5919	988
8	989
6941	990
397	991
9549	992
7893	993
7779	994
5988	995
7684	996
6431	997
6138	998
1425	999
1439	1000
3060	1001
2892	1002
198	1003
2210	1004
617	1005
2865	1006
7	1007
4629	1008
7031	1009
1488	1010
3105	1011
9595	1012
8819	1013
5507	1014
1703	1015
4009	1016
2726	1017
8626	1018
6979	1019
938	1020
8	1021
2008	1022
3824	1023
8685	1024
6296	1025
417	1026
7463	1027
102	1028
7052	1029
5285	1030
2803	1031
2612	1032
5788	1033
1539	1034
5476	1035
5978	1036
2558	1037
8344	1038
1860	1039
3371	1040
3677	1041
853	1042
8132	1043
249	1044
237	1045
6598	1046
2278	1047
4821	1048
1767	1049
3881	1050
4501	1051
1615	1052
6212	1053
5895	1054
3890	1055
2901	1056
6989	1057
2301	1058
8836	1059
2589	1060
99	1061
9033	1062
24	1063
610	1064
7294	1065
8528	1066
5175	1067
239	1068
9262	1069
4277	1070
7334	1071
9052	1072
8004	1073
85	1074
664	1075
1626	1076
2299	1077
3662	1078
7070	1079
2049	1080
4046	1081
407	1082
3643	1083
166	1084
8440	1085
7128	1086
5159	1087
4173	1088
6530	1089
680	1090
483	1091
3490	1092
129	1093
8436	1094
3360	1095
8236	1096
9646	1097
9685	1098
5402	1099
9699	1100
8745	1101
3389	1102
7420	1103
6892	1104
3196	1105
6907	1106
8632	1107
2578	1108
7046	1109
6712	1110
4681	1111
8779	1112
5651	1113
7646	1114
681	1115
7153	1116
3901	1117
5518	1118
8629	1119
980	1120
5731	1121
2461	1122
1465	1123
7260	1124
9509	1125
9307	1126
4437	1127
42	1128
6037	1129
2231	1130
4828	1131
6032	1132
8902	1133
6974	1134
2798	1135
994	1136
9627	1137
4132	1138
2975	1139
9612	1140
4761	1141
8279	1142
3775	1143
2248	1144
294	1145
3279	1146
2703	1147
9283	1148
3295	1149
9552	1150
5244	1151
9390	1152
1919	1153
2250	1154
5260	1155
1862	1156
3835	1157
5368	1158
8445	1159
6771	1160
1814	1161
439	1162
5195	1163
8857	1164
3760	1165
2052	1166
7253	1167
67	1168
6215	1169
8718	1170
2036	1171
5166	1172
6057	1173
6569	1174
580	1175
5443	1176
4998	1177
1792	1178
5051	1179
2061	1180
3149	1181
7048	1182
1467	1183
556	1184
4728	1185
6686	1186
2494	1187
6869	1188
542	1189
9684	1190
2810	1191
700	1192
9409	1193
7298	1194
4412	1195
7130	1196
1824	1197
9703	1198
4441	1199
4204	1200
6382	1201
3531	1202
2982	1203
482	1204
4570	1205
1448	1206
1161	1207
5413	1208
7729	1209
3697	1210
8083	1211
1349	1212
2918	1213
4568	1214
2877	1215
9338	1216
5843	1217
4534	1218
9394	1219
7675	1220
498	1221
2342	1222
4421	1223
4691	1224
4483	1225
381	1226
3474	1227
3546	1228
3583	1229
1018	1230
4259	1231
157	1232
3853	1233
5678	1234
1640	1235
5935	1236
1138	1237
6497	1238
7289	1239
331	1240
186	1241
607	1242
1744	1243
1566	1244
7203	1245
1900	1246
1339	1247
7967	1248
5570	1249
146	1250
7010	1251
8326	1252
5173	1253
7594	1254
177	1255
4323	1256
9130	1257
531	1258
4002	1259
765	1260
5871	1261
8667	1262
5688	1263
6167	1264
2372	1265
7465	1266
5933	1267
2694	1268
2145	1269
9430	1270
5389	1271
1400	1272
5061	1273
5860	1274
5383	1275
4926	1276
7430	1277
5501	1278
3610	1279
747	1280
4197	1281
4863	1282
7931	1283
5636	1284
9566	1285
8728	1286
1989	1287
51	1288
6657	1289
4367	1290
2840	1291
5886	1292
7374	1293
6180	1294
5433	1295
8536	1296
8996	1297
1832	1298
1715	1299
57	1300
7191	1301
7097	1302
7079	1303
8553	1304
1163	1305
8903	1306
3263	1307
4942	1308
5434	1309
2505	1310
8886	1311
5734	1312
231	1313
4122	1314
6244	1315
2824	1316
4790	1317
5069	1318
4519	1319
4597	1320
6976	1321
8595	1322
6762	1323
6405	1324
1926	1325
986	1326
3056	1327
4078	1328
4558	1329
1342	1330
233	1331
8460	1332
73	1333
4784	1334
4158	1335
5810	1336
2510	1337
1086	1338
4714	1339
296	1340
6496	1341
9347	1342
4081	1343
3104	1344
1766	1345
424	1346
7871	1347
9452	1348
3815	1349
1044	1350
2069	1351
7394	1352
9533	1353
7807	1354
4343	1355
7480	1356
9346	1357
5042	1358
4279	1359
9341	1360
6864	1361
4361	1362
2585	1363
8789	1364
2308	1365
7342	1366
7920	1367
898	1368
7481	1369
8288	1370
2740	1371
4027	1372
5528	1373
685	1374
2545	1375
2076	1376
8037	1377
1781	1378
2105	1379
4216	1380
3373	1381
8237	1382
3215	1383
3769	1384
767	1385
4066	1386
9500	1387
4131	1388
218	1389
3909	1390
2618	1391
7913	1392
2599	1393
3984	1394
7146	1395
840	1396
4707	1397
5425	1398
1189	1399
3932	1400
3721	1401
5539	1402
1038	1403
1495	1404
1444	1405
7326	1406
6522	1407
1468	1408
372	1409
6126	1410
1776	1411
6476	1412
1635	1413
9474	1414
1421	1415
625	1416
3848	1417
6726	1418
2103	1419
7754	1420
5189	1421
2255	1422
725	1423
5946	1424
323	1425
6008	1426
5854	1427
589	1428
4353	1429
774	1430
1512	1431
2323	1432
8844	1433
9551	1434
7	1435
2753	1436
7488	1437
6958	1438
8286	1439
5908	1440
2026	1441
1555	1442
1839	1443
8385	1444
8169	1445
2035	1446
6062	1447
4810	1448
5270	1449
8927	1450
5375	1451
4022	1452
3376	1453
9210	1454
1921	1455
3902	1456
7494	1457
8772	1458
4416	1459
7426	1460
983	1461
6752	1462
3301	1463
8418	1464
6567	1465
6020	1466
8492	1467
9348	1468
9265	1469
8090	1470
98	1471
7923	1472
5816	1473
8650	1474
1972	1475
6734	1476
7873	1477
4240	1478
2147	1479
2118	1480
1341	1481
8468	1482
6096	1483
9695	1484
3729	1485
3589	1486
337	1487
9112	1488
6604	1489
5006	1490
3644	1491
4094	1492
8722	1493
6275	1494
7443	1495
1630	1496
5040	1497
510	1498
6924	1499
5337	1500
7535	1501
8951	1502
5110	1503
1035	1504
9657	1505
7879	1506
3343	1507
719	1508
5984	1509
3776	1510
2807	1511
9139	1512
8408	1513
3512	1514
7369	1515
154	1516
2787	1517
632	1518
5744	1519
8961	1520
3854	1521
2276	1522
6394	1523
6257	1524
7238	1525
8203	1526
87	1527
5422	1528
120	1529
7962	1530
8152	1531
2066	1532
1833	1533
1507	1534
1987	1535
191	1536
8990	1537
3138	1538
6359	1539
4182	1540
1234	1541
3506	1542
3954	1543
8918	1544
9091	1545
1912	1546
1577	1547
671	1548
3496	1549
2529	1550
709	1551
7284	1552
940	1553
8102	1554
9304	1555
9068	1556
8715	1557
8461	1558
797	1559
5666	1560
3087	1561
4470	1562
2915	1563
8799	1564
5563	1565
4100	1566
2743	1567
5004	1568
3140	1569
5546	1570
7664	1571
4878	1572
9645	1573
1828	1574
5992	1575
4019	1576
6738	1577
8159	1578
8446	1579
416	1580
6639	1581
2259	1582
7490	1583
5079	1584
5322	1585
4419	1586
2695	1587
9674	1588
6108	1589
6724	1590
6427	1591
3489	1592
6918	1593
9669	1594
615	1595
2659	1596
7432	1597
6953	1598
3613	1599
2045	1600
5771	1601
1845	1602
9007	1603
6840	1604
7168	1605
9330	1606
4317	1607
6	1608
8452	1609
8518	1610
3993	1611
8020	1612
5553	1613
5638	1614
8213	1615
1191	1616
3354	1617
7436	1618
2540	1619
4312	1620
3657	1621
796	1622
72	1623
7982	1624
3795	1625
5248	1626
6385	1627
6303	1628
6041	1629
3802	1630
4861	1631
6237	1632
9693	1633
2153	1634
4090	1635
1079	1636
1117	1637
335	1638
3107	1639
9420	1640
2498	1641
2584	1642
3859	1643
9276	1644
5426	1645
8870	1646
7218	1647
9387	1648
3961	1649
7273	1650
5160	1651
315	1652
5099	1653
1664	1654
9010	1655
1275	1656
27	1657
2725	1658
1252	1659
5945	1660
5774	1661
3061	1662
3095	1663
299	1664
3436	1665
4874	1666
3443	1667
5691	1668
2822	1669
835	1670
4244	1671
1310	1672
8194	1673
1786	1674
43	1675
140	1676
5943	1677
6867	1678
537	1679
8590	1680
8712	1681
7702	1682
5024	1683
6003	1684
4144	1685
5719	1686
4653	1687
7755	1688
1891	1689
4711	1690
815	1691
5169	1692
1041	1693
5627	1694
8425	1695
6213	1696
2601	1697
1731	1698
14	1699
4116	1700
1947	1701
3805	1702
8957	1703
7872	1704
4644	1705
628	1706
4967	1707
164	1708
3694	1709
3157	1710
6683	1711
8884	1712
4905	1713
6913	1714
7381	1715
922	1716
1647	1717
6248	1718
3159	1719
2136	1720
7276	1721
6478	1722
4648	1723
5620	1724
4454	1725
1348	1726
1711	1727
613	1728
6401	1729
3120	1730
481	1731
8031	1732
1698	1733
4	1734
6366	1735
2528	1736
536	1737
2921	1738
165	1739
4348	1740
686	1741
6332	1742
4183	1743
2931	1744
1231	1745
688	1746
8972	1747
1529	1748
4928	1749
3956	1750
10	1751
6320	1752
6460	1753
3963	1754
9440	1755
7575	1756
6750	1757
3197	1758
5319	1759
4918	1760
9151	1761
8060	1762
5559	1763
3845	1764
3153	1765
8907	1766
9355	1767
2273	1768
5903	1769
4533	1770
9162	1771
7194	1772
2108	1773
7604	1774
6870	1775
1954	1776
3417	1777
8882	1778
570	1779
5818	1780
1143	1781
2827	1782
86	1783
2316	1784
281	1785
7290	1786
656	1787
1416	1788
6056	1789
7382	1790
7591	1791
8565	1792
5710	1793
9083	1794
1057	1795
8003	1796
9615	1797
8417	1798
5936	1799
8289	1800
1228	1801
3479	1802
8733	1803
7974	1804
2146	1805
6614	1806
6825	1807
2875	1808
8698	1809
1090	1810
5483	1811
8801	1812
425	1813
6921	1814
3810	1815
6273	1816
6098	1817
741	1818
9663	1819
6254	1820
9230	1821
1025	1822
6045	1823
6088	1824
2075	1825
5590	1826
4189	1827
2219	1828
9035	1829
6345	1830
6943	1831
7366	1832
2489	1833
4679	1834
7067	1835
6379	1836
8086	1837
5364	1838
9101	1839
3856	1840
2055	1841
6817	1842
7956	1843
4124	1844
6948	1845
1347	1846
201	1847
895	1848
9523	1849
9133	1850
8998	1851
2691	1852
9641	1853
5335	1854
17	1855
3695	1856
7505	1857
9048	1858
7958	1859
8496	1860
9712	1861
6782	1862
4579	1863
1427	1864
2869	1865
4364	1866
5794	1867
7344	1868
1578	1869
2058	1870
3900	1871
9563	1872
7696	1873
5549	1874
4307	1875
6910	1876
4455	1877
3957	1878
5604	1879
6685	1880
4255	1881
3116	1882
9315	1883
6221	1884
8364	1885
8739	1886
7286	1887
4397	1888
3238	1889
7455	1890
3388	1891
2186	1892
7371	1893
8780	1894
576	1895
9488	1896
1365	1897
7772	1898
6620	1899
6437	1900
2432	1901
5541	1902
4023	1903
8958	1904
2793	1905
6326	1906
8929	1907
2615	1908
8491	1909
186	1910
9587	1911
902	1912
4099	1913
1355	1914
6137	1915
1147	1916
4042	1917
8158	1918
4241	1919
327	1920
3230	1921
7104	1922
6500	1923
3633	1924
7236	1925
5126	1926
5036	1927
3397	1928
3240	1929
3814	1930
5124	1931
6171	1932
3875	1933
4751	1934
8070	1935
9382	1936
230	1937
459	1938
1680	1939
6981	1940
8036	1941
2282	1942
9001	1943
6742	1944
9562	1945
1520	1946
4091	1947
1568	1948
2005	1949
7357	1950
5964	1951
2592	1952
1583	1953
3321	1954
5976	1955
2891	1956
4491	1957
645	1958
638	1959
7058	1960
6936	1961
687	1962
116	1963
9217	1964
6392	1965
5200	1966
8512	1967
4683	1968
5284	1969
2155	1970
1052	1971
5877	1972
306	1973
3538	1974
1393	1975
2440	1976
112	1977
6664	1978
9055	1979
7006	1980
6178	1981
1174	1982
6347	1983
9589	1984
6340	1985
8290	1986
966	1987
8840	1988
4819	1989
3223	1990
7051	1991
200	1992
8695	1993
659	1994
3540	1995
3251	1996
5117	1997
2376	1998
7086	1999
4612	2000
1836	2001
8252	2002
7826	2003
6	2004
934	2005
5770	2006
3576	2007
1170	2008
3268	2009
5015	2010
3508	2011
1681	2012
9157	2013
5782	2014
433	2015
6800	2016
995	2017
6280	2018
2653	2019
11	2020
3040	2021
274	2022
2710	2023
7136	2024
1515	2025
9198	2026
4154	2027
5423	2028
6331	2029
7223	2030
2933	2031
141	2032
1867	2033
522	2034
3322	2035
3972	2036
6499	2037
5660	2038
7831	2039
6324	2040
6861	2041
1105	2042
7771	2043
1709	2044
1378	2045
8231	2046
2616	2047
8883	2048
746	2049
5414	2050
4666	2051
9102	2052
4035	2053
6896	2054
3320	2055
9095	2056
4462	2057
2672	2058
5294	2059
1412	2060
7281	2061
5129	2062
7219	2063
2355	2064
9028	2065
1130	2066
2934	2067
2745	2068
161	2069
2856	2070
5342	2071
642	2072
647	2073
4072	2074
4055	2075
2375	2076
1930	2077
5982	2078
3188	2079
7027	2080
7001	2081
4228	2082
4386	2083
880	2084
3422	2085
1718	2086
4016	2087
9414	2088
9410	2089
948	2090
729	2091
8410	2092
8515	2093
4583	2094
2154	2095
3955	2096
3078	2097
125	2098
4627	2099
8989	2100
3702	2101
4625	2102
1547	2103
2495	2104
5054	2105
4350	2106
5966	2107
5168	2108
7208	2109
3165	2110
1282	2111
8063	2112
8064	2113
2794	2114
3836	2115
3595	2116
4128	2117
3117	2118
4404	2119
5309	2120
836	2121
4184	2122
4985	2123
4250	2124
9235	2125
6937	2126
950	2127
5883	2128
149	2129
159	2130
3148	2131
6049	2132
1797	2133
8398	2134
1720	2135
6624	2136
7558	2137
31	2138
3738	2139
7502	2140
6928	2141
6797	2142
1462	2143
147	2144
3847	2145
2788	2146
5950	2147
1523	2148
7456	2149
6680	2150
2413	2151
4545	2152
8519	2153
3027	2154
5297	2155
8117	2156
6681	2157
1639	2158
9264	2159
4689	2160
86	2161
2423	2162
1155	2163
4096	2164
9288	2165
1542	2166
5938	2167
2167	2168
252	2169
3012	2170
3887	2171
3746	2172
2366	2173
7004	2174
5595	2175
9542	2176
5754	2177
52	2178
931	2179
7	2180
1745	2181
4777	2182
524	2183
3218	2184
4464	2185
7198	2186
6362	2187
1225	2188
518	2189
2239	2190
955	2191
6540	2192
6265	2193
3933	2194
4624	2195
9245	2196
73	2197
6904	2198
3518	2199
6035	2200
207	2201
5282	2202
8192	2203
9526	2204
6022	2205
658	2206
3717	2207
3728	2208
4294	2209
7934	2210
1075	2211
822	2212
6075	2213
3787	2214
855	2215
3650	2216
3806	2217
226	2218
4750	2219
3235	2220
9138	2221
5074	2222
1443	2223
145	2224
5862	2225
2442	2226
5366	2227
5435	2228
805	2229
8761	2230
2110	2231
1076	2232
5887	2233
3978	2234
4336	2235
9229	2236
2306	2237
5498	2238
8443	2239
684	2240
6768	2241
890	2242
4450	2243
6687	2244
5493	2245
1127	2246
7182	2247
1624	2248
1595	2249
2294	2250
221	2251
2213	2252
1676	2253
5444	2254
3720	2255
405	2256
6834	2257
4451	2258
2290	2259
6723	2260
5204	2261
5832	2262
470	2263
9639	2264
3623	2265
7419	2266
3986	2267
8433	2268
5032	2269
5417	2270
3807	2271
6826	2272
1270	2273
7852	2274
9602	2275
287	2276
6713	2277
1305	2278
4300	2279
8580	2280
5075	2281
284	2282
4856	2283
6863	2284
8765	2285
717	2286
4333	2287
8760	2288
2004	2289
7152	2290
3254	2291
8381	2292
242	2293
3171	2294
3744	2295
4435	2296
4934	2297
2593	2298
168	2299
1633	2300
7196	2301
1440	2302
8616	2303
1013	2304
1	2305
4941	2306
5568	2307
535	2308
5829	2309
3119	2310
6542	2311
8454	2312
4115	2313
3737	2314
1960	2315
6410	2316
5276	2317
71	2318
5095	2319
603	2320
429	2321
2858	2322
5154	2323
2354	2324
3006	2325
4265	2326
551	2327
8962	2328
8696	2329
1806	2330
46	2331
8208	2332
8731	2333
5206	2334
791	2335
6185	2336
3692	2337
5334	2338
7780	2339
8275	2340
3177	2341
4734	2342
790	2343
6488	2344
8581	2345
1890	2346
7636	2347
4542	2348
5884	2349
5134	2350
352	2351
3367	2352
3236	2353
5011	2354
9159	2355
5209	2356
7903	2357
1219	2358
2220	2359
7918	2360
450	2361
8602	2362
2360	2363
8441	2364
8334	2365
8358	2366
8748	2367
7857	2368
7592	2369
7547	2370
391	2371
1618	2372
4921	2373
7160	2374
79	2375
118	2376
7992	2377
6666	2378
6077	2379
9689	2380
7339	2381
5	2382
5257	2383
228	2384
2048	2385
7601	2386
2201	2387
3348	2388
81	2389
2859	2390
1888	2391
8361	2392
5680	2393
2149	2394
1051	2395
1268	2396
384	2397
6036	2398
6843	2399
247	2400
9437	2401
8092	2402
618	2403
6590	2404
6205	2405
6463	2406
2335	2407
1216	2408
4577	2409
1785	2410
5668	2411
3554	2412
4155	2413
1212	2414
990	2415
9205	2416
6534	2417
8494	2418
8058	2419
2148	2420
1299	2421
5215	2422
8101	2423
1803	2424
142	2425
727	2426
612	2427
6929	2428
4503	2429
1092	2430
6954	2431
1213	2432
5846	2433
8023	2434
1504	2435
5543	2436
7827	2437
1034	2438
8096	2439
4744	2440
993	2441
475	2442
750	2443
8639	2444
5106	2445
1597	2446
8098	2447
7329	2448
5246	2449
119	2450
9507	2451
6847	2452
3275	2453
2054	2454
5628	2455
3374	2456
3174	2457
3144	2458
9607	2459
2391	2460
3877	2461
8992	2462
5437	2463
2715	2464
9118	2465
1070	2466
5813	2467
6755	2468
3470	2469
486	2470
3258	2471
4705	2472
5171	2473
7311	2474
8938	2475
7559	2476
2572	2477
9196	2478
5226	2479
8052	2480
1063	2481
4258	2482
8587	2483
1477	2484
7064	2485
7539	2486
550	2487
1307	2488
5259	2489
3458	2490
3731	2491
7732	2492
6068	2493
3074	2494
5008	2495
6824	2496
1632	2497
2175	2498
8426	2499
1780	2500
3607	2501
5897	2502
1704	2503
1055	2504
682	2505
5122	2506
6895	2507
8891	2508
8865	2509
5797	2510
418	2511
1655	2512
7970	2513
623	2514
6663	2515
447	2516
988	2517
7721	2518
3615	2519
1863	2520
1442	2521
8238	2522
1527	2523
3586	2524
5587	2525
532	2526
3926	2527
4484	2528
2964	2529
8264	2530
9096	2531
3247	2532
6740	2533
6799	2534
3113	2535
8451	2536
697	2537
7832	2538
6225	2539
2595	2540
9739	2541
122	2542
7786	2543
3974	2544
1678	2545
1054	2546
8449	2547
7091	2548
3168	2549
2379	2550
1454	2551
6915	2552
5235	2553
4112	2554
223	2555
558	2556
1642	2557
2011	2558
773	2559
9438	2560
1811	2561
9242	2562
6453	2563
7428	2564
2063	2565
7825	2566
4565	2567
3413	2568
2046	2569
3101	2570
7847	2571
499	2572
8539	2573
2588	2574
3483	2575
8805	2576
6179	2577
1538	2578
6956	2579
7297	2580
7745	2581
4610	2582
6613	2583
9167	2584
4311	2585
8656	2586
182	2587
2640	2588
3711	2589
8089	2590
7788	2591
4657	2592
2380	2593
1871	2594
7476	2595
7207	2596
6449	2597
3611	2598
314	2599
187	2600
839	2601
677	2602
6218	2603
1455	2604
1854	2605
8700	2606
3645	2607
5998	2608
180	2609
2050	2610
8839	2611
7449	2612
6197	2613
3800	2614
3289	2615
4260	2616
4546	2617
3146	2618
2263	2619
5348	2620
5663	2621
508	2622
9463	2623
4615	2624
9220	2625
6102	2626
7951	2627
8837	2628
2337	2629
318	2630
3735	2631
7247	2632
3739	2633
3632	2634
3228	2635
7165	2636
8875	2637
4852	2638
8773	2639
2938	2640
2831	2641
6393	2642
3797	2643
1784	2644
4673	2645
8114	2646
7470	2647
833	2648
7395	2649
4366	2650
8975	2651
9064	2652
341	2653
3046	2654
3510	2655
4996	2656
1749	2657
1724	2658
6498	2659
5616	2660
3770	2661
5145	2662
3574	2663
8490	2664
227	2665
4793	2666
568	2667
1537	2668
7195	2669
7706	2670
7299	2671
1817	2672
123	2673
714	2674
3756	2675
5140	2676
3588	2677
5072	2678
4413	2679
6123	2680
7359	2681
8768	2682
829	2683
7945	2684
5228	2685
3791	2686
8901	2687
866	2688
5269	2689
8830	2690
2394	2691
2646	2692
5216	2693
4622	2694
4843	2695
757	2696
4239	2697
7340	2698
1019	2699
6629	2700
4105	2701
5240	2702
4436	2703
1215	2704
3190	2705
7743	2706
4148	2707
4939	2708
4589	2709
3766	2710
1830	2711
6106	2712
2511	2713
3752	2714
3206	2715
1330	2716
3678	2717
998	2718
8867	2719
3133	2720
3372	2721
762	2722
2117	2723
219	2724
2324	2725
6626	2726
6862	2727
5700	2728
5107	2729
203	2730
707	2731
8151	2732
6790	2733
1573	2734
7024	2735
9206	2736
4853	2737
3714	2738
2920	2739
91	2740
2852	2741
326	2742
4973	2743
2438	2744
3325	2745
6962	2746
5756	2747
3396	2748
5893	2749
2334	2750
7318	2751
3302	2752
5713	2753
2976	2754
193	2755
4439	2756
466	2757
1799	2758
4224	2759
1872	2760
7186	2761
8218	2762
6865	2763
2433	2764
145	2765
7409	2766
5834	2767
6053	2768
8604	2769
472	2770
6585	2771
2524	2772
1800	2773
7192	2774
1142	2775
9199	2776
6044	2777
7156	2778
7478	2779
9496	2780
9122	2781
7002	2782
386	2783
2203	2784
55	2785
7926	2786
3868	2787
2016	2788
8073	2789
8162	2790
6914	2791
3648	2792
430	2793
295	2794
6486	2795
2194	2796
4838	2797
1673	2798
2467	2799
8794	2800
2842	2801
6017	2802
2484	2803
3255	2804
5138	2805
8188	2806
5962	2807
6806	2808
4495	2809
7256	2810
2249	2811
2246	2812
9413	2813
7279	2814
446	2815
189	2816
7715	2817
308	2818
48	2819
6242	2820
2945	2821
9134	2822
4799	2823
6702	2824
8924	2825
224	2826
3968	2827
8261	2828
4285	2829
1399	2830
6810	2831
7479	2832
266	2833
6901	2834
6927	2835
1202	2836
7171	2837
7986	2838
6210	2839
5346	2840
595	2841
8099	2842
4267	2843
7555	2844
2320	2845
1024	2846
4073	2847
4762	2848
34	2849
7107	2850
4139	2851
1896	2852
5735	2853
5905	2854
8586	2855
16	2856
171	2857
2088	2858
1672	2859
4727	2860
6803	2861
7277	2862
1424	2863
8783	2864
4166	2865
3522	2866
4760	2867
6046	2868
7742	2869
4708	2870
3419	2871
9592	2872
6160	2873
879	2874
3888	2875
754	2876
5835	2877
2830	2878
9062	2879
2709	2880
8429	2881
1238	2882
7622	2883
641	2884
1182	2885
172	2886
3523	2887
492	2888
2910	2889
1815	2890
695	2891
160	2892
5560	2893
1276	2894
206	2895
2462	2896
5281	2897
7995	2898
3703	2899
7023	2900
1436	2901
9643	2902
7235	2903
2521	2904
3126	2905
164	2906
9561	2907
9247	2908
7229	2909
759	2910
5000	2911
8820	2912
8222	2913
3722	2914
7705	2915
4851	2916
185	2917
8660	2918
8612	2919
7842	2920
74	2921
3880	2922
706	2923
8484	2924
9321	2925
5875	2926
6408	2927
7022	2928
3143	2929
8573	2930
5387	2931
2340	2932
8028	2933
1644	2934
5484	2935
1737	2936
7546	2937
8684	2938
8621	2939
794	2940
4202	2941
2477	2942
1943	2943
2453	2944
1918	2945
557	2946
9655	2947
2544	2948
3934	2949
6422	2950
5888	2951
6887	2952
2361	2953
1175	2954
521	2955
7441	2956
8113	2957
6601	2958
6253	2959
8501	2960
1237	2961
7057	2962
7098	2963
6655	2964
8111	2965
4639	2966
1352	2967
7565	2968
8341	2969
8732	2970
175	2971
4645	2972
193	2973
7552	2974
4104	2975
7302	2976
3652	2977
1752	2978
2139	2979
3387	2980
4313	2981
1725	2982
8017	2983
5831	2984
5851	2985
1977	2986
9439	2987
1486	2988
569	2989
7262	2990
3999	2991
6356	2992
6766	2993
6618	2994
543	2995
3359	2996
6021	2997
8831	2998
14	2999
5769	3000
1289	3001
2109	3002
7722	3003
3217	3004
477	3005
6949	3006
2024	3007
4743	3008
2530	3009
6822	3010
1683	3011
480	3012
8271	3013
1133	3014
2746	3015
5524	3016
8529	3017
999	3018
4149	3019
7447	3020
9618	3021
952	3022
1591	3023
5121	3024
1214	3025
1319	3026
2604	3027
4070	3028
8537	3029
7644	3030
9644	3031
783	3032
1576	3033
5286	3034
4992	3035
8770	3036
1561	3037
6795	3038
849	3039
4732	3040
5390	3041
8346	3042
5174	3043
9280	3044
5	3045
8266	3046
9234	3047
9451	3048
5082	3049
172	3050
6226	3051
4271	3052
1982	3053
7563	3054
6376	3055
4152	3056
6679	3057
5341	3058
4634	3059
5852	3060
5455	3061
2362	3062
6019	3063
4548	3064
565	3065
362	3066
4145	3067
8299	3068
2012	3069
6176	3070
7484	3071
1973	3072
229	3073
3103	3074
8283	3075
2152	3076
6502	3077
3473	3078
7060	3079
4649	3080
3139	3081
1646	3082
2701	3083
109	3084
7528	3085
7813	3086
4521	3087
2374	3088
7292	3089
2517	3090
3010	3091
3136	3092
2579	3093
7434	3094
7868	3095
5856	3096
5972	3097
2214	3098
4478	3099
7573	3100
26	3101
5029	3102
7598	3103
6214	3104
339	3105
2019	3106
4121	3107
3205	3108
6400	3109
8179	3110
105	3111
1999	3112
180	3113
171	3114
5184	3115
8751	3116
7848	3117
2711	3118
2939	3119
8323	3120
9312	3121
9597	3122
6445	3123
2988	3124
6454	3125
6043	3126
5667	3127
6417	3128
1821	3129
8680	3130
3059	3131
6127	3132
2165	3133
6646	3134
9620	3135
7142	3136
3108	3137
887	3138
5826	3139
216	3140
9635	3141
5795	3142
2071	3143
5775	3144
2837	3145
9448	3146
4932	3147
4745	3148
8803	3149
8834	3150
9564	3151
8153	3152
965	3153
6909	3154
3733	3155
181	3156
6577	3157
8949	3158
148	3159
5179	3160
65	3161
147	3162
4958	3163
2851	3164
5092	3165
5401	3166
4647	3167
293	3168
6239	3169
2881	3170
1471	3171
9006	3172
1585	3173
4802	3174
9149	3175
964	3176
7999	3177
8013	3178
6208	3179
3528	3180
4508	3181
8527	3182
158	3183
6673	3184
4396	3185
9565	3186
2382	3187
3959	3188
7572	3189
2426	3190
6641	3191
2033	3192
6890	3193
234	3194
8040	3195
9244	3196
3927	3197
3353	3198
4363	3199
6776	3200
1831	3201
1563	3202
8015	3203
2252	3204
7122	3205
7529	3206
5531	3207
6556	3208
7157	3209
9327	3210
2795	3211
7837	3212
5488	3213
7007	3214
6998	3215
5827	3216
4287	3217
6344	3218
9292	3219
485	3220
6190	3221
5503	3222
2801	3223
1742	3224
6329	3225
770	3226
8330	3227
5891	3228
3041	3229
1567	3230
2245	3231
9148	3232
5301	3233
3340	3234
5090	3235
6421	3236
3908	3237
96	3238
9239	3239
4795	3240
3841	3241
1998	3242
2635	3243
3379	3244
6407	3245
7894	3246
6607	3247
2251	3248
7633	3249
2890	3250
7841	3251
1134	3252
5664	3253
1364	3254
1748	3255
6018	3256
644	3257
7295	3258
7043	3259
5585	3260
8078	3261
6069	3262
5050	3263
2310	3264
56	3265
701	3266
5005	3267
5704	3268
7864	3269
1608	3270
4516	3271
7777	3272
8272	3273
7129	3274
3619	3275
1264	3276
3730	3277
5007	3278
1315	3279
8673	3280
340	3281
6729	3282
2370	3283
9031	3284
3680	3285
5589	3286
8339	3287
6193	3288
1012	3289
2559	3290
6640	3291
408	3292
1100	3293
7530	3294
44	3295
3172	3296
7362	3297
3846	3298
3930	3299
8552	3300
1032	3301
3906	3302
3675	3303
601	3304
523	3305
2081	3306
8881	3307
949	3308
1696	3309
1880	3310
5265	3311
7581	3312
487	3313
9671	3314
9492	3315
9252	3316
8184	3317
2733	3318
751	3319
1173	3320
1137	3321
4929	3322
5737	3323
7454	3324
5709	3325
982	3326
6551	3327
8702	3328
9481	3329
2775	3330
6608	3331
1284	3332
167	3333
9428	3334
8343	3335
8919	3336
7458	3337
3938	3338
7106	3339
9299	3340
2241	3341
1901	3342
4900	3343
886	3344
9105	3345
6952	3346
4718	3347
3886	3348
78	3349
1641	3350
7303	3351
5300	3352
9510	3353
1160	3354
184	3355
2170	3356
8521	3357
6156	3358
8394	3359
3599	3360
5098	3361
7599	3362
8183	3363
2464	3364
7095	3365
1222	3366
2142	3367
3539	3368
5445	3369
99	3370
7658	3371
3100	3372
4522	3373
4593	3374
7099	3375
3274	3376
5194	3377
8968	3378
4537	3379
8200	3380
1344	3381
6191	3382
6957	3383
9714	3384
80	3385
376	3386
2205	3387
646	3388
2368	3389
9266	3390
9314	3391
4564	3392
4571	3393
8127	3394
5602	3395
6770	3396
369	3397
7059	3398
8379	3399
6383	3400
6636	3401
9466	3402
5600	3403
6920	3404
1324	3405
5784	3406
4704	3407
7496	3408
8851	3409
2671	3410
399	3411
7367	3412
2172	3413
6166	3414
3445	3415
7789	3416
5575	3417
7008	3418
4198	3419
130	3420
389	3421
7719	3422
2992	3423
4509	3424
9571	3425
6833	3426
8448	3427
5569	3428
9676	3429
3313	3430
7796	3431
4655	3432
6322	3433
1383	3434
8307	3435
5	3436
110	3437
47	3438
8499	3439
8324	3440
947	3441
3896	3442
7891	3443
6159	3444
1431	3445
9403	3446
6014	3447
2574	3448
4758	3449
1825	3450
8538	3451
2737	3452
1525	3453
1337	3454
3782	3455
8676	3456
1599	3457
8105	3458
4151	3459
7640	3460
8540	3461
1593	3462
1932	3463
267	3464
6774	3465
9378	3466
4809	3467
5238	3468
9232	3469
7955	3470
8513	3471
8532	3472
207	3473
2573	3474
2772	3475
2575	3476
8781	3477
9480	3478
7585	3479
1118	3480
1009	3481
9406	3482
5283	3483
7570	3484
7899	3485
3862	3486
9097	3487
8802	3488
7134	3489
1622	3490
2922	3491
6535	3492
9419	3493
8298	3494
7105	3495
5540	3496
2283	3497
7630	3498
6711	3499
9018	3500
8686	3501
5304	3502
6259	3503
8149	3504
7634	3505
3291	3506
2406	3507
7029	3508
3991	3509
1869	3510
1180	3511
5904	3512
5598	3513
3812	3514
3468	3515
7797	3516
7556	3517
1363	3518
1181	3519
7657	3520
8694	3521
8057	3522
9680	3523
1418	3524
4172	3525
6249	3526
7582	3527
6338	3528
7938	3529
8230	3530
716	3531
3975	3532
6690	3533
892	3534
316	3535
9115	3536
7401	3537
3639	3538
3914	3539
4801	3540
8407	3541
3346	3542
1661	3543
4535	3544
9056	3545
997	3546
8829	3547
4877	3548
1481	3549
3098	3550
7928	3551
3315	3552
2321	3553
1881	3554
4617	3555
2564	3556
7819	3557
2814	3558
7148	3559
1801	3560
7947	3561
4740	3562
761	3563
9405	3564
6917	3565
8911	3566
1530	3567
8177	3568
5135	3569
7623	3570
4059	3571
163	3572
7959	3573
4881	3574
2617	3575
7462	3576
112	3577
3298	3578
4804	3579
5278	3580
5070	3581
9731	3582
6788	3583
3204	3584
354	3585
9172	3586
5548	3587
5267	3588
4911	3589
7317	3590
390	3591
1514	3592
1280	3593
8809	3594
3453	3595
8846	3596
8000	3597
4420	3598
7030	3599
4076	3600
591	3601
6603	3602
9445	3603
636	3604
8734	3605
7343	3606
5558	3607
6754	3608
3786	3609
4696	3610
2974	3611
4636	3612
3916	3613
4676	3614
9650	3615
8663	3616
5955	3617
4052	3618
121	3619
4065	3620
2373	3621
8561	3622
2130	3623
5419	3624
6777	3625
4097	3626
9344	3627
9250	3628
9400	3629
8567	3630
8793	3631
134	3632
2941	3633
1772	3634
7919	3635
6204	3636
5350	3637
5624	3638
17	3639
5653	3640
2443	3641
6374	3642
68	3643
4997	3644
6450	3645
2121	3646
5167	3647
9649	3648
6336	3649
5900	3650
4826	3651
2500	3652
2930	3653
1906	3654
163	3655
5755	3656
183	3657
624	3658
6827	3659
4033	3660
5952	3661
4808	3662
7379	3663
30	3664
1403	3665
8308	3666
1705	3667
1480	3668
5268	3669
300	3670
7201	3671
1957	3672
7909	3673
3671	3674
2764	3675
107	3676
5327	3677
3260	3678
5080	3679
1472	3680
5828	3681
126	3682
4453	3683
4428	3684
3401	3685
4768	3686
26	3687
2429	3688
3767	3689
3816	3690
4083	3691
1609	3692
6103	3693
6300	3694
3334	3695
3057	3696
3161	3697
6425	3698
7725	3699
8370	3700
103	3701
10	3702
4318	3703
2297	3704
905	3705
3167	3706
1876	3707
2480	3708
9073	3709
4888	3710
7621	3711
5885	3712
876	3713
6235	3714
2143	3715
6397	3716
2417	3717
3910	3718
7886	3719
4668	3720
7536	3721
9511	3722
7576	3723
52	3724
5440	3725
6521	3726
1948	3727
7431	3728
1645	3729
2590	3730
3208	3731
2642	3732
2399	3733
8642	3734
6836	3735
4999	3736
6984	3737
6040	3738
5632	3739
2086	3740
1586	3741
8125	3742
8185	3743
6298	3744
2846	3745
3811	3746
2602	3747
6384	3748
6402	3749
5464	3750
6424	3751
4101	3752
4526	3753
9306	3754
7944	3755
9638	3756
7402	3757
1988	3758
614	3759
1671	3760
6423	3761
6444	3762
5944	3763
4025	3764
9395	3765
7625	3766
94	3767
4095	3768
3895	3769
8906	3770
5224	3771
843	3772
2020	3773
8759	3774
2999	3775
6060	3776
2332	3777
97	3778
4663	3779
2862	3780
5656	3781
5033	3782
3779	3783
8310	3784
7596	3785
5715	3786
2018	3787
9214	3788
7282	3789
3485	3790
5859	3791
9421	3792
8701	3793
3036	3794
7100	3795
5512	3796
6124	3797
6175	3798
7987	3799
4401	3800
152	3801
4609	3802
1102	3803
3050	3804
6143	3805
209	3806
867	3807
1296	3808
3297	3809
5671	3810
3567	3811
6778	3812
7869	3813
1428	3814
912	3815
2315	3816
2288	3817
6466	3818
1036	3819
4562	3820
278	3821
4286	3822
1331	3823
7383	3824
4706	3825
7697	3826
3075	3827
4114	3828
3163	3829
44	3830
6101	3831
9707	3832
527	3833
5014	3834
4756	3835
9392	3836
40	3837
6414	3838
2178	3839
8737	3840
8486	3841
9736	3842
5896	3843
2272	3844
7884	3845
179	3846
538	3847
2660	3848
364	3849
2356	3850
763	3851
2644	3852
3971	3853
9336	3854
9411	3855
7258	3856
1388	3857
197	3858
7514	3859
3162	3860
9339	3861
13	3862
4955	3863
8703	3864
1053	3865
4069	3866
29	3867
4407	3868
9120	3869
8531	3870
7578	3871
3434	3872
2068	3873
2630	3874
2707	3875
8251	3876
1835	3877
5760	3878
6885	3879
7170	3880
2770	3881
5255	3882
5245	3883
2162	3884
1637	3885
4904	3886
2450	3887
813	3888
8826	3889
9513	3890
2685	3891
3533	3892
254	3893
13	3894
4349	3895
2557	3896
5409	3897
5239	3898
8412	3899
4268	3900
9494	3901
2778	3902
4460	3903
7336	3904
5913	3905
165	3906
151	3907
363	3908
1334	3909
3055	3910
8366	3911
3742	3912
5924	3913
7151	3914
2235	3915
5817	3916
21	3917
8869	3918
3226	3919
7649	3920
64	3921
8664	3922
8293	3923
23	3924
3277	3925
4916	3926
1203	3927
7011	3928
4103	3929
3967	3930
4836	3931
4818	3932
6313	3933
2456	3934
3003	3935
3778	3936
9384	3937
8164	3938
6151	3939
225	3940
7689	3941
8074	3942
7242	3943
7143	3944
6660	3945
5772	3946
2655	3947
6751	3948
5021	3949
8356	3950
4741	3951
7285	3952
6406	3953
7714	3954
440	3955
6318	3956
3594	3957
3689	3958
7949	3959
8077	3960
587	3961
7522	3962
5725	3963
6419	3964
132	3965
413	3966
6456	3967
6839	3968
263	3969
6047	3970
6854	3971
6697	3972
6600	3973
2706	3974
199	3975
1379	3976
7020	3977
4817	3978
1911	3979
8668	3980
6269	3981
393	3982
6465	3983
8892	3984
6009	3985
7677	3986
392	3987
9106	3988
9023	3989
6558	3990
4383	3991
6355	3992
4513	3993
4731	3994
5956	3995
194	3996
9700	3997
2307	3998
812	3999
817	4000
7507	4001
8585	4002
9398	4003
6261	4004
9576	4005
4580	4006
8135	4007
6969	4008
6364	4009
3995	4010
6541	4011
6493	4012
7397	4013
5084	4014
7323	4015
8854	4016
2115	4017
9124	4018
2274	4019
831	4020
9628	4021
6868	4022
996	4023
8873	4024
100	4025
8437	4026
2998	4027
4479	4028
3316	4029
6635	4030
845	4031
2174	4032
3207	4033
4329	4034
1208	4035
4324	4036
2044	4037
361	4038
5861	4039
8852	4040
2718	4041
1730	4042
4603	4043
2196	4044
8723	4045
2702	4046
5975	4047
6736	4048
2200	4049
4490	4050
2956	4051
6285	4052
8130	4053
6236	4054
9696	4055
1993	4056
8915	4057
9342	4058
7776	4059
5127	4060
6346	4061
4841	4062
3214	4063
7766	4064
1840	4065
848	4066
5705	4067
4520	4068
3037	4069
1865	4070
138	4071
3566	4072
7738	4073
5738	4074
3433	4075
3259	4076
39	4077
150	4078
3772	4079
920	4080
1382	4081
5878	4082
8014	4083
2534	4084
7815	4085
3585	4086
7846	4087
6656	4088
5807	4089
3299	4090
400	4091
2944	4092
5776	4093
9045	4094
2435	4095
5343	4096
3093	4097
9161	4098
6203	4099
4813	4100
4270	4101
4646	4102
4596	4103
9578	4104
60	4105
1369	4106
3682	4107
3127	4108
4010	4109
3141	4110
7905	4111
1923	4112
501	4113
3646	4114
5077	4115
1706	4116
5474	4117
8544	4118
7320	4119
1565	4120
3147	4121
4357	4122
6038	4123
5659	4124
4820	4125
4984	4126
4543	4127
8824	4128
9188	4129
8080	4130
3109	4131
4003	4132
7787	4133
1660	4134
5953	4135
107	4136
3524	4137
696	4138
2233	4139
2428	4140
3980	4141
2565	4142
798	4143
6805	4144
8396	4145
5882	4146
2570	4147
5222	4148
38	4149
5247	4150
4729	4151
7405	4152
3414	4153
4867	4154
5681	4155
1014	4156
3484	4157
924	4158
2007	4159
2502	4160
5812	4161
8856	4162
3878	4163
1736	4164
8755	4165
9200	4166
2919	4167
8566	4168
7680	4169
5418	4170
8245	4171
7306	4172
1250	4173
4351	4174
2190	4175
6733	4176
9219	4177
184	4178
3475	4179
5345	4180
220	4181
3461	4182
6794	4183
8145	4184
4866	4185
7179	4186
3001	4187
3976	4188
2665	4189
3796	4190
6467	4191
1248	4192
2614	4193
785	4194
781	4195
9063	4196
4290	4197
6353	4198
3410	4199
1581	4200
6997	4201
1370	4202
7115	4203
2034	4204
7544	4205
239	4206
1944	4207
6507	4208
5591	4209
6955	4210
7866	4211
1407	4212
596	4213
1812	4214
5557	4215
7631	4216
9366	4217
826	4218
1474	4219
2169	4220
7126	4221
8808	4222
7554	4223
7885	4224
9356	4225
5720	4226
4085	4227
1931	4228
9679	4229
2229	4230
4512	4231
204	4232
8038	4233
2171	4234
111	4235
4281	4236
6876	4237
153	4238
2138	4239
712	4240
838	4241
932	4242
173	4243
8182	4244
2124	4245
1492	4246
1029	4247
9626	4248
7799	4249
2729	4250
42	4251
1627	4252
9516	4253
150	4254
5824	4255
5355	4256
8018	4257
7069	4258
7916	4259
3155	4260
8898	4261
7445	4262
6334	4263
2271	4264
8905	4265
7907	4266
219	4267
3364	4268
7088	4269
5495	4270
35	4271
9043	4272
2496	4273
5930	4274
2912	4275
9380	4276
8503	4277
9165	4278
70	4279
2293	4280
1813	4281
3492	4282
5130	4283
9178	4284
8551	4285
6025	4286
2267	4287
12	4288
1466	4289
63	4290
2555	4291
2446	4292
7446	4293
115	4294
1779	4295
9567	4296
4669	4297
9300	4298
8097	4299
5478	4300
1164	4301
4378	4302
2656	4303
7042	4304
5931	4305
3946	4306
9164	4307
2527	4308
5703	4309
279	4310
2437	4311
8920	4312
200	4313
1441	4314
5728	4315
1983	4316
5603	4317
4071	4318
2357	4319
2349	4320
6814	4321
1898	4322
1656	4323
2085	4324
8338	4325
3180	4326
2932	4327
377	4328
592	4329
5316	4330
5519	4331
6583	4332
5156	4333
5989	4334
460	4335
9424	4336
2185	4337
7231	4338
473	4339
598	4340
6961	4341
1478	4342
7108	4343
4922	4344
3349	4345
7497	4346
4493	4347
2378	4348
6793	4349
2414	4350
5767	4351
8357	4352
3529	4353
5844	4354
1263	4355
1510	4356
7762	4357
7661	4358
4767	4359
125	4360
5395	4361
4825	4362
1446	4363
4014	4364
7525	4365
420	4366
4306	4367
579	4368
2345	4369
8825	4370
4060	4371
94	4372
4037	4373
101	4374
8534	4375
5599	4376
4739	4377
4674	4378
8613	4379
9053	4380
722	4381
4007	4382
8516	4383
3564	4384
3494	4385
5685	4386
4185	4387
5271	4388
1458	4389
7670	4390
6649	4391
4848	4392
7206	4393
4319	4394
1600	4395
9367	4396
4633	4397
2039	4398
6552	4399
9274	4400
4272	4401
2009	4402
3624	4403
2621	4404
9444	4405
3768	4406
8777	4407
1106	4408
6134	4409
6837	4410
9678	4411
2747	4412
93	4413
2873	4414
8967	4415
7538	4416
7324	4417
6479	4418
7693	4419
648	4420
3111	4421
5822	4422
4328	4423
1925	4424
1569	4425
9014	4426
5928	4427
6199	4428
5384	4429
157	4430
4168	4431
488	4432
277	4433
9119	4434
3493	4435
2893	4436
9100	4437
2899	4438
4252	4439
1082	4440
9729	4441
7737	4442
2911	4443
9170	4444
899	4445
2904	4446
799	4447
243	4448
4391	4449
4385	4450
7471	4451
7050	4452
2508	4453
7952	4454
4227	4455
8804	4456
7811	4457
5201	4458
4387	4459
6305	4460
8397	4461
7499	4462
6274	4463
1367	4464
168	4465
1108	4466
1489	4467
504	4468
2547	4469
7376	4470
1596	4471
144	4472
7135	4473
2688	4474
227	4475
8679	4476
8248	4477
5647	4478
1484	4479
5213	4480
6893	4481
9705	4482
6352	4483
1438	4484
5111	4485
8677	4486
8144	4487
6066	4488
2731	4489
8160	4490
137	4491
1058	4492
1140	4493
1827	4494
436	4495
1874	4496
6787	4497
2643	4498
4925	4499
4865	4500
9666	4501
8447	4502
8798	4503
5791	4504
775	4505
1701	4506
2070	4507
3384	4508
2734	4509
1104	4510
6592	4511
6363	4512
1928	4513
371	4514
5487	4515
5892	4516
7093	4517
4831	4518
8710	4519
9182	4520
9569	4521
811	4522
3947	4523
6696	4524
4898	4525
1302	4526
7026	4527
9489	4528
6174	4529
7330	4530
3449	4531
9260	4532
45	4533
8880	4534
9003	4535
6271	4536
7542	4537
6884	4538
8109	4539
6945	4540
8317	4541
8349	4542
554	4543
176	4544
2017	4545
1453	4546
6415	4547
6082	4548
5712	4549
126	4550
9109	4551
2797	4552
7603	4553
6063	4554
9294	4555
1559	4556
5468	4557
1940	4558
5780	4559
158	4560
1397	4561
1518	4562
3637	4563
7187	4564
201	4565
7682	4566
1210	4567
4785	4568
2849	4569
5858	4570
4438	4571
9093	4572
4029	4573
3757	4574
402	4575
4444	4576
4120	4577
8091	4578
5408	4579
8029	4580
900	4581
7993	4582
6387	4583
5485	4584
4000	4585
1693	4586
3466	4587
4796	4588
3596	4589
7167	4590
6136	4591
3431	4592
8187	4593
2909	4594
4379	4595
5097	4596
4459	4597
2180	4598
816	4599
5662	4600
915	4601
7517	4602
2828	4603
8255	4604
478	4605
4994	4606
2845	4607
6188	4608
9473	4609
8210	4610
2470	4611
4341	4612
6054	4613
2222	4614
2226	4615
6311	4616
2090	4617
8268	4618
9128	4619
8980	4620
5914	4621
2363	4622
1697	4623
5866	4624
2472	4625
8458	4626
4834	4627
8244	4628
9539	4629
5291	4630
7486	4631
5853	4632
7791	4633
1129	4634
5881	4635
8750	4636
2490	4637
1362	4638
4393	4639
3517	4640
8174	4641
3751	4642
2158	4643
8071	4644
6588	4645
2667	4646
415	4647
7824	4648
9730	4649
971	4650
2961	4651
1396	4652
3311	4653
7019	4654
4127	4655
5783	4656
6475	4657
134	4658
8994	4659
6491	4660
6570	4661
4179	4662
662	4663
5012	4664
588	4665
9692	4666
2717	4667
2330	4668
896	4669
1887	4670
2047	4671
5113	4672
3	4673
8653	4674
9723	4675
5642	4676
4038	4677
4274	4678
4297	4679
9594	4680
4048	4681
5707	4682
7429	4683
2781	4684
162	4685
3352	4686
4720	4687
4987	4688
6451	4689
4972	4690
5538	4691
6689	4692
5287	4693
6369	4694
7637	4695
6727	4696
3683	4697
883	4698
8235	4699
9308	4700
5330	4701
5039	4702
6380	4703
9295	4704
289	4705
2287	4706
6706	4707
8416	4708
7173	4709
9709	4710
2609	4711
1970	4712
4566	4713
7747	4714
8530	4715
8784	4716
3666	4717
2603	4718
9067	4719
1677	4720
170	4721
4283	4722
1279	4723
7887	4724
7602	4725
8644	4726
7444	4727
3420	4728
3798	4729
6370	4730
1864	4731
7750	4732
7188	4733
9313	4734
8267	4735
142	4736
6368	4737
5421	4738
46	4739
8693	4740
8204	4741
5396	4742
7854	4743
5241	4744
1297	4745
5002	4746
2150	4747
6252	4748
2082	4749
7798	4750
6391	4751
8033	4752
3314	4753
2537	4754
970	4755
8578	4756
3825	4757
7280	4758
348	4759
7265	4760
9740	4761
4117	4762
7822	4763
1750	4764
809	4765
2377	4766
5695	4767
5472	4768
6633	4769
5266	4770
1357	4771
8265	4772
2127	4773
5018	4774
9024	4775
841	4776
6950	4777
438	4778
458	4779
3212	4780
4433	4781
3438	4782
6234	4783
8419	4784
4400	4785
1979	4786
2469	4787
8823	4788
2647	4789
3712	4790
5889	4791
65	4792
1663	4793
7669	4794
780	4795
4581	4796
7691	4797
5577	4798
7358	4799
9386	4800
5365	4801
6889	4802
9550	4803
9	4804
3640	4805
84	4806
935	4807
5990	4808
7013	4809
6094	4810
8747	4811
507	4812
3189	4813
1986	4814
8889	4815
4937	4816
3288	4817
2475	4818
4489	4819
4742	4820
9169	4821
3996	4822
2611	4823
4887	4824
4907	4825
6084	4826
6013	4827
5196	4828
3647	4829
9174	4830
2281	4831
6333	4832
6201	4833
1204	4834
9596	4835
4108	4836
5694	4837
9293	4838
1247	4839
5053	4840
206	4841
2950	4842
505	4843
6688	4844
4017	4845
1010	4846
9598	4847
8647	4848
4192	4849
260	4850
3945	4851
4487	4852
5980	4853
6354	4854
7174	4855
863	4856
3634	4857
2080	4858
4119	4859
9662	4860
5525	4861
7717	4862
5370	4863
7467	4864
4058	4865
3948	4866
2385	4867
9025	4868
1719	4869
2025	4870
6163	4871
6067	4872
4862	4873
208	4874
7485	4875
6615	4876
4529	4877
7939	4878
5187	4879
53	4880
2598	4881
6634	4882
1141	4883
3070	4884
4474	4885
9254	4886
8525	4887
1183	4888
6763	4889
3949	4890
5716	4891
7215	4892
5456	4893
8305	4894
2937	4895
355	4896
2313	4897
11	4898
471	4899
7915	4900
4176	4901
1017	4902
4824	4903
3156	4904
5481	4905
1401	4906
6638	4907
6443	4908
7138	4909
3194	4910
2916	4911
910	4912
4638	4913
2126	4914
3869	4915
1089	4916
4506	4917
3008	4918
1763	4919
4792	4920
4443	4921
3391	4922
8197	4923
9426	4924
208	4925
1727	4926
8609	4927
824	4928
3455	4929
8476	4930
8250	4931
2507	4932
2990	4933
8568	4934
9518	4935
985	4936
3609	4937
5338	4938
4337	4939
1230	4940
2783	4941
4209	4942
4346	4943
1286	4944
8790	4945
9146	4946
8631	4947
6753	4948
7144	4949
7551	4950
5263	4951
3241	4952
3570	4953
3560	4954
4171	4955
8431	4956
8044	4957
8588	4958
1612	4959
2112	4960
5391	4961
3667	4962
3409	4963
789	4964
345	4965
1907	4966
3989	4967
2353	4968
5454	4969
6897	4970
1071	4971
5087	4972
2806	4973
8806	4974
214	4975
9050	4976
7875	4977
2897	4978
6184	4979
82	4980
179	4981
3700	4982
2512	4983
3166	4984
8304	4985
6769	4986
7457	4987
5089	4988
7036	4989
3545	4990
236	4991
3035	4992
6403	4993
4842	4994
476	4995
7863	4996
5572	4997
1975	4998
423	4999
1743	5000
4978	5001
3631	5002
2010	5003
6963	5004
8292	5005
571	5006
2542	5007
9478	5008
378	5009
6982	5010
6557	5011
7331	5012
7760	5013
611	5014
5125	5015
7181	5016
7877	5017
95	5018
8191	5019
2156	5020
7673	5021
7679	5022
5669	5023
2031	5024
8489	5025
5708	5026
4217	5027
5088	5028
4284	5029
808	5030
5031	5031
8900	5032
2303	5033
1377	5034
7984	5035
3690	5036
1459	5037
2087	5038
7066	5039
3761	5040
7698	5041
5696	5042
7784	5043
2863	5044
3710	5045
6142	5046
6198	5047
4394	5048
2985	5049
4293	5050
8658	5051
3535	5052
627	5053
2984	5054
8414	5055
8049	5056
2817	5057
370	5058
7988	5059
3743	5060
3179	5061
744	5062
4950	5063
133	5064
8727	5065
8084	5066
3676	5067
59	5068
6504	5069
8894	5070
5221	5071
1899	5072
1221	5073
434	5074
9011	5075
8931	5076
4355	5077
6441	5078
1621	5079
511	5080
4225	5081
7744	5082
6808	5083
3655	5084
9558	5085
9094	5086
7251	5087
9537	5088
3369	5089
6627	5090
9711	5091
4180	5092
8428	5093
4763	5094
8815	5095
6999	5096
2816	5097
6435	5098
5561	5099
4623	5100
9360	5101
8762	5102
4982	5103
956	5104
5392	5105
8523	5106
6388	5107
9047	5108
3952	5109
8072	5110
5424	5111
713	5112
8010	5113
7961	5114
1978	5115
8682	5116
7688	5117
2300	5118
5948	5119
7770	5120
2784	5121
1088	5122
4410	5123
5356	5124
3942	5125
4243	5126
7716	5127
9270	5128
6196	5129
7127	5130
9506	5131
6438	5132
9520	5133
5310	5134
1962	5135
6107	5136
5441	5137
5927	5138
5199	5139
1984	5140
404	5141
9651	5142
7264	5143
4167	5144
6882	5145
2197	5146
3580	5147
4885	5148
1423	5149
9135	5150
3099	5151
5532	5152
9623	5153
1974	5154
9401	5155
8119	5156
169	5157
304	5158
4854	5159
9715	5160
4662	5161
6172	5162
6866	5163
8866	5164
7836	5165
4899	5166
4703	5167
911	5168
8116	5169
1065	5170
1722	5171
1008	5172
1445	5173
8838	5174
5344	5175
8277	5176
7037	5177
3318	5178
3199	5179
4481	5180
8638	5181
2535	5182
8982	5183
735	5184
2277	5185
9686	5186
2513	5187
5324	5188
1652	5189
8816	5190
7809	5191
7513	5192
7241	5193
692	5194
6480	5195
3917	5196
3280	5197
1494	5198
2352	5199
5459	5200
1236	5201
6152	5202
7370	5203
7577	5204
4507	5205
129	5206
8791	5207
297	5208
3764	5209
3763	5210
6539	5211
141	5212
1682	5213
6343	5214
837	5215
2157	5216
453	5217
3460	5218
2762	5219
8256	5220
5436	5221
9325	5222
4949	5223
3415	5224
1734	5225
77	5226
2137	5227
8319	5228
9190	5229
3556	5230
8511	5231
18	5232
1085	5233
5258	5234
9531	5235
4971	5236
8095	5237
7351	5238
1083	5239
1084	5240
6996	5241
6823	5242
2436	5243
2328	5244
3221	5245
5026	5246
3664	5247
2674	5248
2395	5249
1074	5250
8143	5251
3500	5252
9469	5253
116	5254
7492	5255
8843	5256
6506	5257
3674	5258
6432	5259
5937	5260
6848	5261
1099	5262
8337	5263
2885	5264
5085	5265
213	5266
2995	5267
6145	5268
2403	5269
5806	5270
1829	5271
2181	5272
4598	5273
4709	5274
7389	5275
1278	5276
1207	5277
2409	5278
2113	5279
189	5280
3851	5281
8716	5282
9617	5283
2728	5284
5210	5285
3614	5286
7493	5287
2620	5288
8263	5289
5236	5290
5801	5291
6301	5292
1842	5293
823	5294
6097	5295
8006	5296
1356	5297
5768	5298
15	5299
4979	5300
5447	5301
136	5302
2714	5303
7092	5304
5351	5305
4196	5306
5961	5307
1810	5308
3699	5309
7406	5310
4500	5311
654	5312
5916	5313
3572	5314
1293	5315
7683	5316
83	5317
2554	5318
7041	5319
4988	5320
4618	5321
1021	5322
4806	5323
2894	5324
7076	5325
4496	5326
8956	5327
5918	5328
7150	5329
5970	5330
5449	5331
1162	5332
131	5333
881	5334
5277	5335
5205	5336
7709	5337
2486	5338
6295	5339
513	5340
3332	5341
4726	5342
6349	5343
50	5344
2719	5345
4299	5346
4695	5347
5292	5348
2209	5349
3462	5350
2516	5351
1714	5352
3253	5353
15	5354
7118	5355
2739	5356
7346	5357
8810	5358
1157	5359
9160	5360
8201	5361
6258	5362
108	5363
779	5364
7989	5365
6701	5366
7450	5367
1190	5368
2960	5369
4375	5370
4047	5371
2499	5372
8847	5373
4426	5374
2336	5375
2954	5376
819	5377
4897	5378
2218	5379
7954	5380
907	5381
8133	5382
2398	5383
4338	5384
1387	5385
4024	5386
2821	5387
4473	5388
667	5389
1768	5390
4591	5391
5677	5392
6978	5393
3243	5394
9079	5395
3048	5396
9040	5397
8450	5398
9688	5399
4875	5400
6121	5401
15	5402
2839	5403
5786	5404
1426	5405
928	5406
5631	5407
5020	5408
4008	5409
6846	5410
7491	5411
4134	5412
788	5413
7193	5414
8735	5415
2089	5416
2292	5417
5917	5418
7859	5419
6719	5420
9026	5421
2989	5422
8579	5423
3587	5424
6718	5425
5030	5426
9435	5427
3327	5428
6398	5429
177	5430
4143	5431
154	5432
3704	5433
3511	5434
6772	5435
951	5436
803	5437
6855	5438
8134	5439
8139	5440
238	5441
3412	5442
8233	5443
4855	5444
461	5445
2430	5446
7917	5447
3025	5448
6217	5449
1273	5450
3351	5451
4135	5452
1758	5453
2948	5454
1360	5455
509	5456
9331	5457
5326	5458
174	5459
5965	5460
7994	5461
2791	5462
8462	5463
7723	5464
5985	5465
1562	5466
2779	5467
2474	5468
1240	5469
5362	5470
8624	5471
4697	5472
9275	5473
1866	5474
6389	5475
2455	5476
344	5477
594	5478
3790	5479
8359	5480
5619	5481
1020	5482
6967	5483
6597	5484
3550	5485
3310	5486
3358	5487
3076	5488
2078	5489
7121	5490
5864	5491
7593	5492
8455	5493
1172	5494
6085	5495
1473	5496
3734	5497
7748	5498
3469	5499
8634	5500
8562	5501
98	5502
9547	5503
2350	5504
6980	5505
2056	5506
4236	5507
562	5508
3904	5509
1239	5510
5509	5511
1271	5512
4630	5513
3913	5514
5293	5515
4226	5516
9517	5517
8861	5518
8225	5519
7667	5520
2847	5521
1311	5522
3898	5523
9697	5524
5412	5525
6572	5526
7275	5527
4902	5528
6284	5529
4747	5530
2067	5531
8547	5532
7545	5533
3966	5534
4976	5535
1857	5536
4194	5537
8367	5538
6440	5539
2664	5540
9713	5541
5643	5542
9257	5543
9472	5544
3487	5545
2550	5546
6429	5547
3503	5548
412	5549
9720	5550
88	5551
7569	5552
4906	5553
1747	5554
9261	5555
9471	5556
8219	5557
5453	5558
4772	5559
7125	5560
8908	5561
1249	5562
4430	5563
5190	5564
167	5565
1969	5566
301	5567
5197	5568
133	5569
6065	5570
8161	5571
4635	5572
1631	5573
8082	5574
8390	5575
9123	5576
4779	5577
3865	5578
2424	5579
2639	5580
5726	5581
7654	5582
888	5583
852	5584
4642	5585
9556	5586
4561	5587
161	5588
5915	5589
3463	5590
7668	5591
6484	5592
3515	5593
8645	5594
9532	5595
7969	5596
752	5597
3423	5598
1121	5599
4858	5600
7648	5601
1849	5602
1885	5603
5371	5604
188	5605
6857	5606
4472	5607
6503	5608
8232	5609
578	5610
9	5611
187	5612
2844	5613
5279	5614
3375	5615
7249	5616
5381	5617
1220	5618
691	5619
503	5620
2625	5621
7278	5622
6287	5623
1965	5624
5388	5625
7983	5626
8061	5627
205	5628
3007	5629
5785	5630
127	5631
1046	5632
936	5633
8868	5634
670	5635
9412	5636
6932	5637
2613	5638
1658	5639
5702	5640
4034	5641
1097	5642
1233	5643
4304	5644
155	5645
801	5646
4159	5647
2261	5648
3032	5649
8774	5650
2240	5651
6469	5652
8608	5653
9460	5654
653	5655
7662	5656
545	5657
3169	5658
5164	5659
8348	5660
444	5661
5792	5662
6631	5663
8459	5664
758	5665
933	5666
9142	5667
6838	5668
3754	5669
2096	5670
4399	5671
2102	5672
5153	5673
2826	5674
3284	5675
1119	5676
4088	5677
3285	5678
2853	5679
6579	5680
9089	5681
4678	5682
5143	5683
7032	5684
3019	5685
7739	5686
3	5687
2111	5688
1852	5689
2404	5690
1450	5691
9345	5692
1245	5693
4026	5694
9212	5695
6434	5696
9060	5697
9416	5698
6202	5699
8166	5700
1903	5701
4710	5702
6528	5703
3242	5704
7560	5705
3884	5706
3009	5707
7044	5708
2341	5709
7979	5710
9268	5711
8388	5712
7328	5713
5463	5714
479	5715
1924	5716
5490	5717
4028	5718
4923	5719
954	5720
9332	5721
8661	5722
6951	5723
3758	5724
2264	5725
5679	5726
1933	5727
5763	5728
5460	5729
7521	5730
6468	5731
8758	5732
9171	5733
3919	5734
4931	5735
4384	5736
4289	5737
1178	5738
3052	5739
14	5740
5028	5741
118	5742
4661	5743
8181	5744
2309	5745
2177	5746
4098	5747
555	5748
8637	5749
9110	5750
9656	5751
6058	5752
5274	5753
782	5754
3170	5755
5470	5756
6960	5757
2159	5758
9005	5759
2187	5760
7448	5761
3090	5762
8681	5763
5103	5764
9361	5765
1774	5766
8594	5767
1158	5768
2736	5769
7946	5770
6050	5771
8916	5772
3267	5773
9176	5774
6010	5775
3705	5776
7413	5777
7757	5778
1625	5779
2833	5780
2062	5781
734	5782
6442	5783
6612	5784
5233	5785
6987	5786
5951	5787
1368	5788
4080	5789
6150	5790
850	5791
6538	5792
3404	5793
3370	5794
8123	5795
8032	5796
9201	5797
4977	5798
2785	5799
8093	5800
8472	5801
2704	5802
8936	5803
2838	5804
8002	5805
4195	5806
530	5807
800	5808
6628	5809
5761	5810
2286	5811
4749	5812
4248	5813
8776	5814
9223	5815
2028	5816
4175	5817
5081	5818
8960	5819
5123	5820
5264	5821
1005	5822
5378	5823
29	5824
5034	5825
8997	5826
9600	5827
9717	5828
3081	5829
6059	5830
2168	5831
4746	5832
7005	5833
152	5834
9708	5835
8509	5836
6809	5837
6878	5838
3965	5839
5128	5840
914	5841
2586	5842
7595	5843
3083	5844
6674	5845
3549	5846
1628	5847
6548	5848
8482	5849
5349	5850
827	5851
3271	5852
1375	5853
78	5854
2610	5855
2634	5856
5354	5857
2408	5858
5741	5859
2491	5860
6116	5861
3467	5862
7533	5863
6677	5864
1861	5865
5909	5866
8453	5867
6519	5868
1323	5869
9078	5870
7652	5871
4118	5872
1522	5873
1381	5874
8249	5875
6546	5876
7927	5877
6090	5878
8206	5879
6773	5880
8620	5881
104	5882
9318	5883
8434	5884
4735	5885
8104	5886
92	5887
2782	5888
2619	5889
380	5890
5506	5891
4141	5892
496	5893
8463	5894
2560	5895
7417	5896
3750	5897
6531	5898
9077	5899
4164	5900
8670	5901
72	5902
5320	5903
3	5904
5874	5905
6912	5906
9470	5907
398	5908
7835	5909
2884	5910
5115	5911
288	5912
7141	5913
30	5914
635	5915
5932	5916
5358	5917
1808	5918
5690	5919
4342	5920
4309	5921
9305	5922
9029	5923
7740	5924
2006	5925
3446	5926
9337	5927
8596	5928
6807	5929
4857	5930
5940	5931
3331	5932
6611	5933
5321	5934
5048	5935
3617	5936
7473	5937
1318	5938
6307	5939
7895	5940
2144	5941
5250	5942
230	5943
3248	5944
8199	5945
6117	5946
7460	5947
3088	5948
8008	5949
5551	5950
5571	5951
4525	5952
5855	5953
2949	5954
5622	5955
169	5956
8404	5957
6289	5958
5405	5959
7214	5960
4079	5961
4860	5962
4833	5963
1990	5964
7314	5965
4685	5966
6446	5967
1782	5968
4018	5969
1607	5970
7322	5971
1554	5972
4698	5973
9442	5974
273	5975
410	5976
8964	5977
6670	5978
7162	5979
196	5980
6458	5981
7034	5982
9107	5983
5182	5984
7726	5985
4965	5986
926	5987
5752	5988
634	5989
3830	5990
148	5991
3826	5992
2823	5993
37	5994
4650	5995
6223	5996
7685	5997
4068	5998
231	5999
4030	6000
851	6001
4974	6002
1834	6003
203	6004
6487	6005
1028	6006
8548	6007
4191	6008
5253	6009
406	6010
2678	6011
7541	6012
3281	6013
7110	6014
1218	6015
6731	6016
9377	6017
8640	6018
3067	6019
821	6020
8811	6021
36	6022
7414	6023
2786	6024
9132	6025
1333	6026
1955	6027
4538	6028
70	6029
9168	6030
9504	6031
6081	6032
1648	6033
7094	6034
1114	6035
1047	6036
4040	6037
6418	6038
8467	6039
6433	6040
5764	6041
884	6042
5740	6043
5471	6044
7487	6045
9505	6046
9298	6047
1535	6048
5759	6049
8481	6050
8352	6051
8205	6052
1636	6053
2546	6054
7724	6055
7452	6056
4788	6057
8959	6058
2390	6059
7687	6060
1336	6061
2101	6062
6168	6063
5912	6064
3476	6065
5649	6066
5670	6067
6672	6068
4643	6069
9012	6070
426	6071
4471	6072
8473	6073
8636	6074
506	6075
1309	6076
1259	6077
4721	6078
7782	6079
7620	6080
6872	6081
1040	6082
2902	6083
4345	6084
3654	6085
5747	6086
6671	6087
1575	6088
6462	6089
7140	6090
2289	6091
7250	6092
2221	6093
1728	6094
1067	6095
9359	6096
7274	6097
2488	6098
4403	6099
3416	6100
665	6101
2182	6102
8190	6103
2552	6104
7632	6105
3150	6106
897	6107
5821	6108
6230	6109
2683	6110
8421	6111
6580	6112
5314	6113
5838	6114
724	6115
2924	6116
3399	6117
844	6118
8420	6119
4326	6120
6767	6121
1966	6122
8971	6123
2562	6124
7291	6125
4773	6126
9281	6127
787	6128
5494	6129
2504	6130
2751	6131
8571	6132
1959	6133
7795	6134
7929	6135
7566	6136
6033	6137
2128	6138
7081	6139
1746	6140
5535	6141
6064	6142
6233	6143
8689	6144
874	6145
5311	6146
235	6147
3393	6148
9039	6149
3276	6150
1332	6151
7793	6152
6079	6153
4567	6154
3983	6155
1956	6156
2879	6157
81	6158
75	6159
7896	6160
4262	6161
3290	6162
1022	6163
4910	6164
3840	6165
109	6166
7892	6167
3355	6168
3777	6169
1723	6170
4130	6171
8059	6172
8775	6173
3444	6174
7749	6175
350	6176
1689	6177
3128	6178
9049	6179
1886	6180
4891	6181
2419	6182
1317	6183
6130	6184
5513	6185
748	6186
660	6187
6315	6188
8575	6189
3202	6190
1847	6191
3096	6192
9370	6193
7735	6194
2682	6195
2384	6196
9183	6197
1156	6198
3578	6199
58	6200
2670	6201
2866	6202
8242	6203
5857	6204
1589	6205
9483	6206
2083	6207
1949	6208
1550	6209
8087	6210
6146	6211
4555	6212
6815	6213
3688	6214
828	6215
9286	6216
5554	6217
7520	6218
313	6219
4952	6220
49	6221
7337	6222
8068	6223
5049	6224
6005	6225
608	6226
3339	6227
2298	6228
9436	6229
2533	6230
4231	6231
4660	6232
7205	6233
2065	6234
387	6235
8572	6236
275	6237
3575	6238
9559	6239
6992	6240
2880	6241
7845	6242
1176	6243
5234	6244
3920	6245
16	6246
5035	6247
6452	6248
7386	6249
869	6250
9092	6251
1818	6252
4823	6253
291	6254
1493	6255
2968	6256
4765	6257
7882	6258
6830	6259
4347	6260
144	6261
6707	6262
5432	6263
2314	6264
8331	6265
8211	6266
2539	6267
2238	6268
2958	6269
602	6270
7035	6271
8136	6272
9147	6273
946	6274
7767	6275
2434	6276
382	6277
9573	6278
8435	6279
8711	6280
4737	6281
1272	6282
9215	6283
9417	6284
7810	6285
7880	6286
1366	6287
2476	6288
6947	6289
7180	6290
2448	6291
2270	6292
3160	6293
9369	6294
534	6295
5305	6296
8909	6297
3097	6298
8690	6299
8932	6300
3154	6301
3514	6302
5457	6303
9248	6304
5520	6305
1775	6306
9484	6307
5623	6308
4051	6309
6568	6310
7080	6311
2402	6312
6594	6313
7415	6314
8377	6315
9514	6316
4458	6317
7103	6318
442	6319
8953	6320
6091	6321
1690	6322
7930	6323
3727	6324
2120	6325
4559	6326
5634	6327
1093	6328
9497	6329
4221	6330
5152	6331
5787	6332
6494	6333
3089	6334
3312	6335
8576	6336
585	6337
9021	6338
2596	6339
5332	6340
421	6341
6900	6342
6473	6343
3659	6344
3201	6345
7977	6346
8350	6347
8554	6348
1598	6349
3669	6350
1741	6351
6934	6352
4146	6353
1246	6354
8778	6355
7663	6356
3707	6357
9534	6358
8926	6359
1373	6360
6581	6361
1059	6362
6154	6363
581	6364
7978	6365
3822	6366
6118	6367
9074	6368
9116	6369
5243	6370
8438	6371
67	6372
2730	6373
6399	6374
6783	6375
5941	6376
1894	6377
5217	6378
1103	6379
100	6380
1685	6381
3326	6382
245	6383
8984	6384
7033	6385
4590	6386
4576	6387
4242	6388
232	6389
2970	6390
7438	6391
590	6392
1224	6393
2064	6394
1534	6395
9236	6396
8756	6397
1675	6398
540	6399
8254	6400
6350	6401
1858	6402
8409	6403
8879	6404
8141	6405
7713	6406
4303	6407
8986	6408
795	6409
3577	6410
3834	6411
5295	6412
6543	6413
5906	6414
1470	6415
3861	6416
2965	6417
7169	6418
1545	6419
9037	6420
4390	6421
6396	6422
2319	6423
9030	6424
3620	6425
1043	6426
9603	6427
5296	6428
3892	6429
6605	6430
5920	6431
2407	6432
3426	6433
1501	6434
5751	6435
622	6436
7056	6437
4626	6438
2325	6439
4494	6440
1145	6441
5542	6442
4382	6443
307	6444
7778	6445
1359	6446
2926	6447
7997	6448
6169	6449
8674	6450
8570	6451
8740	6452
1288	6453
7608	6454
1241	6455
6100	6456
9716	6457
8042	6458
2689	6459
3935	6460
6371	6461
4723	6462
7912	6463
7628	6464
2074	6465
5957	6466
2962	6467
6991	6468
6942	6469
250	6470
4993	6471
9273	6472
9237	6473
3	6474
6721	6475
7293	6476
2768	6477
9582	6478
1198	6479
5527	6480
559	6481
5318	6482
2421	6483
7232	6484
6940	6485
3435	6486
1200	6487
5789	6488
7834	6489
9071	6490
1580	6491
7858	6492
2927	6493
9351	6494
3418	6495
3562	6496
8993	6497
875	6498
181	6499
2371	6500
3124	6501
8021	6502
5753	6503
2518	6504
1777	6505
2959	6506
8893	6507
945	6508
1802	6509
1410	6510
8221	6511
4302	6512
2569	6513
5185	6514
394	6515
7804	6516
4781	6517
8115	6518
4398	6519
1483	6520
3488	6521
2093	6522
7937	6523
3309	6524
1787	6525
5465	6526
6161	6527
3264	6528
8646	6529
7583	6530
7856	6531
6042	6532
4320	6533
77	6534
7172	6535
5466	6536
2906	6537
3899	6538
3672	6539
7234	6540
6798	6541
6224	6542
334	6543
1762	6544
5480	6545
8019	6546
3636	6547
1169	6548
5398	6549
5675	6550
2969	6551
5674	6552
1732	6553
8555	6554
8424	6555
2053	6556
7312	6557
1128	6558
1579	6559
1961	6560
2449	6561
3121	6562
1729	6563
4724	6564
4314	6565
7176	6566
3842	6567
8628	6568
8724	6569
3278	6570
6537	6571
2680	6572
7980	6573
6975	6574
4013	6575
2867	6576
5353	6577
3871	6578
6654	6579
2986	6580
6532	6581
4485	6582
5986	6583
5373	6584
9691	6585
1753	6586
38	6587
3246	6588
8403	6589
3110	6590
9251	6591
7065	6592
2763	6593
3603	6594
9310	6595
91	6596
9601	6597
4575	6598
6182	6599
9498	6600
9070	6601
3832	6602
321	6603
7963	6604
8240	6605
3873	6606
9725	6607
872	6608
6813	6609
4067	6610
7018	6611
7710	6612
9126	6613
3883	6614
9080	6615
2650	6616
4961	6617
629	6618
6665	6619
8386	6620
723	6621
2216	6622
9038	6623
4594	6624
6852	6625
1497	6626
9482	6627
8039	6628
409	6629
3601	6630
6545	6631
1417	6632
3209	6633
5802	6634
6357	6635
930	6636
8692	6637
6030	6638
4043	6639
7549	6640
23	6641
31	6642
8335	6643
3182	6644
1659	6645
5641	6646
4486	6647
4969	6648
6110	6649
3784	6650
7861	6651
5163	6652
9529	6653
9141	6654
9570	6655
5799	6656
7814	6657
4798	6658
2291	6659
2568	6660
1823	6661
1223	6662
1193	6663
5890	6664
6576	6665
7524	6666
5863	6667
3383	6668
1254	6669
6070	6670
973	6671
5504	6672
4682	6673
2260	6674
4296	6675
5148	6676
7217	6677
5993	6678
7731	6679
2951	6680
3014	6681
6282	6682
3305	6683
9211	6684
5394	6685
9193	6686
4840	6687
6512	6688
3809	6689
4126	6690
2189	6691
2104	6692
119	6693
256	6694
8320	6695
9084	6696
5566	6697
8146	6698
8147	6699
5473	6700
8228	6701
7392	6702
474	6703
3715	6704
8207	6705
5579	6706
4670	6707
2458	6708
4628	6709
1755	6710
9735	6711
7510	6712
432	6713
7263	6714
6990	6715
1325	6716
286	6717
9000	6718
6662	6719
4077	6720
1553	6721
8742	6722
7400	6723
9538	6724
3879	6725
6678	6726
6775	6727
705	6728
4201	6729
5275	6730
8763	6731
976	6732
9464	6733
3038	6734
6930	6735
6080	6736
22	6737
2720	6738
3749	6739
2987	6740
8709	6741
2887	6742
7124	6743
3903	6744
6700	6745
8752	6746
7734	6747
3021	6748
197	6749
7925	6750
7159	6751
8741	6752
3740	6753
6658	6754
3118	6755
149	6756
3953	6757
8193	6758
2125	6759
8303	6760
4699	6761
9658	6762
4388	6763
6149	6764
3808	6765
5523	6766
7074	6767
465	6768
2192	6769
7897	6770
90	6771
5823	6772
3142	6773
2262	6774
8311	6775
7615	6776
6000	6777
375	6778
113	6779
8987	6780
6104	6781
5016	6782
2188	6783
3665	6784
7077	6785
7319	6786
3681	6787
7252	6788
6113	6789
6128	6790
9041	6791
4322	6792
1116	6793
2548	6794
6027	6795
804	6796
6708	6797
6139	6798
71	6799
6668	6800
8969	6801
8465	6802
1313	6803
1394	6804
4275	6805
6669	6806
708	6807
666	6808
4989	6809
8332	6810
8176	6811
3793	6812
5225	6813
4791	6814
655	6815
2106	6816
4945	6817
2208	6818
4020	6819
185	6820
2860	6821
8329	6822
7117	6823
2454	6824
739	6825
3249	6826
5315	6827
1411	6828
6455	6829
6648	6830
5969	6831
3558	6832
8363	6833
8558	6834
3849	6835
9702	6836
3732	6837
2963	6838
4524	6839
2857	6840
5149	6841
1883	6842
9324	6843
233	6844
8500	6845
1855	6846
9256	6847
4213	6848
4605	6849
2815	6850
3590	6851
7904	6852
8707	6853
6114	6854
6524	6855
388	6856
66	6857
4408	6858
6801	6859
6290	6860
4830	6861
5313	6862
9333	6863
7531	6864
9202	6865
2769	6866
259	6867
7708	6868
7166	6869
1027	6870
5013	6871
4816	6872
3365	6873
9499	6874
2285	6875
6164	6876
8845	6877
6373	6878
1945	6879
455	6880
3557	6881
6256	6882
2217	6883
5925	6884
9461	6885
62	6886
5639	6887
5722	6888
5333	6889
3970	6890
199	6891
3994	6892
5721	6893
190	6894
2955	6895
7017	6896
8504	6897
9154	6898
8107	6899
9335	6900
4429	6901
7975	6902
6791	6903
64	6904
5416	6905
6378	6906
6133	6907
891	6908
5380	6909
5850	6910
6260	6911
8535	6912
9667	6913
1721	6914
8342	6915
7694	6916
979	6917
1995	6918
7941	6919
9374	6920
69	6921
9465	6922
3134	6923
7437	6924
7561	6925
7681	6926
8651	6927
1482	6928
975	6929
4864	6930
3175	6931
9449	6932
4477	6933
7200	6934
5407	6935
6281	6936
7354	6937
6170	6938
8633	6939
3071	6940
8157	6941
5056	6942
2600	6943
3698	6944
5811	6945
7307	6946
2184	6947
9722	6948
61	6949
4222	6950
8328	6951
8821	6952
3198	6953
3011	6954
1371	6955
6238	6956
4736	6957
906	6958
7226	6959
859	6960
131	6961
2732	6962
9719	6963
123	6964
5665	6965
2002	6966
661	6967
9585	6968
549	6969
4187	6970
3049	6971
8100	6972
3536	6973
8935	6974
6533	6975
346	6976
3045	6977
6232	6978
8746	6979
8011	6980
336	6981
1015	6982
4693	6983
8917	6984
6695	6985
8227	6986
7821	6987
255	6988
457	6989
8574	6990
1469	6991
4582	6992
5730	6993
3234	6994
4190	6995
3785	6996
9648	6997
1185	6998
2952	6999
8180	7000
5533	7001
1069	7002
218	7003
4968	7004
1072	7005
4409	7006
5934	7007
3307	7008
6411	7009
3819	7010
6072	7011
6816	7012
2027	7013
5994	7014
3252	7015
7587	7016
9389	7017
7054	7018
1195	7019
8216	7020
6850	7021
493	7022
6829	7023
2871	7024
7439	7025
7114	7026
1056	7027
3937	7028
6796	7029
4599	7030
2624	7031
5071	7032
8291	7033
3395	7034
9181	7035
9065	7036
738	7037
8864	7038
4602	7039
4684	7040
2444	7041
6377	7042
5399	7043
7703	7044
12	7045
9192	7046
6715	7047
3164	7048
5655	7049
5991	7050
2668	7051
8912	7052
1292	7053
7660	7054
1524	7055
160	7056
3378	7057
9137	7058
494	7059
5673	7060
5629	7061
3982	7062
6250	7063
4107	7064
1179	7065
9441	7066
5386	7067
9184	7068
7388	7069
3867	7070
4215	7071
3618	7072
4411	7073
5939	7074
4377	7075
9364	7076
9017	7077
7870	7078
5361	7079
1764	7080
4157	7081
5907	7082
7910	7083
7049	7084
4465	7085
9415	7086
6342	7087
1262	7088
2790	7089
3543	7090
640	7091
9530	7092
1564	7093
2133	7094
6279	7095
6328	7096
7853	7097
7155	7098
764	7099
916	7100
2940	7101
9690	7102
860	7103
7645	7104
630	7105
2553	7106
730	7107
356	7108
4786	7109
1463	7110
2265	7111
8738	7112
2777	7113
5303	7114
2966	7115
4517	7116
4156	7117
6842	7118
873	7119
9042	7120
7792	7121
4539	7122
8933	7123
7137	7124
1042	7125
7597	7126
7240	7127
241	7128
8239	7129
7707	7130
3073	7131
519	7132
2693	7133
8024	7134
5552	7135
6756	7136
8253	7137
6409	7138
6652	7139
4504	7140
9203	7141
6891	7142
8699	7143
7300	7144
3039	7145
7435	7146
8966	7147
9027	7148
9647	7149
3158	7150
6877	7151
3005	7152
4614	7153
7580	7154
4845	7155
3864	7156
7953	7157
1859	7158
7309	7159
9015	7160
3921	7161
5220	7162
5272	7163
3024	7164
9586	7165
3450	7166
1904	7167
9129	7168
2872	7169
500	7170
6220	7171
3471	7172
8423	7173
8726	7174
8051	7175
2780	7176
2013	7177
5142	7178
2114	7179
3660	7180
4334	7181
639	7182
2497	7183
8687	7184
3283	7185
1805	7186
1759	7187
2905	7188
1674	7189
1485	7190
8623	7191
3852	7192
2482	7193
7676	7194
2367	7195
3347	7196
9277	7197
6643	7198
338	7199
1253	7200
2275	7201
9540	7202
6582	7203
9637	7204
3537	7205
39	7206
5273	7207
6310	7208
2164	7209
5654	7210
1227	7211
2661	7212
2107	7213
5926	7214
7548	7215
743	7216
1206	7217
6112	7218
989	7219
7477	7220
33	7221
428	7222
2946	7223
9512	7224
9501	7225
2	7226
3621	7227
9072	7228
4837	7229
3941	7230
7607	7231
1039	7232
5820	7233
1532	7234
792	7235
1505	7236
5840	7237
3440	7238
9358	7239
2843	7240
7101	7241
5723	7242
9368	7243
8282	7244
2929	7245
8671	7246
3047	7247
4766	7248
3542	7249
1761	7250
5091	7251
5256	7252
4690	7253
901	7254
2755	7255
1651	7256
3072	7257
4886	7258
1320	7259
3653	7260
1951	7261
8600	7262
3850	7263
4074	7264
3244	7265
7655	7266
5736	7267
5427	7268
5119	7269
528	7270
8297	7271
586	7272
3912	7273
8582	7274
1765	7275
6606	7276
443	7277
4415	7278
5374	7279
5923	7280
4607	7281
2	7282
449	7283
9290	7284
6676	7285
1794	7286
2627	7287
5499	7288
3137	7289
6971	7290
1380	7291
7656	7292
2122	7293
4912	7294
333	7295
4327	7296
3293	7297
877	7298
2886	7299
9301	7300
6720	7301
6023	7302
4560	7303
8665	7304
8432	7305
4106	7306
5954	7307
1892	7308
8895	7309
7816	7310
2773	7311
7416	7312
1327	7313
3323	7314
9108	7315
4621	7316
7310	7317
7932	7318
6765	7319
6246	7320
3661	7321
3831	7322
6786	7323
6501	7324
960	7325
6653	7326
4613	7327
135	7328
5446	7329
699	7330
2	7331
5047	7332
5564	7333
7769	7334
63	7335
4572	7336
5839	7337
7692	7338
4049	7339
8128	7340
235	7341
9477	7342
4658	7343
8914	7344
9059	7345
8704	7346
2097	7347
4064	7348
138	7349
2819	7350
5242	7351
3874	7352
3541	7353
3774	7354
9490	7355
5101	7356
4641	7357
7998	7358
2692	7359
8591	7360
7245	7361
5687	7362
240	7363
5611	7364
3781	7365
8354	7366
8258	7367
6944	7368
5545	7369
4518	7370
6802	7371
6513	7372
7617	7373
35	7374
4162	7375
755	7376
280	7377
2896	7378
4510	7379
7109	7380
2854	7381
8860	7382
4700	7383
8678	7384
1770	7385
937	7386
2699	7387
105	7388
7288	7389
1152	7390
6661	7391
1452	7392
9036	7393
5331	7394
1110	7395
5779	7396
441	7397
5693	7398
7849	7399
1460	7400
4233	7401
9575	7402
401	7403
4001	7404
2526	7405
4970	7406
6086	7407
3079	7408
5983	7409
7584	7410
5500	7411
2119	7412
3526	7413
7589	7414
8876	7415
4940	7416
11	7417
1449	7418
9016	7419
7472	7420
3219	7421
1358	7422
7906	7423
8557	7424
6596	7425
9548	7426
5676	7427
4913	7428
8560	7429
6856	7430
1050	7431
5475	7432
9701	7433
1095	7434
2445	7435
8706	7436
3759	7437
3304	7438
1981	7439
5706	7440
1080	7441
1435	7442
270	7443
904	7444
4595	7445
7440	7446
56	7447
6906	7448
497	7449
6883	7450
2567	7451
9034	7452
3608	7453
1456	7454
526	7455
9233	7456
8923	7457
5949	7458
7396	7459
132	7460
4894	7461
2343	7462
4	7463
9323	7464
1109	7465
4592	7466
2848	7467
6749	7468
2651	7469
7600	7470
1533	7471
6153	7472
6485	7473
4895	7474
9289	7475
5045	7476
5739	7477
3065	7478
3203	7479
5397	7480
8955	7481
9614	7482
3324	7483
8270	7484
2836	7485
124	7486
9619	7487
212	7488
1953	7489
5176	7490
5967	7491
5340	7492
8577	7493
7352	7494
6266	7495
1503	7496
9179	7497
9388	7498
3181	7499
7641	7500
5308	7501
8910	7502
3882	7503
9076	7504
4919	7505
9458	7506
8766	7507
1372	7508
1884	7509
8066	7510
7609	7511
7230	7512
2389	7513
2811	7514
8439	7515
2802	7516
244	7517
1060	7518
7102	7519
7642	7520
3407	7521
7794	7522
4414	7523
5450	7524
3224	7525
6995	7526
820	7527
3402	7528
8048	7529
6780	7530
9353	7531
7741	7532
7590	7533
7562	7534
5748	7535
5777	7536
7674	7537
2254	7538
786	7539
135	7540
7073	7541
2	7542
8939	7543
3091	7544
7981	7545
8970	7546
8475	7547
1967	7548
4771	7549
1490	7550
856	7551
8340	7552
454	7553
957	7554
2302	7555
330	7556
1616	7557
2907	7558
9682	7559
3282	7560
3114	7561
3002	7562
4499	7563
4764	7564
2834	7565
8360	7566
3561	7567
6623	7568
3195	7569
4807	7570
3437	7571
5025	7572
68	7573
25	7574
776	7575
1321	7576
6286	7577
5929	7578
7865	7579
3497	7580
3582	7581
6743	7582
5372	7583
2257	7584
8599	7585
7996	7586
7212	7587
1662	7588
1131	7589
2855	7590
5065	7591
452	7592
4256	7593
6744	7594
3581	7595
9642	7596
1144	7597
9733	7598
2566	7599
6144	7600
3296	7601
222	7602
720	7603
237	7604
411	7605
55	7606
1691	7607
3227	7608
1816	7609
2447	7610
3748	7611
365	7612
4893	7613
9218	7614
7638	7615
8376	7616
8273	7617
9503	7618
2980	7619
5400	7620
8928	7621
1610	7622
20	7623
2141	7624
6216	7625
2001	7626
1692	7627
7025	7628
2538	7629
846	7630
7902	7631
8542	7632
6001	7633
3858	7634
9447	7635
5497	7636
2441	7637
6125	7638
2439	7639
8380	7640
9191	7641
4266	7642
7571	7643
2850	7644
710	7645
1267	7646
4540	7647
2503	7648
3261	7649
978	7650
1168	7651
3612	7652
6589	7653
7665	7654
6675	7655
5261	7656
1582	7657
2388	7658
8800	7659
3792	7660
8795	7661
8593	7662
4229	7663
1500	7664
1856	7665
8371	7666
9225	7667
4574	7668
4061	7669
1328	7670
6965	7671
3044	7672
3723	7673
58	7674
5336	7675
7761	7676
3553	7677
8498	7678
9670	7679
3893	7680
4889	7681
9634	7682
2244	7683
1277	7684
2228	7685
1756	7686
2236	7687
6165	7688
4541	7689
5515	7690
3964	7691
8399	7692
5093	7693
5479	7694
2556	7695
8118	7696
3442	7697
7616	7698
6988	7699
7116	7700
657	7701
3516	7702
7085	7703
689	7704
6973	7705
6525	7706
4449	7707
4770	7708
8316	7709
1623	7710
6251	7711
9213	7712
8559	7713
4611	7714
4142	7715
178	7716
3232	7717
4340	7718
8296	7719
7948	7720
6693	7721
7618	7722
1757	7723
6875	7724
8979	7725
6764	7726
1064	7727
626	7728
4883	7729
5672	7730
1283	7731
8487	7732
9044	7733
7040	7734
865	7735
4990	7736
972	7737
7700	7738
66	7739
4908	7740
5219	7741
7418	7742
5977	7743
6717	7744
1188	7745
5068	7746
6908	7747
2463	7748
309	7749
2681	7750
5574	7751
3915	7752
7267	7753
2451	7754
5223	7755
4755	7756
166	7757
1274	7758
6964	7759
4868	7760
9152	7761
967	7762
1235	7763
4050	7764
8543	7765
1686	7766
4370	7767
8719	7768
3625	7769
4235	7770
6365	7771
8950	7772
385	7773
9677	7774
2532	7775
8372	7776
272	7777
9599	7778
8301	7779
7695	7780
6288	7781
8035	7782
7061	7783
9208	7784
69	7785
6222	7786
305	7787
1950	7788
223	7789
2888	7790
4424	7791
7224	7792
5155	7793
5180	7794
6341	7795
7332	7796
1946	7797
7149	7798
8300	7799
3380	7800
731	7801
1316	7802
2957	7803
6926	7804
2284	7805
6316	7806
9	7807
9013	7808
9224	7809
553	7810
2903	7811
5186	7812
4054	7813
8477	7814
34	7815
5959	7816
8400	7817
6447	7818
9521	7819
1654	7820
3532	7821
5078	7822
1498	7823
2662	7824
5607	7825
7158	7826
1243	7827
5027	7828
1594	7829
5112	7830
140	7831
7071	7832
1712	7833
4844	7834
8315	7835
2991	7836
2698	7837
8321	7838
8442	7839
5645	7840
1878	7841
6737	7842
3924	7843
6879	7844
5055	7845
6873	7846
8154	7847
8981	7848
8318	7849
8713	7850
4530	7851
54	7852
4467	7853
753	7854
1420	7855
6630	7856
3152	7857
7482	7858
5758	7859
8767	7860
8395	7861
5529	7862
8402	7863
4774	7864
6821	7865
8730	7866
8295	7867
7960	7868
3033	7869
2742	7870
6859	7871
9241	7872
8654	7873
9468	7874
6420	7875
4715	7876
3897	7877
1422	7878
8069	7879
9032	7880
3239	7881
3303	7882
22	7883
9069	7884
9581	7885
6489	7886
5063	7887
9104	7888
8336	7889
8988	7890
944	7891
6789	7892
8302	7893
8226	7894
548	7895
7204	7896
8887	7897
6760	7898
8849	7899
737	7900
4637	7901
8479	7902
818	7903
7039	7904
1374	7905
373	7906
4488	7907
1588	7908
9322	7909
155	7910
3568	7911
1077	7912
4169	7913
4150	7914
41	7915
6757	7916
3362	7917
265	7918
4778	7919
5177	7920
7650	7921
8672	7922
88	7923
5625	7924
6211	7925
9343	7926
8351	7927
7423	7928
1026	7929
2266	7930
4604	7931
9508	7932
6515	7933
1004	7934
7055	7935
9175	7936
7515	7937
7718	7938
2479	7939
4915	7940
4600	7941
7266	7942
8890	7943
9574	7944
1546	7945
8786	7946
663	7947
4315	7948
5958	7949
292	7950
5161	7951
24	7952
1540	7953
5947	7954
1030	7955
1897	7956
4759	7957
3827	7958
7508	7959
2506	7960
908	7961
2771	7962
4301	7963
604	7964
2870	7965
2059	7966
3635	7967
124	7968
3571	7969
6052	7970
7398	7971
8771	7972
1902	7973
8526	7974
106	7975
8456	7976
4082	7977
8601	7978
7801	7979
4044	7980
6492	7981
1650	7982
7862	7983
7763	7984
7624	7985
5899	7986
7038	7987
3193	7988
419	7989
4584	7990
3294	7991
437	7992
1879	7993
784	7994
8016	7995
3627	7996
4847	7997
8717	7998
4671	7999
5100	8000
8589	8001
1353	8002
742	8003
4846	8004
6899	8005
4423	8006
1819	8007
4012	8008
631	8009
4936	8010
8744	8011
4461	8012
216	8013
1496	8014
802	8015
8110	8016
1543	8017
3130	8018
6276	8019
2591	8020
2923	8021
1910	8022
919	8023
6919	8024
7901	8025
2581	8026
8978	8027
3602	8028
8921	8029
1790	8030
6781	8031
9621	8032
6200	8033
599	8034
3525	8035
8874	8036
366	8037
5415	8038
7806	8039
5711	8040
3502	8041
1146	8042
8202	8043
6162	8044
1964	8045
2100	8046
600	8047
987	8048
567	8049
7686	8050
9328	8051
6095	8052
3866	8053
7943	8054
6375	8055
8393	8056
5066	8057
9584	8058
51	8059
5901	8060
2841	8061
3004	8062
3015	8063
5521	8064
1570	8065
3530	8066
1287	8067
41	8068
8121	8069
137	8070
19	8071
8150	8072
2636	8073
4775	8074
7751	8075
108	8076
5745	8077
1804	8078
546	8079
6725	8080
4371	8081
5411	8082
146	8083
6650	8084
8848	8085
2473	8086
771	8087
5793	8088
7712	8089
9284	8090
156	8091
3273	8092
332	8093
6564	8094
2280	8095
8378	8096
5584	8097
5615	8098
1395	8099
3176	8100
5151	8101
9580	8102
8564	8103
2295	8104
2637	8105
7850	8106
726	8107
3509	8108
1893	8109
1604	8110
1807	8111
4924	8112
3839	8113
2468	8114
3480	8115
2392	8116
225	8117
6705	8118
3527	8119
2594	8120
512	8121
6148	8122
9687	8123
2608	8124
4452	8125
1171	8126
9528	8127
4031	8128
3944	8129
3925	8130
7325	8131
515	8132
9227	8133
3084	8134
1914	8135
8850	8136
8355	8137
7184	8138
3501	8139
4123	8140
4466	8141
6351	8142
1541	8143
9397	8144
1517	8145
7341	8146
5902	8147
9487	8148
7189	8149
2632	8150
3504	8151
2744	8152
5796	8153
6730	8154
9373	8155
2723	8156
7764	8157
2041	8158
4207	8159
6573	8160
5635	8161
2917	8162
1917	8163
4004	8164
2014	8165
8597	8166
2876	8167
1778	8168
7228	8169
6609	8170
6071	8171
8563	8172
9238	8173
8375	8174
224	8175
5582	8176
3184	8177
9583	8178
7424	8179
7965	8180
7261	8181
5146	8182
7068	8183
4654	8184
1913	8185
2749	8186
2400	8187
5618	8188
3022	8189
328	8190
2317	8191
3457	8192
2365	8193
7501	8194
4427	8195
5547	8196
862	8197
4733	8198
4263	8199
4109	8200
574	8201
2232	8202
5637	8203
1851	8204
5442	8205
7222	8206
6472	8207
4084	8208
3803	8209
3366	8210
5960	8211
9140	8212
3651	8213
8369	8214
7828	8215
8138	8216
8054	8217
4032	8218
7843	8219
7131	8220
676	8221
962	8222
379	8223
9704	8224
1033	8225
9555	8226
3977	8227
4903	8228
9309	8229
4111	8230
1997	8231
5995	8232
6745	8233
3969	8234
6474	8235
1209	8236
2765	8237
8807	8238
7773	8239
9258	8240
9479	8241
9425	8242
597	8243
1754	8244
9590	8245
1531	8246
3191	8247
196	8248
1389	8249
652	8250
5001	8251
4917	8252
1201	8253
195	8254
2253	8255
8619	8256
1738	8257
2073	8258
7296	8259
8922	8260
1112	8261
7635	8262
9732	8263
4569	8264
3520	8265
4056	8266
9407	8267
832	8268
8983	8269
2645	8270
9354	8271
4165	8272
7874	8273
2622	8274
5581	8275
3771	8276
740	8277
89	8278
9433	8279
4	8280
20	8281
2996	8282
9066	8283
7924	8284
80	8285
9381	8286
8545	8287
1217	8288
5096	8289
6007	8290
76	8291
312	8292
3507	8293
115	8294
5357	8295
1011	8296
1398	8297
3630	8298
4200	8299
3486	8300
6562	8301
1023	8302
1135	8303
4339	8304
4392	8305
2913	8306
1838	8307
6302	8308
5360	8309
7111	8310
5059	8311
4835	8312
637	8313
2673	8314
3452	8315
868	8316
939	8317
4469	8318
319	8319
48	8320
6526	8321
5323	8322
3741	8323
3928	8324
8391	8325
2422	8326
8178	8327
968	8328
4935	8329
7516	8330
6412	8331
9476	8332
6574	8333
7966	8334
1985	8335
8284	8336
217	8337
675	8338
351	8339
1048	8340
5037	8341
3592	8342
7756	8343
5347	8344
7651	8345
2420	8346
8444	8347
2716	8348
3053	8349
2206	8350
7855	8351
6699	8352
2207	8353
7489	8354
1557	8355
4316	8356
8937	8357
7611	8358
6299	8359
6716	8360
9616	8361
4425	8362
693	8363
2401	8364
9155	8365
4321	8366
4445	8367
6709	8368
3382	8369
4787	8370
8533	8371
3262	8372
3405	8373
3684	8374
9194	8375
894	8376
8112	8377
9467	8378
1	8379
353	8380
9320	8381
2333	8382
6529	8383
1548	8384
1037	8385
253	8386
5102	8387
9622	8388
6527	8389
5626	8390
9604	8391
6372	8392
1574	8393
4927	8394
6571	8395
5147	8396
7185	8397
2279	8398
4434	8399
2460	8400
5150	8401
864	8402
9391	8403
3565	8404
1508	8405
8725	8406
5452	8407
8030	8408
5578	8409
4656	8410
7380	8411
2658	8412
4757	8413
6268	8414
9150	8415
3464	8416
13	8417
7550	8418
7752	8419
9143	8420
9541	8421
6820	8422
9371	8423
448	8424
4551	8425
2037	8426
96	8427
2792	8428
6849	8429
6792	8430
2813	8431
2669	8432
236	8433
2908	8434
2727	8435
9269	8436
7503	8437
756	8438
6853	8439
961	8440
1251	8441
7629	8442
4694	8443
8353	8444
8878	8445
3328	8446
4722	8447
9376	8448
9057	8449
5120	8450
4680	8451
6115	8452
9459	8453
6390	8454
577	8455
5974	8456
276	8457
7883	8458
103	8459
3998	8460
3894	8461
1419	8462
5162	8463
2523	8464
2465	8465
7089	8466
5873	8467
4651	8468
95	8469
3145	8470
2483	8471
3213	8472
8234	8473
7833	8474
7373	8475
5803	8476
8945	8477
4480	8478
8495	8479
2198	8480
6622	8481
9082	8482
8888	8483
3082	8484
5697	8485
1708	8486
2983	8487
1560	8488
5312	8489
3058	8490
8243	8491
468	8492
3783	8493
7190	8494
5911	8495
2808	8496
5229	8497
3922	8498
8313	8499
6189	8500
5683	8501
4812	8502
4057	8503
2358	8504
6514	8505
7968	8506
8817	8507
4880	8508
2095	8509
2151	8510
8212	8511
383	8512
7399	8513
4620	8514
5588	8515
130	8516
4264	8517
215	8518
445	8519
2722	8520
2134	8521
5987	8522
2412	8523
6939	8524
1298	8525
842	8526
1638	8527
669	8528
2471	8529
8999	8530
9629	8531
7209	8532
4113	8533
3663	8534
6692	8535
311	8536
7898	8537
6283	8538
5249	8539
6959	8540
3605	8541
9020	8542
59	8543
5698	8544
3441	8545
4203	8546
1935	8547
8088	8548
7878	8549
7016	8550
1994	8551
5830	8552
8606	8553
1513	8554
8853	8555
1795	8556
49	8557
3668	8558
6158	8559
8655	8560
8406	8561
6621	8562
2515	8563
9741	8564
7588	8565
4418	8566
7464	8567
7803	8568
7730	8569
5467	8570
8556	8571
8871	8572
40	8573
1205	8574
1150	8575
8657	8576
8198	8577
4369	8578
1666	8579
6011	8580
9718	8581
2193	8582
6186	8583
226	8584
4960	8585
3472	8586
4257	8587
6177	8588
9659	8589
8641	8590
3799	8591
2748	8592
8001	8593
2979	8594
290	8595
1045	8596
6553	8597
7790	8598
213	8599
7308	8600
9399	8601
3988	8602
1329	8603
6482	8604
7009	8605
4677	8606
807	8607
6024	8608
5583	8609
6505	8610
8415	8611
4946	8612
7090	8613
310	8614
4871	8615
777	8616
1244	8617
490	8618
6554	8619
5203	8620
1408	8621
4956	8622
6549	8623
6029	8624
4803	8625
6741	8626
269	8627
9631	8628
1391	8629
5094	8630
6132	8631
3833	8632
923	8633
3265	8634
8963	8635
7239	8636
347	8637
6703	8638
7021	8639
79	8640
342	8641
8666	8642
3719	8643
7350	8644
8220	8645
3747	8646
7830	8647
489	8648
5009	8649
5757	8650
6684	8651
2038	8652
5879	8653
4011	8654
2686	8655
7233	8656
4947	8657
6195	8658
2708	8659
2972	8660
1464	8661
2204	8662
5052	8663
3726	8664
9491	8665
1326	8666
2000	8667
7133	8668
2804	8669
2057	8670
3679	8671
117	8672
4125	8673
6819	8674
4492	8675
3308	8676
4205	8677
4431	8678
214	8679
9668	8680
4933	8681
3408	8682
5750	8683
7063	8684
1927	8685
6555	8686
82	8687
7701	8688
5689	8689
12	8690
3555	8691
37	8692
9728	8693
5684	8694
4376	8695
462	8696
5376	8697
7257	8698
9022	8699
3363	8700
4440	8701
143	8702
2179	8703
3597	8704
3129	8705
3429	8706
547	8707
1700	8708
3478	8709
2163	8710
533	8711
749	8712
2396	8713
9554	8714
6739	8715
8991	8716
1113	8717
541	8718
5580	8719
8522	8720
1384	8721
127	8722
4776	8723
4713	8724
6439	8725
1558	8726
3329	8727
9457	8728
1385	8729
3250	8730
1916	8731
5170	8732
2633	8733
1613	8734
9721	8735
5868	8736
1837	8737
7612	8738
5379	8739
5841	8740
7643	8741
5227	8742
2677	8743
1087	8744
5644	8745
7736	8746
3929	8747
7139	8748
3628	8749
5477	8750
5979	8751
8466	8752
7557	8753
4608	8754
2648	8755
3123	8756
104	8757
7047	8758
7442	8759
8584	8760
1549	8761
7506	8762
5010	8763
4957	8764
9454	8765
3823	8766
97	8767
7844	8768
929	8769
4870	8770
7220	8771
139	8772
7199	8773
1415	8774
2571	8775
3026	8776
5359	8777
6477	8778
2536	8779
463	8780
2195	8781
5193	8782
1073	8783
870	8784
7911	8785
1611	8786
4335	8787
5724	8788
4212	8789
925	8790
4021	8791
9249	8792
6192	8793
7964	8794
4606	8795
1668	8796
3962	8797
5847	8798
673	8799
1	8800
7942	8801
5781	8802
6129	8803
7775	8804
4089	8805
6977	8806
7315	8807
7237	8808
8196	8809
2501	8810
1269	8811
2878	8812
9525	8813
8675	8814
2868	8815
4659	8816
9189	8817
4298	8818
732	8819
6931	8820
8985	8821
451	8822
8855	8823
2227	8824
156	8825
703	8826
1184	8827
8005	8828
5762	8829
3755	8830
3266	8831
271	8832
1996	8833
1905	8834
8630	8835
5207	8836
2123	8837
5842	8838
2514	8839
3192	8840
8189	8841
106	8842
830	8843
847	8844
6858	8845
8622	8846
4794	8847
3872	8848
6360	8849
9285	8850
2882	8851
2809	8852
5172	8853
9727	8854
8383	8855
9216	8856
1211	8857
9296	8858
4712	8859
2563	8860
4754	8861
111	8862
4953	8863
1159	8864
5144	8865
4805	8866
220	8867
7985	8868
6966	8869
8382	8870
5482	8871
238	8872
4193	8873
7973	8874
6358	8875
7385	8876
690	8877
50	8878
93	8879
1963	8880
3237	8881
8943	8882
2092	8883
7690	8884
5650	8885
3398	8886
4273	8887
8389	8888
3068	8889
7403	8890
5183	8891
1281	8892
3411	8893
3112	8894
8813	8895
5058	8896
5198	8897
1619	8898
5067	8899
7936	8900
3287	8901
2623	8902
7321	8903
3629	8904
9046	8905
4797	8906
3960	8907
2631	8908
963	8909
5046	8910
718	8911
1614	8912
721	8913
2657	8914
8053	8915
4251	8916
7210	8917
4261	8918
9724	8919
8274	8920
3336	8921
6099	8922
8217	8923
8195	8924
3342	8925
7391	8926
36	8927
2861	8928
4951	8929
1602	8930
2318	8931
1941	8932
3085	8933
102	8934
3911	8935
5367	8936
7349	8937
6972	8938
7154	8939
7119	8940
2173	8941
9272	8942
4234	8943
4884	8944
8827	8945
8047	8946
1361	8947
2485	8948
4954	8949
9297	8950
3448	8951
1432	8952
8743	8953
6395	8954
584	8955
191	8956
633	8957
6651	8958
6911	8959
113	8960
5017	8961
5790	8962
3286	8963
5898	8964
329	8965
7408	8966
2161	8967
4901	8968
1735	8969
2766	8970
2393	8971
7221	8972
317	8973
4330	8974
2132	8975
6147	8976
6946	8977
222	8978
6983	8979
9317	8980
8625	8981
8497	8982
6272	8983
6481	8984
8818	8985
8598	8986
8246	8987
1322	8988
5556	8989
6758	8990
4983	8991
2493	8992
2864	8993
3491	8994
4783	8995
5514	8996
7935	8997
128	8998
9081	8999
2256	9000
2652	9001
5865	9002
2258	9003
8514	9004
414	9005
5522	9006
4362	9007
1491	9008
285	9009
4389	9010
564	9011
8430	9012
2415	9013
7053	9014
3482	9015
2776	9016
7287	9017
8872	9018
5942	9019
9054	9020
1125	9021
5815	9022
1413	9023
3229	9024
3451	9025
2649	9026
8635	9027
9349	9028
1587	9029
2889	9030
9543	9031
621	9032
8788	9033
6748	9034
3521	9035
2481	9036
5609	9037
9434	9038
9624	9039
7120	9040
8812	9041
6644	9042
4206	9043
6610	9044
6361	9045
857	9046
2741	9047
1196	9048
5430	9049
7407	9050
2789	9051
8022	9052
9613	9053
3951	9054
3649	9055
9429	9056
1242	9057
3801	9058
9207	9059
4365	9060
4245	9061
5870	9062
5996	9063
8754	9064
57	9065
4725	9066
5717	9067
4829	9068
7511	9069
1312	9070
3392	9071
6587	9072
9019	9073
5845	9074
698	9075
7498	9076
7728	9077
6746	9078
7147	9079
6938	9080
6565	9081
3701	9082
8944	9083
2387	9084
1649	9085
7372	9086
5646	9087
4948	9088
84	9089
5385	9090
544	9091
5502	9092
3122	9093
4163	9094
5526	9095
9340	9096
6207	9097
2381	9098
1078	9099
8045	9100
9553	9101
7808	9102
2767	9103
8085	9104
1717	9105
2953	9106
4800	9107
7534	9108
5614	9109
5003	9110
7666	9111
3817	9112
7084	9113
9737	9114
8858	9115
6297	9116
1232	9117
9365	9118
9099	9119
211	9120
2914	9121
2243	9122
9633	9123
178	9124
6227	9125
8175	9126
4456	9127
7720	9128
1177	9129
7255	9130
9085	9131
53	9132
3958	9133
5023	9134
7802	9135
2326	9136
1791	9137
3788	9138
8062	9139
3456	9140
4133	9141
2411	9142
2268	9143
1346	9144
9446	9145
9004	9146
4332	9147
7474	9148
4417	9149
8373	9150
3857	9151
9221	9152
616	9153
7425	9154
5849	9155
8952	9156
4247	9157
2003	9158
7504	9159
8094	9160
2383	9161
9329	9162
8322	9163
9111	9164
7183	9165
6428	9166
6804	9167
5921	9168
1301	9169
4211	9170
7781	9171
431	9172
8186	9173
1062	9174
2077	9175
4872	9176
4944	9177
1669	9178
8652	9179
715	9180
4573	9181
7244	9182
6851	9183
1877	9184
9522	9185
1433	9186
9606	9187
5458	9188
1760	9189
7526	9190
6339	9191
8615	9192
1937	9193
941	9194
9088	9195
1991	9196
4664	9197
8046	9198
2305	9199
2654	9200
4849	9201
240	9202
5971	9203
8974	9204
8464	9205
2583	9206
6312	9207
694	9208
4811	9209
4869	9210
4092	9211
1285	9212
5617	9213
8327	9214
6559	9215
6616	9216
991	9217
3973	9218
3292	9219
8209	9220
2925	9221
3394	9222
4344	9223
6888	9224
1148	9225
5403	9226
9432	9227
1971	9228
8470	9229
202	9230
7259	9231
3641	9232
4914	9233
7254	9234
8224	9235
3686	9236
6404	9237
9002	9238
6922	9239
2607	9240
8649	9241
7348	9242
1908	9243
3559	9244
9456	9245
8517	9246
4292	9247
878	9248
7876	9249
1571	9250
3430	9251
3257	9252
4432	9253
702	9254
6547	9255
8345	9256
7820	9257
5534	9258
3377	9259
5652	9260
6714	9261
5963	9262
4360	9263
6704	9264
87	9265
9061	9266
3563	9267
6619	9268
7177	9269
9144	9270
6483	9271
6632	9272
4692	9273
9267	9274
3794	9275
7564	9276
4554	9277
1499	9278
8863	9279
1066	9280
6076	9281
9204	9282
2322	9283
4547	9284
8281	9285
8995	9286
8257	9287
8259	9288
2043	9289
885	9290
5997	9291
8541	9292
1457	9293
9163	9294
3225	9295
9103	9296
7800	9297
5302	9298
198	9299
1291	9300
7390	9301
2431	9302
9605	9303
1620	9304
2947	9305
7113	9306
7839	9307
3658	9308
3178	9309
5438	9310
2638	9311
5555	9312
5114	9313
8934	9314
2752	9315
9572	9316
4288	9317
4086	9318
3135	9319
2131	9320
4556	9321
2549	9322
1528	9323
28	9324
8155	9325
6083	9326
43	9327
136	9328
6006	9329
3016	9330
7500	9331
6074	9332
4672	9333
4552	9334
3708	9335
7889	9336
2994	9337
8913	9338
9243	9339
5288	9340
8493	9341
1544	9342
2935	9343
2898	9344
7123	9345
2030	9346
5489	9347
7213	9348
1107	9349
2738	9350
7301	9351
6194	9352
7890	9353
3547	9354
6625	9355
2339	9356
4544	9357
9372	9358
2329	9359
7543	9360
5191	9361
3319	9362
7271	9363
7699	9364
2679	9365
4036	9366
322	9367
3837	9368
2900	9369
5727	9370
8822	9371
7433	9372
3789	9373
3344	9374
7627	9375
1713	9376
5610	9377
1572	9378
4232	9379
1789	9380
7671	9381
8797	9382
889	9383
6262	9384
4380	9385
7727	9386
6267	9387
9127	9388
4748	9389
4498	9390
5462	9391
3125	9392
6243	9393
563	9394
1846	9395
1870	9396
2522	9397
1519	9398
6779	9399
9087	9400
7283	9401
6599	9402
101	9403
977	9404
8306	9405
4186	9406
9121	9407
9166	9408
7647	9409
9591	9410
1938	9411
1771	9412
6735	9413
7353	9414
2606	9415
4896	9416
8505	9417
1123	9418
4405	9419
6694	9420
2347	9421
8610	9422
143	9423
9197	9424
1461	9425
9058	9426
3185	9427
6667	9428
5136	9429
435	9430
5537	9431
205	9432
5872	9433
4815	9434
2183	9435
8976	9436
3716	9437
9385	9438
6602	9439
7933	9440
3498	9441
117	9442
7345	9443
3063	9444
7459	9445
3030	9446
520	9447
6785	9448
8524	9449
5800	9450
2697	9451
2978	9452
1848	9453
2140	9454
7112	9455
8769	9456
5139	9457
5290	9458
374	9459
1136	9460
5252	9461
8471	9462
2079	9463
2098	9464
9125	9465
3987	9466
422	9467
1707	9468
3386	9469
9362	9470
221	9471
7574	9472
3780	9473
5022	9474
359	9475
1710	9476
6120	9477
4358	9478
6105	9479
766	9480
1629	9481
609	9482
2230	9483
4688	9484
6	9485
192	9486
5429	9487
3051	9488
1952	9489
7378	9490
6028	9491
7957	9492
6595	9493
83	9494
151	9495
8278	9496
1434	9497
984	9498
5586	9499
5505	9500
5057	9501
9453	9502
7768	9503
4446	9504
7610	9505
3820	9506
1873	9507
1115	9508
4110	9509
6871	9510
4563	9511
8056	9512
6886	9513
188	9514
2410	9515
9611	9516
4920	9517
3939	9518
6898	9519
5562	9520
1526	9521
3725	9522
7466	9523
28	9524
18	9525
5325	9526
190	9527
2551	9528
358	9529
6835	9530
1769	9531
6517	9532
5613	9533
7000	9534
7313	9535
810	9536
6761	9537
4246	9538
6051	9539
2676	9540
7327	9541
4147	9542
6131	9543
7216	9544
834	9545
2696	9546
5469	9547
3187	9548
8648	9549
3923	9550
9326	9551
6511	9552
7817	9553
2541	9554
6518	9555
1783	9556
4295	9557
4238	9558
2346	9559
2641	9560
1556	9561
5157	9562
7356	9563
2224	9564
8832	9565
3736	9566
6642	9567
3269	9568
1687	9569
9379	9570
25	9571
6584	9572
4210	9573
7269	9574
9187	9575
4045	9576
4882	9577
5108	9578
6031	9579
5517	9580
9282	9581
9319	9582
6048	9583
3709	9584
257	9585
9443	9586
32	9587
7619	9588
9145	9589
9177	9590
4505	9591
5192	9592
3762	9593
9545	9594
8814	9595
282	9596
7509	9597
6231	9598
3345	9599
3821	9600
7335	9601
2247	9602
3029	9603
6263	9604
7783	9605
2721	9606
3031	9607
3256	9608
861	9609
1255	9610
4619	9611
7568	9612
2666	9613
668	9614
7753	9615
6317	9616
917	9617
170	9618
8697	9619
6367	9620
7823	9621
4220	9622
5491	9623
2312	9624
2225	9625
3990	9626
9493	9627
8940	9628
7805	9629
5339	9630
5064	9631
7087	9632
4701	9633
6732	9634
5329	9635
2759	9636
7355	9637
6845	9638
5451	9639
4981	9640
2825	9641
217	9642
9726	9643
9450	9644
3943	9645
5573	9646
6247	9647
8106	9648
5544	9649
4237	9650
2756	9651
175	9652
921	9653
4789	9654
3718	9655
173	9656
2967	9657
9652	9658
2724	9659
3724	9660
1590	9661
6292	9662
3616	9663
8942	9664
1502	9665
1909	9666
5306	9667
3687	9668
974	9669
5158	9670
92	9671
5439	9672
2452	9673
4665	9674
2561	9675
2215	9676
3600	9677
4181	9678
62	9679
6591	9680
5328	9681
2094	9682
3054	9683
4325	9684
76	9685
529	9686
3940	9687
1958	9688
1634	9689
6012	9690
1850	9691
8043	9692
7304	9693
9158	9694
1487	9695
5231	9696
7812	9697
1303	9698
464	9699
1773	9700
2818	9701
9051	9702
5404	9703
2993	9704
4502	9705
5981	9706
1151	9707
1094	9708
1392	9709
4780	9710
4153	9711
6448	9712
1920	9713
9455	9714
3891	9715
4223	9716
2304	9717
4769	9718
2629	9719
3477	9720
2369	9721
1695	9722
232	9723
1875	9724
3186	9725
4553	9726
7818	9727
2757	9728
3997	9729
4839	9730
4532	9731
2211	9732
9423	9733
21	9734
5778	9735
605	9736
6560	9737
4199	9738
9075	9739
1304	9740
8457	9741
228	9742
2416	9743
6464	9744
5165	9745
871	9746
6617	9747
5848	9748
4161	9749
1437	9750
2531	9751
3086	9752
4876	9753
5922	9754
9431	9755
3481	9756
6994	9757
268	9758
4170	9759
4890	9760
2628	9761
8835	9762
5109	9763
325	9764
7922	9765
1345	9766
5307	9767
5742	9768
6229	9769
5808	9770
7495	9771
1390	9772
7711	9773
8422	9774
3569	9775
606	9776
4652	9777
7451	9778
3317	9779
4966	9780
8946	9781
4372	9782
1049	9783
9653	9784
6698	9785
1068	9786
7365	9787
6245	9788
918	9789
5086	9790
6828	9791
6264	9792
1098	9793
7360	9794
4476	9795
1822	9796
2359	9797
3333	9798
7361	9799
6832	9800
5073	9801
4938	9802
162	9803
5746	9804
5431	9805
9630	9806
3077	9807
6157	9808
8925	9809
760	9810
8427	9811
2690	9812
2582	9813
9485	9814
1934	9815
8050	9816
2032	9817
1166	9818
3745	9819
7377	9820
552	9821
8173	9822
3670	9823
2543	9824
678	9825
8508	9826
6219	9827
2405	9828
5230	9829
1340	9830
4515	9831
7537	9832
6055	9833
6563	9834
3622	9835
5686	9836
6682	9837
7468	9838
2029	9839
1429	9840
4930	9841
573	9842
7653	9843
6015	9844
6308	9845
5299	9846
1895	9847
3876	9848
5876	9849
2099	9850
2418	9851
8309	9852
3102	9853
2577	9854
854	9855
525	9856
396	9857
2928	9858
3905	9859
7867	9860
8478	9861
1376	9862
3094	9863
5131	9864
4475	9865
258	9866
7900	9867
5612	9868
5208	9869
8137	9870
8108	9871
8405	9872
8896	9873
2348	9874
2942	9875
5809	9876
3385	9877
368	9878
1739	9879
6206	9880
7384	9881
2223	9882
3534	9883
4188	9884
7453	9885
2344	9886
9271	9887
248	9888
3406	9889
9228	9890
2829	9891
643	9892
4980	9893
6935	9894
7427	9895
1509	9896
5516	9897
1601	9898
6784	9899
1199	9900
1793	9901
8607	9902
992	9903
5743	9904
6905	9905
6277	9906
8720	9907
8885	9908
4276	9909
298	9910
3656	9911
1132	9912
1939	9913
9568	9914
9231	9915
5377	9916
9527	9917
3080	9918
4991	9919
7246	9920
3069	9921
4482	9922
3860	9923
403	9924
9515	9925
560	9926
2580	9927
8605	9928
7243	9929
3151	9930
202	9931
1295	9932
2234	9933
7532	9934
6002	9935
8172	9936
6536	9937
204	9938
3552	9939
8904	9940
1679	9941
5805	9942
4174	9943
6544	9944
1688	9945
1451	9946
1882	9947
3356	9948
8347	9949
9579	9950
1	9951
6728	9952
6135	9953
5714	9954
4354	9955
2605	9956
6314	9957
9734	9958
913	9959
456	9960
6187	9961
8877	9962
6078	9963
5836	9964
5732	9965
159	9966
5867	9967
6325	9968
9402	9969
2425	9970
9664	9971
45	9972
3454	9973
6645	9974
1002	9975
1001	9976
349	9977
1617	9978
958	9979
3210	9980
8973	9981
2799	9982
5262	9983
2758	9984
8899	9985
6874	9986
7613	9987
182	9988
1992	9989
679	9990
7333	9991
7316	9992
9311	9993
1511	9994
8384	9995
582	9996
10	9997
5640	9998
5104	9999
583	10000
