7104	1
898	2
687	3
121	4
1349	5
705	6
542	7
4	8
214	9
6566	10
5348	11
318	12
1008	13
503	14
7094	15
624	16
633	17
3053	18
4161	19
831	20
240	21
897	22
5453	23
4730	24
5185	25
67	26
2237	27
2206	28
2671	29
1936	30
1832	31
171	32
2861	33
2877	34
3730	35
6892	36
1696	37
163	38
921	39
1831	40
2694	41
1799	42
6012	43
1423	44
327	45
3676	46
4883	47
712	48
2	49
121	50
829	51
4316	52
337	53
2992	54
245	55
5524	56
6683	57
69	58
1688	59
1751	60
6	61
4079	62
10	63
26	64
4089	65
140	66
2178	67
91	68
630	69
438	70
116	71
3015	72
343	73
1321	74
1218	75
3919	76
639	77
2492	78
738	79
455	80
852	81
1505	82
1085	83
237	84
56	85
133	86
5164	87
5141	88
1391	89
4417	90
1441	91
6967	92
4237	93
4112	94
4936	95
2343	96
1912	97
5671	98
359	99
23	100
5894	101
423	102
372	103
519	104
1581	105
1785	106
5139	107
4113	108
2610	109
431	110
4716	111
4956	112
1500	113
1561	114
1058	115
5157	116
2550	117
4115	118
35	119
899	120
4003	121
5510	122
13	123
1041	124
359	125
7106	126
97	127
4517	128
404	129
3	130
73	131
799	132
554	133
3303	134
2848	135
561	136
6554	137
557	138
989	139
1243	140
1167	141
4341	142
2080	143
1477	144
2123	145
5396	146
1733	147
3902	148
3054	149
427	150
430	151
4170	152
498	153
2552	154
87	155
5294	156
2297	157
453	158
5439	159
1268	160
4838	161
2540	162
301	163
4595	164
6596	165
1355	166
84	167
1412	168
12	169
750	170
1698	171
3844	172
6156	173
1653	174
5827	175
3824	176
3405	177
3406	178
3661	179
4714	180
6614	181
1188	182
4	183
1583	184
3697	185
1817	186
5437	187
3685	188
6624	189
1645	190
1333	191
26	192
5277	193
6968	194
1560	195
996	196
1388	197
1816	198
282	199
5636	200
299	201
781	202
88	203
1159	204
3797	205
3267	206
5973	207
6847	208
1214	209
1196	210
2944	211
794	212
6279	213
187	214
4879	215
2937	216
6031	217
6754	218
1668	219
774	220
3394	221
7007	222
3238	223
6432	224
1065	225
6271	226
6262	227
539	228
1533	229
450	230
5395	231
3764	232
636	233
23	234
6053	235
459	236
3897	237
1136	238
6397	239
3935	240
2370	241
222	242
4	243
4941	244
443	245
5755	246
2640	247
4211	248
5637	249
883	250
5099	251
779	252
495	253
2480	254
6792	255
130	256
6519	257
4848	258
2335	259
911	260
3169	261
7095	262
507	263
1721	264
6915	265
4124	266
3980	267
811	268
175	269
3746	270
1470	271
470	272
2462	273
4383	274
1064	275
83	276
962	277
992	278
5389	279
6955	280
6181	281
5826	282
6335	283
1392	284
5165	285
2385	286
5249	287
1087	288
1707	289
3606	290
423	291
371	292
4972	293
1447	294
6659	295
2874	296
5627	297
5980	298
4205	299
690	300
1027	301
930	302
4372	303
1202	304
334	305
34	306
445	307
5375	308
1	309
452	310
6048	311
1657	312
7012	313
3349	314
5094	315
1874	316
208	317
6227	318
3631	319
770	320
5209	321
1750	322
6970	323
3664	324
708	325
2090	326
1161	327
3175	328
5	329
510	330
375	331
1587	332
1341	333
434	334
234	335
1306	336
1796	337
963	338
1366	339
314	340
465	341
6732	342
1055	343
5588	344
2059	345
4423	346
653	347
5457	348
3171	349
4872	350
442	351
1267	352
1	353
1109	354
6527	355
2284	356
3541	357
376	358
7071	359
1380	360
5643	361
935	362
1258	363
2951	364
5461	365
587	366
260	367
6285	368
1563	369
59	370
2562	371
126	372
1811	373
6886	374
66	375
148	376
89	377
4023	378
27	379
305	380
33	381
4094	382
855	383
3205	384
1295	385
4070	386
465	387
6716	388
1377	389
6142	390
4413	391
5503	392
1541	393
2952	394
756	395
1155	396
1288	397
216	398
4348	399
2782	400
1370	401
847	402
1810	403
7112	404
2218	405
180	406
2230	407
63	408
1859	409
439	410
6524	411
6114	412
1474	413
1530	414
1310	415
206	416
6489	417
1012	418
244	419
12	420
5831	421
37	422
2513	423
1296	424
6137	425
2795	426
1790	427
4440	428
698	429
2155	430
18	431
6444	432
63	433
3010	434
1644	435
1121	436
72	437
262	438
734	439
372	440
290	441
2153	442
2327	443
728	444
1186	445
487	446
254	447
5355	448
4234	449
1369	450
4360	451
10	452
6799	453
150	454
694	455
361	456
3806	457
6321	458
4162	459
533	460
3265	461
1809	462
3904	463
246	464
4295	465
4025	466
5246	467
147	468
5430	469
6003	470
373	471
1445	472
4349	473
5014	474
936	475
2696	476
5100	477
4493	478
5399	479
2726	480
2375	481
530	482
152	483
6200	484
843	485
2582	486
2669	487
2241	488
804	489
2064	490
5922	491
1311	492
2127	493
564	494
1164	495
508	496
845	497
237	498
18	499
4498	500
472	501
134	502
559	503
1679	504
1186	505
5757	506
4327	507
1079	508
4746	509
7080	510
604	511
256	512
269	513
102	514
4128	515
817	516
782	517
4633	518
51	519
5466	520
5497	521
5575	522
856	523
4336	524
610	525
2608	526
6808	527
637	528
94	529
3677	530
2154	531
4929	532
4373	533
1271	534
4781	535
98	536
403	537
441	538
1337	539
2978	540
6585	541
1525	542
154	543
241	544
5549	545
409	546
28	547
1111	548
3263	549
1218	550
6893	551
5491	552
5846	553
3066	554
3777	555
5580	556
2705	557
6162	558
5731	559
3537	560
5280	561
117	562
6480	563
615	564
467	565
6588	566
207	567
5906	568
6030	569
4469	570
5397	571
6390	572
6288	573
1625	574
1490	575
1554	576
892	577
2	578
56	579
1793	580
4957	581
6209	582
4779	583
2684	584
1598	585
3809	586
1401	587
6727	588
4564	589
5018	590
171	591
6577	592
2894	593
4071	594
432	595
4264	596
1576	597
730	598
11	599
6952	600
208	601
4019	602
59	603
562	604
1725	605
4411	606
67	607
1339	608
4899	609
205	610
2305	611
138	612
2503	613
1492	614
5814	615
2703	616
3513	617
1785	618
2266	619
2638	620
4120	621
4406	622
167	623
1063	624
1420	625
2619	626
16	627
1706	628
1278	629
6770	630
719	631
3258	632
10	633
428	634
1112	635
383	636
5602	637
1133	638
6242	639
6453	640
3402	641
5238	642
5038	643
3146	644
1326	645
579	646
513	647
380	648
72	649
1318	650
4749	651
6166	652
3499	653
906	654
3593	655
106	656
201	657
3937	658
4507	659
1739	660
481	661
7003	662
7	663
2497	664
1042	665
286	666
4333	667
5707	668
974	669
386	670
592	671
499	672
3778	673
6612	674
5346	675
162	676
1884	677
5392	678
4942	679
5339	680
5567	681
325	682
2530	683
352	684
1716	685
5511	686
2252	687
3544	688
2304	689
6252	690
3998	691
4823	692
6215	693
1088	694
6573	695
4289	696
6978	697
1323	698
1662	699
90	700
4512	701
3432	702
4692	703
1016	704
6310	705
5794	706
2392	707
1358	708
86	709
4163	710
1419	711
67	712
6887	713
162	714
6385	715
4467	716
5206	717
1352	718
1342	719
5083	720
2604	721
2738	722
407	723
5776	724
3602	725
3129	726
302	727
415	728
4248	729
4755	730
5036	731
3696	732
58	733
1467	734
2280	735
6192	736
6312	737
315	738
4902	739
1830	740
218	741
282	742
5496	743
1824	744
1328	745
1333	746
222	747
222	748
504	749
6520	750
98	751
4473	752
70	753
4074	754
4287	755
3077	756
6383	757
5472	758
3867	759
28	760
555	761
5055	762
475	763
5007	764
1998	765
2164	766
2682	767
1	768
44	769
276	770
1425	771
2136	772
748	773
2106	774
1299	775
4412	776
1592	777
614	778
4575	779
4725	780
50	781
50	782
656	783
1165	784
5957	785
2470	786
6073	787
1895	788
6180	789
1103	790
2270	791
3734	792
1110	793
711	794
3751	795
884	796
6446	797
46	798
4292	799
185	800
1023	801
3122	802
5585	803
427	804
4968	805
5288	806
5997	807
5896	808
6629	809
5586	810
5999	811
145	812
54	813
43	814
5428	815
4176	816
3953	817
4083	818
2517	819
5408	820
5784	821
1639	822
2373	823
6637	824
806	825
29	826
5069	827
1789	828
251	829
6485	830
1189	831
1364	832
2721	833
925	834
4340	835
2447	836
6368	837
7070	838
6587	839
864	840
950	841
447	842
5936	843
5411	844
1899	845
129	846
535	847
5243	848
6193	849
3574	850
3732	851
1760	852
152	853
1561	854
3233	855
4181	856
5672	857
5551	858
4508	859
2372	860
2457	861
3999	862
6826	863
3761	864
4690	865
6117	866
3874	867
5020	868
6062	869
5983	870
5353	871
1742	872
2281	873
1948	874
1548	875
58	876
5554	877
706	878
1121	879
1320	880
367	881
721	882
389	883
4799	884
698	885
1001	886
468	887
4953	888
576	889
1285	890
4002	891
2005	892
385	893
1508	894
5994	895
207	896
4889	897
6821	898
2907	899
135	900
50	901
186	902
5801	903
3608	904
5128	905
369	906
211	907
1135	908
3755	909
207	910
1088	911
1293	912
3789	913
5089	914
2678	915
572	916
388	917
5	918
315	919
1320	920
5418	921
2093	922
3469	923
7098	924
5659	925
4521	926
6274	927
464	928
300	929
508	930
2602	931
158	932
5059	933
2301	934
363	935
854	936
2390	937
127	938
1362	939
1858	940
7002	941
2286	942
2444	943
1595	944
984	945
3128	946
654	947
462	948
944	949
1124	950
2888	951
3889	952
2089	953
2128	954
2191	955
1543	956
6021	957
71	958
6418	959
2913	960
1245	961
3217	962
2723	963
6165	964
933	965
4829	966
3772	967
961	968
5480	969
900	970
2624	971
5863	972
5509	973
5699	974
22	975
5235	976
42	977
1093	978
5946	979
6054	980
1577	981
1621	982
5626	983
90	984
54	985
5955	986
4282	987
1374	988
6844	989
6160	990
3494	991
1127	992
3152	993
840	994
840	995
3004	996
286	997
5053	998
2269	999
836	1000
3172	1001
1223	1002
4379	1003
448	1004
273	1005
4188	1006
1184	1007
6429	1008
1638	1009
1069	1010
6840	1011
3948	1012
2925	1013
4825	1014
2822	1015
1143	1016
5102	1017
1431	1018
514	1019
1115	1020
411	1021
5871	1022
5040	1023
1496	1024
5236	1025
3609	1026
891	1027
1836	1028
5330	1029
2141	1030
5732	1031
1071	1032
951	1033
117	1034
465	1035
4637	1036
5247	1037
2955	1038
325	1039
4410	1040
405	1041
2765	1042
449	1043
1128	1044
1109	1045
5581	1046
1197	1047
1773	1048
5394	1049
1663	1050
1513	1051
6303	1052
5417	1053
4909	1054
6462	1055
90	1056
4462	1057
1494	1058
4649	1059
1944	1060
6889	1061
55	1062
335	1063
4458	1064
4151	1065
176	1066
91	1067
1334	1068
2918	1069
6369	1070
3717	1071
280	1072
5137	1073
956	1074
1378	1075
1061	1076
2700	1077
5881	1078
467	1079
5005	1080
277	1081
19	1082
2063	1083
389	1084
5727	1085
4763	1086
6121	1087
546	1088
4240	1089
4744	1090
486	1091
3043	1092
3112	1093
6244	1094
145	1095
7060	1096
377	1097
479	1098
1483	1099
459	1100
4881	1101
960	1102
6108	1103
2057	1104
5286	1105
25	1106
5830	1107
3363	1108
3382	1109
1827	1110
5650	1111
1772	1112
5475	1113
2172	1114
3143	1115
857	1116
4485	1117
7073	1118
931	1119
4280	1120
1019	1121
3570	1122
3562	1123
4944	1124
6913	1125
50	1126
364	1127
2217	1128
6945	1129
1930	1130
588	1131
4699	1132
1889	1133
241	1134
134	1135
886	1136
301	1137
36	1138
352	1139
1841	1140
5017	1141
6671	1142
4951	1143
1671	1144
2580	1145
4500	1146
387	1147
6337	1148
181	1149
3059	1150
466	1151
6647	1152
4780	1153
3929	1154
2029	1155
1489	1156
2152	1157
844	1158
703	1159
1857	1160
6798	1161
4154	1162
1252	1163
4989	1164
6850	1165
52	1166
1538	1167
1103	1168
6660	1169
2238	1170
7096	1171
3836	1172
343	1173
842	1174
653	1175
3725	1176
24	1177
223	1178
779	1179
3780	1180
22	1181
3700	1182
457	1183
1217	1184
4456	1185
4613	1186
5523	1187
97	1188
6361	1189
1500	1190
946	1191
4350	1192
4530	1193
1992	1194
6682	1195
7069	1196
5720	1197
4871	1198
3379	1199
2189	1200
3754	1201
98	1202
971	1203
971	1204
6249	1205
1530	1206
236	1207
230	1208
299	1209
5648	1210
324	1211
874	1212
4731	1213
5793	1214
167	1215
257	1216
1851	1217
6899	1218
3165	1219
918	1220
2306	1221
1918	1222
1770	1223
6829	1224
4166	1225
6820	1226
5095	1227
3213	1228
4810	1229
187	1230
1341	1231
1007	1232
429	1233
6779	1234
44	1235
4114	1236
2617	1237
216	1238
992	1239
1492	1240
738	1241
395	1242
1845	1243
706	1244
5317	1245
1662	1246
1871	1247
314	1248
2409	1249
2586	1250
1451	1251
1184	1252
2134	1253
15	1254
48	1255
1931	1256
835	1257
3485	1258
1216	1259
6056	1260
1142	1261
264	1262
733	1263
5500	1264
969	1265
1104	1266
667	1267
667	1268
2299	1269
26	1270
5778	1271
5968	1272
3557	1273
2105	1274
5556	1275
1697	1276
1174	1277
2902	1278
5677	1279
1287	1280
3634	1281
6076	1282
737	1283
3983	1284
4213	1285
6339	1286
14	1287
1471	1288
909	1289
5003	1290
1	1291
1325	1292
7004	1293
1637	1294
4849	1295
4200	1296
102	1297
6393	1298
7021	1299
696	1300
980	1301
240	1302
53	1303
3768	1304
2630	1305
2037	1306
31	1307
574	1308
3166	1309
625	1310
121	1311
6412	1312
5603	1313
7	1314
5107	1315
1638	1316
4976	1317
1240	1318
9	1319
3601	1320
490	1321
4400	1322
4442	1323
4067	1324
2500	1325
4896	1326
1116	1327
2423	1328
2150	1329
3791	1330
2273	1331
1018	1332
4736	1333
1771	1334
3134	1335
2418	1336
457	1337
1152	1338
1083	1339
2758	1340
4806	1341
1067	1342
5915	1343
99	1344
3559	1345
82	1346
1253	1347
4290	1348
4912	1349
2245	1350
6846	1351
22	1352
2358	1353
3196	1354
861	1355
1719	1356
2873	1357
1838	1358
1428	1359
3502	1360
115	1361
2322	1362
153	1363
34	1364
1462	1365
677	1366
3023	1367
16	1368
2235	1369
219	1370
244	1371
7048	1372
6306	1373
1304	1374
619	1375
359	1376
3490	1377
1703	1378
1022	1379
4624	1380
5268	1381
1455	1382
274	1383
926	1384
3330	1385
3408	1386
1452	1387
7063	1388
1399	1389
5301	1390
3240	1391
1305	1392
1876	1393
3966	1394
316	1395
475	1396
1351	1397
1153	1398
3514	1399
4567	1400
4147	1401
1025	1402
40	1403
2502	1404
6869	1405
5839	1406
145	1407
2613	1408
1612	1409
1520	1410
7059	1411
1141	1412
3418	1413
1054	1414
1571	1415
482	1416
7000	1417
7084	1418
1578	1419
5935	1420
6296	1421
1862	1422
1758	1423
9	1424
4386	1425
4782	1426
511	1427
1741	1428
144	1429
6736	1430
1113	1431
3879	1432
4960	1433
535	1434
1006	1435
5693	1436
6971	1437
5313	1438
5435	1439
2819	1440
1100	1441
1831	1442
4352	1443
586	1444
1915	1445
6676	1446
10	1447
244	1448
3675	1449
564	1450
4940	1451
449	1452
1008	1453
4819	1454
4072	1455
566	1456
452	1457
2916	1458
92	1459
874	1460
6025	1461
5407	1462
6496	1463
3371	1464
1783	1465
1666	1466
20	1467
1627	1468
85	1469
5712	1470
758	1471
1617	1472
5537	1473
6284	1474
1699	1475
3062	1476
2295	1477
3368	1478
645	1479
1983	1480
333	1481
5455	1482
6689	1483
7064	1484
1645	1485
68	1486
5619	1487
7032	1488
1461	1489
4712	1490
746	1491
4008	1492
2	1493
6007	1494
6352	1495
4466	1496
837	1497
724	1498
5186	1499
4795	1500
965	1501
165	1502
1464	1503
328	1504
329	1505
3389	1506
4363	1507
5104	1508
145	1509
1786	1510
1163	1511
6260	1512
5820	1513
3029	1514
4191	1515
4945	1516
1722	1517
5649	1518
5263	1519
981	1520
525	1521
5067	1522
5616	1523
5701	1524
6910	1525
6507	1526
1755	1527
9	1528
500	1529
1472	1530
979	1531
4105	1532
4272	1533
531	1534
7109	1535
4502	1536
1078	1537
3960	1538
3612	1539
1859	1540
2775	1541
6670	1542
1792	1543
777	1544
4657	1545
4997	1546
6900	1547
271	1548
5421	1549
1833	1550
1027	1551
2098	1552
5515	1553
2576	1554
2693	1555
3343	1556
6149	1557
4415	1558
7062	1559
6559	1560
2662	1561
2534	1562
19	1563
1238	1564
394	1565
5379	1566
516	1567
5611	1568
1559	1569
2596	1570
194	1571
629	1572
186	1573
6014	1574
2412	1575
1123	1576
3280	1577
3976	1578
924	1579
5188	1580
1580	1581
4771	1582
3035	1583
3704	1584
2860	1585
3087	1586
4839	1587
2437	1588
4726	1589
374	1590
6590	1591
796	1592
379	1593
446	1594
3236	1595
7020	1596
4368	1597
6198	1598
6607	1599
6661	1600
4351	1601
1414	1602
457	1603
5756	1604
5489	1605
1606	1606
5992	1607
830	1608
2017	1609
801	1610
5424	1611
6132	1612
4435	1613
3538	1614
2706	1615
1052	1616
562	1617
5700	1618
210	1619
4053	1620
1993	1621
6152	1622
5013	1623
2117	1624
1744	1625
485	1626
69	1627
5527	1628
4532	1629
1709	1630
3578	1631
5942	1632
6636	1633
2917	1634
5278	1635
3913	1636
2118	1637
5592	1638
1685	1639
5334	1640
2138	1641
610	1642
3819	1643
1495	1644
2020	1645
168	1646
4210	1647
3671	1648
284	1649
275	1650
5950	1651
5555	1652
972	1653
14	1654
4925	1655
3524	1656
2022	1657
2547	1658
483	1659
34	1660
27	1661
6145	1662
2282	1663
512	1664
3546	1665
206	1666
6859	1667
1465	1668
2047	1669
2620	1670
1812	1671
1233	1672
1096	1673
5134	1674
1643	1675
88	1676
2405	1677
5300	1678
933	1679
1846	1680
2983	1681
2823	1682
255	1683
1896	1684
137	1685
3735	1686
1301	1687
1721	1688
3742	1689
3571	1690
1839	1691
101	1692
4167	1693
443	1694
3007	1695
3155	1696
5944	1697
3130	1698
2077	1699
2627	1700
1527	1701
4069	1702
3042	1703
6159	1704
2227	1705
957	1706
241	1707
4194	1708
5917	1709
5490	1710
392	1711
3895	1712
935	1713
1741	1714
2401	1715
21	1716
1964	1717
5237	1718
6675	1719
5105	1720
2743	1721
2728	1722
435	1723
1523	1724
5181	1725
1501	1726
5806	1727
180	1728
928	1729
884	1730
3857	1731
473	1732
774	1733
362	1734
1060	1735
1635	1736
2196	1737
6224	1738
4697	1739
6071	1740
2786	1741
528	1742
6229	1743
2114	1744
20	1745
3187	1746
1929	1747
165	1748
263	1749
2515	1750
266	1751
3779	1752
509	1753
183	1754
6154	1755
4448	1756
793	1757
211	1758
6775	1759
689	1760
6169	1761
2223	1762
5260	1763
290	1764
1397	1765
29	1766
460	1767
1573	1768
6414	1769
4922	1770
3270	1771
498	1772
6802	1773
6861	1774
4813	1775
697	1776
3231	1777
12	1778
1553	1779
1281	1780
5275	1781
3486	1782
1309	1783
1295	1784
5360	1785
81	1786
576	1787
604	1788
998	1789
1183	1790
4684	1791
6443	1792
596	1793
200	1794
2168	1795
1110	1796
6188	1797
1029	1798
416	1799
1155	1800
1726	1801
1685	1802
2680	1803
5070	1804
4107	1805
1529	1806
118	1807
56	1808
310	1809
1226	1810
1316	1811
785	1812
1012	1813
127	1814
4880	1815
1247	1816
2947	1817
3658	1818
5971	1819
366	1820
816	1821
797	1822
887	1823
265	1824
1322	1825
2014	1826
2718	1827
5323	1828
5613	1829
3833	1830
2785	1831
2033	1832
536	1833
230	1834
2990	1835
4042	1836
3006	1837
1239	1838
4304	1839
1751	1840
4640	1841
6663	1842
4098	1843
438	1844
3862	1845
418	1846
1217	1847
1778	1848
1262	1849
5779	1850
6581	1851
2777	1852
3470	1853
1347	1854
1405	1855
1405	1856
2009	1857
398	1858
65	1859
6384	1860
5576	1861
6528	1862
4495	1863
4832	1864
1783	1865
3415	1866
116	1867
5136	1868
4733	1869
2397	1870
5505	1871
428	1872
415	1873
1427	1874
2015	1875
5564	1876
2243	1877
3320	1878
1348	1879
1371	1880
1288	1881
2031	1882
2455	1883
5049	1884
5082	1885
1382	1886
3232	1887
1648	1888
242	1889
468	1890
5022	1891
5679	1892
4429	1893
2081	1894
5255	1895
191	1896
6015	1897
4132	1898
2167	1899
5752	1900
1867	1901
1490	1902
6358	1903
1963	1904
2482	1905
123	1906
31	1907
6219	1908
3695	1909
4414	1910
6996	1911
6009	1912
7036	1913
1251	1914
2292	1915
440	1916
3457	1917
251	1918
613	1919
4175	1920
5954	1921
4269	1922
126	1923
5414	1924
705	1925
707	1926
766	1927
634	1928
6442	1929
6572	1930
3506	1931
4599	1932
2162	1933
2434	1934
4790	1935
5487	1936
5227	1937
4605	1938
400	1939
2469	1940
337	1941
5842	1942
1827	1943
2826	1944
1379	1945
909	1946
390	1947
6642	1948
486	1949
2791	1950
6102	1951
4894	1952
1206	1953
9	1954
463	1955
109	1956
1272	1957
2647	1958
988	1959
6304	1960
3219	1961
635	1962
498	1963
11	1964
3279	1965
170	1966
5364	1967
87	1968
1782	1969
1554	1970
2049	1971
348	1972
2435	1973
1400	1974
578	1975
736	1976
310	1977
2096	1978
279	1979
2288	1980
2198	1981
1966	1982
2171	1983
215	1984
2699	1985
812	1986
2426	1987
732	1988
169	1989
4914	1990
3181	1991
2187	1992
7025	1993
4610	1994
37	1995
6546	1996
2928	1997
1619	1998
6490	1999
1709	2000
4273	2001
6862	2002
849	2003
6289	2004
1606	2005
512	2006
4526	2007
309	2008
2378	2009
1013	2010
1522	2011
7031	2012
702	2013
3463	2014
7058	2015
4014	2016
2520	2017
6256	2018
1019	2019
765	2020
6464	2021
6931	2022
4654	2023
2408	2024
1236	2025
2541	2026
6388	2027
3118	2028
184	2029
447	2030
6176	2031
1397	2032
3863	2033
5929	2034
618	2035
882	2036
1667	2037
852	2038
2224	2039
5855	2040
4382	2041
622	2042
16	2043
4081	2044
1543	2045
1499	2046
2163	2047
96	2048
4923	2049
1793	2050
1032	2051
231	2052
456	2053
1925	2054
993	2055
6796	2056
3759	2057
1965	2058
104	2059
1048	2060
3444	2061
5539	2062
4808	2063
6929	2064
2215	2065
6958	2066
1565	2067
4661	2068
4144	2069
947	2070
1514	2071
815	2072
1934	2073
4082	2074
1242	2075
310	2076
269	2077
3845	2078
757	2079
4650	2080
4131	2081
1858	2082
555	2083
4574	2084
2747	2085
471	2086
347	2087
4029	2088
2042	2089
5073	2090
5205	2091
112	2092
5276	2093
5963	2094
1	2095
70	2096
5208	2097
1888	2098
1901	2099
50	2100
3180	2101
221	2102
198	2103
1065	2104
675	2105
1244	2106
6544	2107
5152	2108
5058	2109
1111	2110
5373	2111
6392	2112
1307	2113
100	2114
1814	2115
5197	2116
1784	2117
2402	2118
182	2119
3151	2120
1674	2121
46	2122
5902	2123
283	2124
739	2125
6475	2126
412	2127
2737	2128
2824	2129
1398	2130
4168	2131
2812	2132
2876	2133
6553	2134
3800	2135
2458	2136
6202	2137
363	2138
261	2139
6836	2140
1466	2141
4748	2142
1572	2143
6986	2144
6330	2145
2459	2146
6785	2147
1715	2148
4313	2149
1193	2150
6686	2151
155	2152
188	2153
1380	2154
6236	2155
77	2156
6314	2157
281	2158
377	2159
1169	2160
3243	2161
2422	2162
1479	2163
5854	2164
6291	2165
1526	2166
4734	2167
122	2168
1758	2169
6097	2170
233	2171
3841	2172
1943	2173
4326	2174
3461	2175
1656	2176
688	2177
5266	2178
3028	2179
6336	2180
3272	2181
13	2182
7049	2183
2807	2184
1411	2185
4230	2186
369	2187
97	2188
2428	2189
3178	2190
3560	2191
4395	2192
1197	2193
5401	2194
551	2195
17	2196
366	2197
6833	2198
27	2199
4824	2200
5479	2201
5587	2202
6988	2203
813	2204
1231	2205
399	2206
5032	2207
6497	2208
4117	2209
1675	2210
1979	2211
1273	2212
408	2213
3393	2214
1608	2215
89	2216
1061	2217
761	2218
397	2219
69	2220
1354	2221
5440	2222
459	2223
3667	2224
1211	2225
408	2226
7034	2227
3460	2228
770	2229
3311	2230
6611	2231
6364	2232
1980	2233
6109	2234
2711	2235
3281	2236
3443	2237
3207	2238
183	2239
6513	2240
6011	2241
3611	2242
1812	2243
9	2244
6474	2245
4376	2246
952	2247
1855	2248
3459	2249
6186	2250
6239	2251
3786	2252
6634	2253
365	2254
870	2255
1370	2256
7040	2257
1340	2258
3974	2259
6170	2260
5056	2261
58	2262
668	2263
1898	2264
1395	2265
3653	2266
460	2267
393	2268
77	2269
5019	2270
754	2271
3210	2272
2384	2273
1610	2274
7055	2275
1477	2276
2762	2277
1603	2278
29	2279
1840	2280
1334	2281
2316	2282
434	2283
1246	2284
1246	2285
4841	2286
157	2287
1074	2288
2000	2289
1075	2290
89	2291
2890	2292
3753	2293
2193	2294
615	2295
2313	2296
236	2297
2489	2298
2417	2299
183	2300
4346	2301
6816	2302
560	2303
1949	2304
5044	2305
401	2306
5026	2307
3599	2308
2663	2309
6307	2310
1723	2311
11	2312
11	2313
5402	2314
2715	2315
450	2316
4935	2317
1810	2318
2687	2319
4319	2320
808	2321
5645	2322
5090	2323
3312	2324
1018	2325
454	2326
709	2327
3641	2328
660	2329
3679	2330
1192	2331
185	2332
149	2333
2	2334
5773	2335
1707	2336
5230	2337
379	2338
5222	2339
6877	2340
4766	2341
391	2342
1870	2343
904	2344
904	2345
3	2346
1248	2347
2891	2348
4628	2349
3364	2350
1159	2351
6150	2352
225	2353
110	2354
2144	2355
421	2356
1704	2357
20	2358
822	2359
2790	2360
2679	2361
1307	2362
1775	2363
4017	2364
552	2365
242	2366
4818	2367
1139	2368
371	2369
6674	2370
2964	2371
4604	2372
1237	2373
1950	2374
1335	2375
523	2376
46	2377
767	2378
3984	2379
397	2380
1185	2381
5574	2382
3947	2383
1687	2384
588	2385
1400	2386
254	2387
6841	2388
6	2389
2929	2390
139	2391
281	2392
3377	2393
3521	2394
1677	2395
2655	2396
7015	2397
3940	2398
1232	2399
1864	2400
6865	2401
655	2402
2509	2403
1031	2404
1594	2405
3325	2406
883	2407
2377	2408
3876	2409
1763	2410
330	2411
493	2412
4324	2413
504	2414
4338	2415
6880	2416
2560	2417
5590	2418
975	2419
1096	2420
2912	2421
5085	2422
6484	2423
200	2424
221	2425
3	2426
890	2427
5244	2428
3581	2429
787	2430
1541	2431
2977	2432
2595	2433
810	2434
1836	2435
2190	2436
1456	2437
1828	2438
4300	2439
1615	2440
4760	2441
410	2442
20	2443
6771	2444
526	2445
1308	2446
358	2447
586	2448
4858	2449
439	2450
3814	2451
2381	2452
110	2453
782	2454
2830	2455
6763	2456
1250	2457
814	2458
1373	2459
4885	2460
6269	2461
141	2462
5319	2463
3892	2464
1434	2465
527	2466
2439	2467
5518	2468
3104	2469
76	2470
1462	2471
1719	2472
1668	2473
3808	2474
316	2475
1808	2476
71	2477
5291	2478
5015	2479
2970	2480
5913	2481
5945	2482
3505	2483
5744	2484
2210	2485
1497	2486
2430	2487
2776	2488
12	2489
2649	2490
6930	2491
739	2492
4669	2493
4932	2494
6842	2495
2427	2496
1615	2497
441	2498
5606	2499
4788	2500
4190	2501
1201	2502
1044	2503
5875	2504
1962	2505
2026	2506
2667	2507
6726	2508
4693	2509
805	2510
8	2511
995	2512
7054	2513
1873	2514
5419	2515
238	2516
99	2517
2494	2518
4323	2519
1	2520
6238	2521
5787	2522
4499	2523
269	2524
575	2525
4759	2526
4204	2527
514	2528
608	2529
2185	2530
24	2531
3	2532
1647	2533
4344	2534
3540	2535
6609	2536
1349	2537
4403	2538
1232	2539
1267	2540
387	2541
792	2542
5530	2543
2258	2544
824	2545
250	2546
2079	2547
3512	2548
39	2549
1605	2550
6935	2551
6090	2552
1408	2553
1573	2554
733	2555
3061	2556
726	2557
532	2558
6738	2559
2839	2560
4933	2561
4216	2562
4641	2563
2371	2564
4642	2565
4875	2566
1682	2567
3080	2568
1614	2569
3445	2570
64	2571
3787	2572
2646	2573
1789	2574
3339	2575
3365	2576
3843	2577
3	2578
4092	2579
595	2580
3051	2581
2	2582
1356	2583
335	2584
272	2585
5148	2586
3034	2587
4588	2588
6747	2589
334	2590
1175	2591
198	2592
3252	2593
4356	2594
1195	2595
1411	2596
2664	2597
3374	2598
6157	2599
6233	2600
6178	2601
30	2602
3783	2603
321	2604
1378	2605
440	2606
3135	2607
2956	2608
4718	2609
2389	2610
4123	2611
5642	2612
4738	2613
1646	2614
6228	2615
1735	2616
2324	2617
4095	2618
4197	2619
1292	2620
6436	2621
4059	2622
2658	2623
153	2624
2616	2625
5748	2626
566	2627
807	2628
4422	2629
1037	2630
3893	2631
6065	2632
442	2633
490	2634
1756	2635
6995	2636
5569	2637
3199	2638
6523	2639
138	2640
3592	2641
545	2642
5194	2643
704	2644
716	2645
5841	2646
101	2647
835	2648
1060	2649
146	2650
1274	2651
1484	2652
5737	2653
3498	2654
128	2655
97	2656
4218	2657
2982	2658
3756	2659
5918	2660
1301	2661
2543	2662
6033	2663
228	2664
1141	2665
1618	2666
3901	2667
2221	2668
3691	2669
276	2670
4332	2671
135	2672
5369	2673
4555	2674
5156	2675
3149	2676
1015	2677
1318	2678
4607	2679
4097	2680
2611	2681
5161	2682
265	2683
7033	2684
6530	2685
5336	2686
775	2687
863	2688
7006	2689
3	2690
196	2691
416	2692
97	2693
4027	2694
725	2695
21	2696
120	2697
5542	2698
1004	2699
6598	2700
661	2701
3813	2702
6029	2703
4031	2704
3775	2705
1140	2706
7010	2707
3373	2708
2279	2709
3927	2710
3268	2711
4009	2712
6896	2713
481	2714
4959	2715
4802	2716
880	2717
6	2718
203	2719
3111	2720
2921	2721
4522	2722
5376	2723
1029	2724
441	2725
1319	2726
1362	2727
98	2728
1450	2729
24	2730
4159	2731
2099	2732
4182	2733
417	2734
1338	2735
814	2736
5109	2737
898	2738
4742	2739
4428	2740
169	2741
115	2742
2531	2743
274	2744
2181	2745
6064	2746
549	2747
3337	2748
321	2749
2149	2750
634	2751
1982	2752
4578	2753
979	2754
1011	2755
4967	2756
217	2757
2856	2758
16	2759
6189	2760
182	2761
362	2762
4	2763
1438	2764
4998	2765
7029	2766
4393	2767
1749	2768
1977	2769
416	2770
189	2771
923	2772
6343	2773
6243	2774
1176	2775
4252	2776
330	2777
1444	2778
2355	2779
1473	2780
3295	2781
5290	2782
5815	2783
4798	2784
5342	2785
18	2786
177	2787
2789	2788
1	2789
492	2790
3868	2791
4631	2792
1131	2793
4	2794
895	2795
5858	2796
5836	2797
148	2798
350	2799
2320	2800
959	2801
323	2802
999	2803
469	2804
5987	2805
6218	2806
332	2807
868	2808
6787	2809
323	2810
1712	2811
3963	2812
894	2813
1	2814
5938	2815
1285	2816
873	2817
938	2818
4814	2819
3355	2820
138	2821
4339	2822
4568	2823
4471	2824
4281	2825
1723	2826
598	2827
2757	2828
283	2829
3065	2830
4658	2831
5690	2832
958	2833
5473	2834
336	2835
2211	2836
533	2837
28	2838
3917	2839
1009	2840
175	2841
6502	2842
5953	2843
3955	2844
160	2845
1504	2846
480	2847
872	2848
2180	2849
984	2850
1089	2851
128	2852
5775	2853
14	2854
393	2855
5311	2856
2429	2857
5785	2858
682	2859
4044	2860
2073	2861
2810	2862
2811	2863
5552	2864
366	2865
382	2866
92	2867
92	2868
662	2869
3139	2870
507	2871
6488	2872
5514	2873
3666	2874
1158	2875
4262	2876
44	2877
166	2878
84	2879
5359	2880
44	2881
33	2882
60	2883
5623	2884
4648	2885
1857	2886
3	2887
4470	2888
6372	2889
1850	2890
1570	2891
4478	2892
1672	2893
1241	2894
139	2895
3818	2896
749	2897
1460	2898
3317	2899
150	2900
338	2901
65	2902
6718	2903
3686	2904
113	2905
6743	2906
1124	2907
1483	2908
5273	2909
15	2910
1818	2911
6954	2912
4891	2913
1459	2914
798	2915
19	2916
19	2917
19	2918
6875	2919
2312	2920
5532	2921
1463	2922
5888	2923
2685	2924
1863	2925
6401	2926
920	2927
860	2928
6753	2929
1435	2930
6946	2931
7	2932
6508	2933
4531	2934
4434	2935
10	2936
391	2937
2111	2938
1941	2939
238	2940
202	2941
6884	2942
1935	2943
2948	2944
538	2945
660	2946
722	2947
183	2948
6072	2949
2648	2950
947	2951
67	2952
445	2953
768	2954
582	2955
2048	2956
1626	2957
6666	2958
5599	2959
48	2960
24	2961
3115	2962
3398	2963
68	2964
5622	2965
6112	2966
1487	2967
3488	2968
326	2969
6163	2970
6811	2971
6220	2972
5507	2973
4695	2974
5303	2975
489	2976
1289	2977
5293	2978
6916	2979
1659	2980
2454	2981
6908	2982
821	2983
4314	2984
7085	2985
1552	2986
12	2987
2289	2988
4195	2989
1558	2990
734	2991
400	2992
652	2993
6471	2994
2996	2995
5986	2996
2490	2997
1389	2998
2445	2999
4032	3000
2246	3001
3886	3002
4484	3003
473	3004
3085	3005
5856	3006
1245	3007
2160	3008
1646	3009
4707	3010
326	3011
1076	3012
4645	3013
3048	3014
1959	3015
699	3016
2779	3017
18	3018
3162	3019
168	3020
176	3021
2170	3022
333	3023
1729	3024
5004	3025
1220	3026
2054	3027
1690	3028
1468	3029
1156	3030
4108	3031
1219	3032
6172	3033
6857	3034
1569	3035
2571	3036
2854	3037
1933	3038
3951	3039
47	3040
7067	3041
7016	3042
6046	3043
2656	3044
7041	3045
1478	3046
12	3047
2838	3048
163	3049
4399	3050
6541	3051
4063	3052
2450	3053
726	3054
5717	3055
5118	3056
1620	3057
5769	3058
6778	3059
2	3060
3107	3061
3861	3062
3046	3063
3584	3064
2701	3065
1039	3066
142	3067
1150	3068
4554	3069
5084	3070
6058	3071
945	3072
2004	3073
710	3074
3847	3075
1693	3076
255	3077
4816	3078
7072	3079
2555	3080
3782	3081
399	3082
1384	3083
3318	3084
201	3085
3727	3086
1090	3087
3310	3088
6603	3089
4803	3090
695	3091
1424	3092
1547	3093
1824	3094
6194	3095
5481	3096
3693	3097
1139	3098
6144	3099
6182	3100
501	3101
3936	3102
3934	3103
1097	3104
4572	3105
4149	3106
574	3107
1866	3108
1862	3109
520	3110
1752	3111
7066	3112
268	3113
232	3114
679	3115
3193	3116
6653	3117
6918	3118
6020	3119
3915	3120
1667	3121
1033	3122
556	3123
4432	3124
1582	3125
4260	3126
8	3127
232	3128
1421	3129
3449	3130
5541	3131
3427	3132
6539	3133
3191	3134
970	3135
1283	3136
1503	3137
4717	3138
4459	3139
215	3140
1130	3141
5724	3142
118	3143
1185	3144
4594	3145
1869	3146
6648	3147
7093	3148
2104	3149
202	3150
4461	3151
3256	3152
6981	3153
1595	3154
341	3155
378	3156
202	3157
3140	3158
6942	3159
5873	3160
780	3161
292	3162
656	3163
5199	3164
5753	3165
4481	3166
5	3167
649	3168
1770	3169
6350	3170
453	3171
497	3172
4954	3173
1692	3174
5995	3175
1225	3176
4737	3177
353	3178
277	3179
458	3180
4453	3181
199	3182
1702	3183
3	3184
1000	3185
685	3186
5057	3187
2074	3188
5618	3189
1607	3190
37	3191
4438	3192
994	3193
26	3194
493	3195
4024	3196
597	3197
196	3198
5786	3199
268	3200
5253	3201
88	3202
1033	3203
6639	3204
773	3205
3	3206
82	3207
262	3208
131	3209
2072	3210
6810	3211
1632	3212
1524	3213
6536	3214
7028	3215
4445	3216
2307	3217
2	3218
659	3219
1216	3220
331	3221
1082	3222
2501	3223
4778	3224
72	3225
1448	3226
1089	3227
6540	3228
72	3229
33	3230
111	3231
3327	3232
889	3233
3301	3234
6297	3235
6424	3236
1374	3237
4224	3238
5928	3239
2464	3240
4080	3241
4361	3242
1376	3243
5545	3244
5764	3245
107	3246
277	3247
339	3248
4609	3249
82	3250
1737	3251
285	3252
612	3253
4971	3254
82	3255
710	3256
700	3257
5927	3258
383	3259
288	3260
1149	3261
2120	3262
2672	3263
1182	3264
1426	3265
2872	3266
2202	3267
4874	3268
702	3269
4388	3270
1526	3271
4758	3272
4371	3273
4711	3274
1304	3275
4	3276
2256	3277
4794	3278
5485	3279
2069	3280
39	3281
4557	3282
3648	3283
6096	3284
5031	3285
4617	3286
3428	3287
1409	3288
4037	3289
5356	3290
180	3291
5869	3292
2734	3293
4335	3294
5930	3295
1781	3296
934	3297
5016	3298
4739	3299
167	3300
1764	3301
2056	3302
3916	3303
1143	3304
412	3305
258	3306
1072	3307
6517	3308
41	3309
4045	3310
1644	3311
2717	3312
5878	3313
2463	3314
4286	3315
1952	3316
6748	3317
1321	3318
6	3319
1566	3320
6864	3321
73	3322
3848	3323
4601	3324
617	3325
6078	3326
6134	3327
5996	3328
6818	3329
3121	3330
1509	3331
3020	3332
3012	3333
637	3334
40	3335
1	3336
1738	3337
1551	3338
105	3339
189	3340
5	3341
657	3342
1591	3343
1	3344
2707	3345
324	3346
2523	3347
1228	3348
5765	3349
5318	3350
4962	3351
5087	3352
820	3353
605	3354
429	3355
809	3356
5052	3357
1729	3358
6281	3359
184	3360
2157	3361
500	3362
5772	3363
1932	3364
2	3365
1476	3366
142	3367
1456	3368
2564	3369
4425	3370
5722	3371
249	3372
2496	3373
3978	3374
2683	3375
3462	3376
1648	3377
867	3378
1629	3379
5434	3380
77	3381
901	3382
3687	3383
3629	3384
846	3385
5517	3386
7082	3387
1528	3388
6124	3389
6737	3390
1149	3391
3163	3392
1300	3393
5960	3394
1360	3395
6	3396
1431	3397
41	3398
1412	3399
6410	3400
1550	3401
1754	3402
6208	3403
1499	3404
6568	3405
532	3406
3962	3407
682	3408
2438	3409
158	3410
314	3411
1171	3412
3665	3413
319	3414
5558	3415
1442	3416
85	3417
6482	3418
5686	3419
1164	3420
4974	3421
6871	3422
4597	3423
3290	3424
6613	3425
5177	3426
790	3427
769	3428
1361	3429
3072	3430
378	3431
1794	3432
5201	3433
6759	3434
6317	3435
529	3436
4873	3437
5768	3438
5908	3439
6924	3440
4666	3441
1498	3442
444	3443
1743	3444
4233	3445
800	3446
6328	3447
2958	3448
3381	3449
4719	3450
28	3451
794	3452
3810	3453
3992	3454
5444	3455
2244	3456
5796	3457
5024	3458
3277	3459
1261	3460
5803	3461
6827	3462
1588	3463
6655	3464
3473	3465
3903	3466
672	3467
2985	3468
41	3469
5838	3470
3830	3471
5092	3472
1971	3473
19	3474
190	3475
4602	3476
311	3477
5180	3478
1291	3479
703	3480
6534	3481
4192	3482
4199	3483
2961	3484
5393	3485
364	3486
568	3487
600	3488
4504	3489
58	3490
4635	3491
6984	3492
6907	3493
1728	3494
423	3495
1162	3496
5410	3497
4551	3498
3003	3499
3644	3500
3965	3501
11	3502
5612	3503
829	3504
901	3505
1651	3506
1829	3507
1637	3508
100	3509
6036	3510
1386	3511
5666	3512
4651	3513
2240	3514
360	3515
966	3516
3096	3517
5441	3518
2584	3519
6094	3520
646	3521
266	3522
538	3523
1826	3524
3089	3525
2788	3526
1861	3527
5012	3528
6302	3529
1343	3530
3572	3531
43	3532
641	3533
17	3534
3141	3535
184	3536
3924	3537
2039	3538
1792	3539
123	3540
49	3541
2300	3542
13	3543
311	3544
5563	3545
311	3546
6774	3547
3617	3548
5458	3549
133	3550
491	3551
1701	3552
2003	3553
385	3554
2966	3555
1459	3556
5976	3557
3328	3558
4887	3559
165	3560
3250	3561
4050	3562
112	3563
856	3564
250	3565
4302	3566
713	3567
1144	3568
3212	3569
6247	3570
32	3571
62	3572
6703	3573
2113	3574
1803	3575
1546	3576
163	3577
4476	3578
1449	3579
926	3580
2556	3581
669	3582
622	3583
5529	3584
2773	3585
472	3586
5231	3587
4550	3588
4468	3589
62	3590
4038	3591
5860	3592
1555	3593
5870	3594
137	3595
333	3596
5664	3597
173	3598
2578	3599
1146	3600
752	3601
943	3602
370	3603
130	3604
1148	3605
2546	3606
3977	3607
3553	3608
5289	3609
53	3610
1129	3611
5191	3612
38	3613
5692	3614
578	3615
4905	3616
5506	3617
2508	3618
6575	3619
755	3620
6498	3621
4664	3622
5088	3623
56	3624
2174	3625
1593	3626
2968	3627
2277	3628
6259	3629
195	3630
1293	3631
553	3632
1005	3633
4897	3634
419	3635
1249	3636
4672	3637
80	3638
3262	3639
6258	3640
7023	3641
83	3642
6526	3643
3597	3644
803	3645
229	3646
6720	3647
1802	3648
2130	3649
5383	3650
544	3651
93	3652
742	3653
318	3654
688	3655
108	3656
3123	3657
228	3658
2919	3659
4579	3660
642	3661
157	3662
1346	3663
4296	3664
6286	3665
1423	3666
188	3667
771	3668
422	3669
75	3670
6657	3671
291	3672
1739	3673
5287	3674
62	3675
5597	3676
4981	3677
5632	3678
5565	3679
3431	3680
1939	3681
6538	3682
6273	3683
548	3684
4656	3685
2119	3686
4358	3687
5502	3688
10	3689
3739	3690
1145	3691
1650	3692
120	3693
4073	3694
4787	3695
247	3696
4016	3697
1279	3698
1163	3699
609	3700
3866	3701
2253	3702
517	3703
1511	3704
5807	3705
625	3706
1098	3707
1737	3708
1909	3709
5354	3710
2346	3711
6643	3712
1776	3713
1658	3714
1510	3715
62	3716
42	3717
1396	3718
6516	3719
4156	3720
4155	3721
6133	3722
598	3723
71	3724
1236	3725
1731	3726
2719	3727
5283	3728
5121	3729
4284	3730
2348	3731
167	3732
4898	3733
66	3734
863	3735
694	3736
3846	3737
2753	3738
144	3739
257	3740
1336	3741
253	3742
2857	3743
1	3744
1532	3745
1865	3746
522	3747
4145	3748
1158	3749
2974	3750
2713	3751
6013	3752
166	3753
2231	3754
4258	3755
449	3756
2092	3757
2232	3758
349	3759
2132	3760
699	3761
6746	3762
472	3763
858	3764
1872	3765
4256	3766
396	3767
2901	3768
976	3769
38	3770
5919	3771
2588	3772
4494	3773
4146	3774
1779	3775
645	3776
573	3777
4776	3778
3225	3779
365	3780
139	3781
7	3782
1097	3783
2803	3784
2060	3785
6465	3786
6277	3787
28	3788
1099	3789
502	3790
52	3791
381	3792
1313	3793
3543	3794
2816	3795
5610	3796
124	3797
2886	3798
1120	3799
6467	3800
1329	3801
192	3802
5225	3803
6407	3804
1432	3805
6867	3806
4644	3807
837	3808
4450	3809
5270	3810
1398	3811
2572	3812
720	3813
344	3814
740	3815
5492	3816
20	3817
5023	3818
1598	3819
1518	3820
1455	3821
1147	3822
48	3823
6633	3824
1544	3825
6377	3826
6751	3827
1818	3828
6630	3829
2239	3830
850	3831
1447	3832
239	3833
1987	3834
2101	3835
260	3836
1569	3837
5646	3838
5	3839
3475	3840
5802	3841
1651	3842
29	3843
648	3844
2126	3845
4847	3846
2730	3847
1004	3848
4318	3849
306	3850
5154	3851
292	3852
6481	3853
6800	3854
4488	3855
2044	3856
6589	3857
4660	3858
1102	3859
3251	3860
5226	3861
107	3862
6780	3863
1072	3864
4174	3865
1830	3866
1746	3867
1055	3868
5939	3869
219	3870
337	3871
1257	3872
1765	3873
3288	3874
184	3875
1070	3876
5538	3877
1087	3878
253	3879
2296	3880
36	3881
5805	3882
28	3883
5306	3884
5250	3885
6187	3886
188	3887
78	3888
6438	3889
224	3890
3211	3891
1449	3892
2332	3893
203	3894
3384	3895
1788	3896
1659	3897
2262	3898
5821	3899
1086	3900
1198	3901
3	3902
6408	3903
5777	3904
1297	3905
4160	3906
4011	3907
4585	3908
132	3909
403	3910
5459	3911
4133	3912
1989	3913
4496	3914
1151	3915
33	3916
59	3917
1	3918
1344	3919
5106	3920
425	3921
3878	3922
5657	3923
1120	3924
1137	3925
758	3926
49	3927
5861	3928
144	3929
1002	3930
364	3931
3891	3932
1590	3933
2641	3934
1495	3935
1337	3936
2415	3937
1257	3938
6621	3939
249	3940
5498	3941
1452	3942
1199	3943
4209	3944
356	3945
496	3946
6125	3947
6389	3948
75	3949
4203	3950
6813	3951
1475	3952
5367	3953
580	3954
93	3955
349	3956
1	3957
65	3958
1699	3959
2067	3960
89	3961
346	3962
1469	3963
1	3964
3523	3965
1256	3966
204	3967
308	3968
6708	3969
1669	3970
1669	3971
4297	3972
5656	3973
4186	3974
4377	3975
1797	3976
701	3977
6131	3978
4247	3979
1175	3980
3411	3981
3372	3982
1732	3983
1539	3984
4523	3985
695	3986
5964	3987
3715	3988
6040	3989
5168	3990
6092	3991
28	3992
2050	3993
5582	3994
197	3995
2	3996
290	3997
2735	3998
2675	3999
455	4000
1410	4001
912	4002
252	4003
1	4004
899	4005
93	4006
175	4007
1885	4008
6305	4009
7097	4010
1338	4011
1600	4012
5866	4013
161	4014
6863	4015
144	4016
2538	4017
547	4018
1302	4019
1406	4020
4827	4021
1515	4022
6375	4023
4065	4024
1051	4025
955	4026
6563	4027
832	4028
74	4029
2065	4030
1051	4031
2088	4032
2095	4033
6038	4034
4583	4035
71	4036
921	4037
5431	4038
5499	4039
4449	4040
5029	4041
5307	4042
7100	4043
85	4044
79	4045
1705	4046
3589	4047
2591	4048
3033	4049
328	4050
4740	4051
1820	4052
4985	4053
544	4054
1393	4055
5345	4056
2046	4057
6547	4058
1385	4059
504	4060
1728	4061
1861	4062
1157	4063
4100	4064
5322	4065
539	4066
4618	4067
123	4068
2772	4069
1507	4070
607	4071
487	4072
5045	4073
4542	4074
303	4075
5252	4076
3534	4077
6839	4078
118	4079
2465	4080
520	4081
2107	4082
1867	4083
3362	4084
5880	4085
29	4086
2670	4087
43	4088
6664	4089
6129	4090
1567	4091
679	4092
527	4093
454	4094
2808	4095
3102	4096
2609	4097
4401	4098
2242	4099
160	4100
3942	4101
7017	4102
21	4103
3872	4104
6994	4105
5959	4106
6932	4107
6804	4108
1292	4109
17	4110
1556	4111
2474	4112
471	4113
2817	4114
1481	4115
4761	4116
2491	4117
3399	4118
58	4119
5302	4120
6327	4121
23	4122
3159	4123
1639	4124
620	4125
620	4126
6744	4127
3585	4128
6731	4129
5187	4130
3504	4131
6019	4132
5962	4133
6001	4134
1256	4135
3274	4136
2440	4137
187	4138
519	4139
3656	4140
1138	4141
4938	4142
5442	4143
6914	4144
5425	4145
3426	4146
6947	4147
4474	4148
1791	4149
3743	4150
4283	4151
606	4152
4056	4153
1559	4154
6293	4155
2716	4156
4966	4157
2139	4158
79	4159
3422	4160
1766	4161
1531	4162
1457	4163
1666	4164
1891	4165
117	4166
2850	4167
1713	4168
3084	4169
5702	4170
2827	4171
2832	4172
2216	4173
78	4174
494	4175
159	4176
6396	4177
5531	4178
6069	4179
3708	4180
77	4181
3336	4182
3	4183
271	4184
3920	4185
5262	4186
4682	4187
2980	4188
131	4189
6969	4190
4552	4191
1887	4192
239	4193
2041	4194
1634	4195
888	4196
4010	4197
5259	4198
3246	4199
5117	4200
5639	4201
3563	4202
1945	4203
5808	4204
4900	4205
5265	4206
3766	4207
548	4208
5335	4209
4752	4210
1589	4211
1681	4212
246	4213
1310	4214
6999	4215
2112	4216
2179	4217
432	4218
5198	4219
5625	4220
3840	4221
3741	4222
6366	4223
4207	4224
3260	4225
569	4226
3760	4227
1623	4228
6027	4229
2644	4230
191	4231
6570	4232
1428	4233
1736	4234
2697	4235
6510	4236
3526	4237
1068	4238
805	4239
1284	4240
95	4241
6591	4242
3	4243
616	4244
255	4245
2813	4246
2893	4247
3832	4248
414	4249
2749	4250
275	4251
781	4252
43	4253
3733	4254
2875	4255
384	4256
1574	4257
6640	4258
2764	4259
3452	4260
1844	4261
1893	4262
7081	4263
2387	4264
35	4265
1352	4266
791	4267
4884	4268
4187	4269
1468	4270
4753	4271
5663	4272
7057	4273
3509	4274
5967	4275
860	4276
2931	4277
1116	4278
3125	4279
2116	4280
3049	4281
1479	4282
1984	4283
4546	4284
7009	4285
141	4286
3750	4287
1832	4288
5242	4289
2158	4290
4431	4291
247	4292
5071	4293
3532	4294
3769	4295
658	4296
3662	4297
4472	4298
1546	4299
6542	4300
5669	4301
5465	4302
1357	4303
1706	4304
690	4305
1315	4306
186	4307
692	4308
1208	4309
6752	4310
3713	4311
4343	4312
1523	4313
91	4314
279	4315
74	4316
2551	4317
4611	4318
2704	4319
4565	4320
6817	4321
1165	4322
2518	4323
589	4324
730	4325
4667	4326
45	4327
173	4328
1797	4329
164	4330
2173	4331
1358	4332
1	4333
1044	4334
173	4335
2933	4336
4375	4337
1582	4338
4299	4339
1869	4340
205	4341
2309	4342
2311	4343
3234	4344
189	4345
450	4346
433	4347
5098	4348
181	4349
1878	4350
1802	4351
1886	4352
1549	4353
6756	4354
5914	4355
4548	4356
4681	4357
6070	4358
2963	4359
4446	4360
134	4361
897	4362
4165	4363
606	4364
420	4365
105	4366
557	4367
3655	4368
24	4369
2024	4370
3850	4371
6386	4372
129	4373
1694	4374
3569	4375
673	4376
1440	4377
2016	4378
132	4379
721	4380
1605	4381
3799	4382
1347	4383
479	4384
2314	4385
5321	4386
6333	4387
2247	4388
1098	4389
3997	4390
53	4391
2991	4392
190	4393
57	4394
1822	4395
6600	4396
7088	4397
4703	4398
4293	4399
3071	4400
579	4401
3568	4402
8	4403
2519	4404
3796	4405
6394	4406
1805	4407
379	4408
3216	4409
1129	4410
245	4411
298	4412
5897	4413
1757	4414
39	4415
1206	4416
4153	4417
1777	4418
549	4419
418	4420
121	4421
2	4422
1494	4423
2361	4424
3324	4425
339	4426
387	4427
3249	4428
1316	4429
5615	4430
4890	4431
597	4432
190	4433
1410	4434
1960	4435
3835	4436
478	4437
1684	4438
1083	4439
1392	4440
6781	4441
4486	4442
784	4443
839	4444
1586	4445
1616	4446
16	4447
536	4448
6195	4449
3100	4450
3203	4451
94	4452
4547	4453
5792	4454
329	4455
3621	4456
1702	4457
2868	4458
755	4459
3167	4460
1085	4461
88	4462
1383	4463
1847	4464
3828	4465
3478	4466
1416	4467
1023	4468
1384	4469
3839	4470
1041	4471
476	4472
318	4473
6399	4474
1776	4475
4643	4476
103	4477
5477	4478
1126	4479
1284	4480
768	4481
170	4482
1748	4483
3763	4484
982	4485
585	4486
1105	4487
603	4488
4173	4489
3266	4490
2287	4491
1381	4492
5116	4493
433	4494
496	4495
65	4496
5705	4497
5127	4498
103	4499
1513	4500
213	4501
1430	4502
2774	4503
3447	4504
3127	4505
1780	4506
5264	4507
827	4508
368	4509
5885	4510
1761	4511
5423	4512
524	4513
2506	4514
3689	4515
5314	4516
2481	4517
7103	4518
217	4519
803	4520
3434	4521
8	4522
5958	4523
1684	4524
3440	4525
243	4526
1972	4527
221	4528
4342	4529
6882	4530
1224	4531
4087	4532
2768	4533
985	4534
981	4535
5111	4536
2708	4537
2391	4538
3853	4539
1877	4540
1727	4541
2142	4542
5	4543
3157	4544
436	4545
2182	4546
2137	4547
2443	4548
462	4549
275	4550
1956	4551
3928	4552
419	4553
153	4554
1727	4555
6311	4556
5890	4557
5933	4558
1502	4559
3239	4560
463	4561
1777	4562
1420	4563
5251	4564
1807	4565
6565	4566
4710	4567
1	4568
7044	4569
6255	4570
1801	4571
5327	4572
5899	4573
5799	4574
404	4575
1203	4576
171	4577
1575	4578
800	4579
1506	4580
4306	4581
1555	4582
322	4583
322	4584
6155	4585
6872	4586
2263	4587
707	4588
1	4589
6697	4590
395	4591
4164	4592
6790	4593
1403	4594
1673	4595
6204	4596
6113	4597
5066	4598
2732	4599
520	4600
6704	4601
3376	4602
4253	4603
247	4604
1402	4605
4632	4606
3607	4607
1294	4608
751	4609
1791	4610
2369	4611
5167	4612
1487	4613
1107	4614
106	4615
192	4616
3674	4617
689	4618
433	4619
1856	4620
828	4621
1769	4622
7035	4623
3709	4624
1762	4625
6081	4626
6855	4627
1388	4628
5788	4629
3673	4630
3296	4631
4308	4632
6037	4633
2802	4634
6267	4635
4993	4636
6890	4637
797	4638
5673	4639
191	4640
6803	4641
7065	4642
2403	4643
1958	4644
166	4645
3333	4646
1391	4647
1122	4648
6881	4649
1804	4650
3683	4651
5063	4652
5370	4653
959	4654
6223	4655
5816	4656
940	4657
3885	4658
392	4659
3002	4660
4015	4661
1353	4662
1720	4663
5985	4664
6139	4665
1603	4666
188	4667
1066	4668
148	4669
4836	4670
3577	4671
1883	4672
6646	4673
5817	4674
1904	4675
327	4676
6353	4677
227	4678
2594	4679
2979	4680
1078	4681
1244	4682
6509	4683
287	4684
6885	4685
3894	4686
3702	4687
5766	4688
2	4689
7105	4690
295	4691
2698	4692
6767	4693
2653	4694
4235	4695
5377	4696
1367	4697
6332	4698
924	4699
997	4700
2731	4701
1839	4702
86	4703
1194	4704
6356	4705
506	4706
5072	4707
1865	4708
565	4709
1768	4710
6298	4711
3070	4712
1854	4713
3880	4714
130	4715
4980	4716
2374	4717
4310	4718
3728	4719
1034	4720
4169	4721
842	4722
3682	4723
1914	4724
1367	4725
4033	4726
2504	4727
365	4728
322	4729
4	4730
2199	4731
3351	4732
1689	4733
6419	4734
4990	4735
4796	4736
5654	4737
3022	4738
1928	4739
4584	4740
5594	4741
666	4742
4430	4743
523	4744
5629	4745
6367	4746
6561	4747
6257	4748
6705	4749
1001	4750
875	4751
6522	4752
575	4753
6911	4754
3174	4755
3622	4756
140	4757
1443	4758
2677	4759
2473	4760
13	4761
135	4762
6688	4763
281	4764
4505	4765
3911	4766
6976	4767
101	4768
4475	4769
2268	4770
1429	4771
600	4772
3481	4773
2203	4774
1317	4775
675	4776
728	4777
6512	4778
5240	4779
5853	4780
2398	4781
6960	4782
4655	4783
1	4784
2993	4785
4713	4786
6556	4787
4859	4788
896	4789
1536	4790
596	4791
3030	4792
6387	4793
6282	4794
5008	4795
6363	4796
5883	4797
1997	4798
1176	4799
469	4800
1	4801
1860	4802
1440	4803
3690	4804
978	4805
2529	4806
1672	4807
1133	4808
3417	4809
143	4810
6042	4811
5655	4812
6895	4813
2212	4814
2021	4815
858	4816
3466	4817
2349	4818
744	4819
2639	4820
855	4821
1695	4822
5091	4823
3148	4824
4533	4825
4843	4826
626	4827
684	4828
3435	4829
5494	4830
764	4831
4735	4832
282	4833
1389	4834
74	4835
1153	4836
994	4837
4196	4838
638	4839
2213	4840
3416	4841
1387	4842
4812	4843
299	4844
264	4845
5754	4846
5390	4847
3088	4848
7076	4849
1189	4850
3253	4851
2554	4852
3912	4853
66	4854
5912	4855
34	4856
4947	4857
3870	4858
1673	4859
2479	4860
2935	4861
4592	4862
1156	4863
1399	4864
1415	4865
87	4866
6712	4867
944	4868
2291	4869
3788	4870
526	4871
4834	4872
43	4873
1219	4874
248	4875
1882	4876
657	4877
2476	4878
5740	4879
1726	4880
1759	4881
2665	4882
5219	4883
6749	4884
3247	4885
4952	4886
2278	4887
4077	4888
824	4889
2	4890
4046	4891
4907	4892
973	4893
76	4894
3395	4895
4857	4896
1691	4897
484	4898
676	4899
1908	4900
25	4901
2485	4902
2622	4903
4251	4904
1068	4905
298	4906
4665	4907
73	4908
6605	4909
368	4910
519	4911
2131	4912
3414	4913
3009	4914
1000	4915
2781	4916
983	4917
670	4918
960	4919
1427	4920
3982	4921
273	4922
3116	4923
958	4924
51	4925
199	4926
3484	4927
5211	4928
789	4929
3192	4930
37	4931
6422	4932
127	4933
1101	4934
3050	4935
5925	4936
4757	4937
3465	4938
546	4939
422	4940
5662	4941
3646	4942
1746	4943
45	4944
783	4945
178	4946
3625	4947
731	4948
2589	4949
192	4950
2924	4951
3483	4952
4183	4953
422	4954
3652	4955
1732	4956
2354	4957
1722	4958
1418	4959
413	4960
2568	4961
4964	4962
296	4963
4460	4964
1837	4965
580	4966
1625	4967
345	4968
1745	4969
151	4970
1198	4971
6061	4972
6950	4973
6739	4974
571	4975
2849	4976
3306	4977
3230	4978
5378	4979
1238	4980
1215	4981
5972	4982
717	4983
5852	4984
5698	4985
95	4986
68	4987
643	4988
5608	4989
21	4990
3304	4991
5620	4992
424	4993
6254	4994
505	4995
799	4996
1632	4997
916	4998
2984	4999
3954	5000
2456	5001
6398	5002
2797	5003
3273	5004
5061	5005
1250	5006
2	5007
753	5008
1290	5009
1620	5010
2	5011
1907	5012
6248	5013
6819	5014
1848	5015
2940	5016
5388	5017
1271	5018
3357	5019
1187	5020
642	5021
6135	5022
4536	5023
1586	5024
4202	5025
5979	5026
4501	5027
1046	5028
319	5029
6620	5030
1985	5031
879	5032
6411	5033
2801	5034
5696	5035
4222	5036
1179	5037
1226	5038
3016	5039
3812	5040
4366	5041
4331	5042
34	5043
1383	5044
6323	5045
5577	5046
293	5047
5859	5048
1822	5049
2233	5050
1043	5051
3315	5052
2495	5053
3404	5054
3888	5055
4559	5056
2623	5057
1558	5058
1572	5059
370	5060
913	5061
48	5062
683	5063
4831	5064
102	5065
13	5066
1407	5067
1079	5068
172	5069
6622	5070
941	5071
6874	5072
912	5073
2847	5074
1200	5075
4420	5076
969	5077
1481	5078
2414	5079
1327	5080
534	5081
4137	5082
3969	5083
4312	5084
5372	5085
6894	5086
1081	5087
148	5088
815	5089
2413	5090
356	5091
5261	5092
113	5093
129	5094
821	5095
3536	5096
426	5097
3008	5098
5149	5099
5218	5100
22	5101
1047	5102
6949	5103
719	5104
1230	5105
4309	5106
4390	5107
323	5108
342	5109
342	5110
4801	5111
524	5112
1911	5113
740	5114
2600	5115
1193	5116
521	5117
480	5118
968	5119
5155	5120
5144	5121
6845	5122
4337	5123
1205	5124
621	5125
3117	5126
2257	5127
3083	5128
1073	5129
6499	5130
45	5131
1259	5132
2294	5133
2007	5134
5862	5135
1227	5136
5077	5137
5488	5138
328	5139
1261	5140
881	5141
6604	5142
3598	5143
503	5144
3248	5145
3680	5146
409	5147
5749	5148
1264	5149
6838	5150
3594	5151
2752	5152
3401	5153
1104	5154
3206	5155
4855	5156
6318	5157
1712	5158
2577	5159
1313	5160
1585	5161
749	5162
5783	5163
5829	5164
2754	5165
838	5166
69	5167
2859	5168
720	5169
3869	5170
2936	5171
3245	5172
900	5173
788	5174
961	5175
3817	5176
1469	5177
1787	5178
2759	5179
304	5180
1377	5181
3583	5182
2601	5183
806	5184
119	5185
7019	5186
304	5187
3489	5188
2575	5189
5584	5190
1115	5191
3566	5192
179	5193
4158	5194
2840	5195
871	5196
164	5197
149	5198
3716	5199
6479	5200
6584	5201
130	5202
4093	5203
918	5204
746	5205
5589	5206
1815	5207
4138	5208
3307	5209
1534	5210
158	5211
1075	5212
1439	5213
1507	5214
499	5215
484	5216
4869	5217
66	5218
3215	5219
2688	5220
990	5221
4148	5222
1678	5223
70	5224
1210	5225
2146	5226
6805	5227
5770	5228
5561	5229
3057	5230
1717	5231
5340	5232
621	5233
1504	5234
6795	5235
162	5236
6693	5237
4950	5238
6454	5239
6184	5240
1686	5241
6005	5242
1512	5243
1476	5244
330	5245
4193	5246
4982	5247
496	5248
6095	5249
6428	5250
5	5251
3086	5252
488	5253
6531	5254
5600	5255
1693	5256
452	5257
3678	5258
3798	5259
708	5260
2461	5261
870	5262
312	5263
1282	5264
1854	5265
1484	5266
1675	5267
711	5268
3201	5269
4878	5270
1413	5271
1565	5272
650	5273
1957	5274
922	5275
1105	5276
5192	5277
6550	5278
932	5279
1328	5280
1821	5281
119	5282
664	5283
2712	5284
5947	5285
6514	5286
1779	5287
2394	5288
1406	5289
3044	5290
1332	5291
735	5292
5703	5293
1268	5294
83	5295
2833	5296
859	5297
79	5298
3899	5299
6927	5300
4608	5301
6060	5302
5269	5303
5297	5304
5328	5305
3160	5306
175	5307
5742	5308
3603	5309
4477	5310
5426	5311
5223	5312
1003	5313
177	5314
6349	5315
4844	5316
3794	5317
6672	5318
160	5319
75	5320
5131	5321
6760	5322
1118	5323
39	5324
2261	5325
5051	5326
1419	5327
3681	5328
2516	5329
2222	5330
5233	5331
1050	5332
1350	5333
425	5334
1731	5335
6635	5336
1795	5337
1835	5338
1229	5339
568	5340
2310	5341
99	5342
6696	5343
4543	5344
110	5345
5621	5346
190	5347
4772	5348
1433	5349
7068	5350
4750	5351
2323	5352
4275	5353
1718	5354
3660	5355
6	5356
33	5357
6199	5358
4770	5359
1680	5360
5462	5361
1768	5362
41	5363
3142	5364
6168	5365
4979	5366
2949	5367
2739	5368
4754	5369
346	5370
345	5371
2382	5372
6	5373
1562	5374
2729	5375
5284	5376
5382	5377
2650	5378
3883	5379
3145	5380
2689	5381
3391	5382
486	5383
5734	5384
2336	5385
7027	5386
75	5387
2905	5388
9	5389
1587	5390
798	5391
6197	5392
3823	5393
6122	5394
6241	5395
6601	5396
5559	5397
2340	5398
880	5399
81	5400
2	5401
4311	5402
1084	5403
1579	5404
420	5405
6351	5406
5224	5407
3931	5408
377	5409
4830	5410
2565	5411
491	5412
2828	5413
3967	5414
1221	5415
5715	5416
5113	5417
3189	5418
6961	5419
6294	5420
4619	5421
4539	5422
1705	5423
6080	5424
1748	5425
3340	5426
4457	5427
6617	5428
1819	5429
6794	5430
3338	5431
1703	5432
942	5433
2486	5434
2043	5435
1095	5436
5043	5437
382	5438
1624	5439
5932	5440
6177	5441
5923	5442
4785	5443
6972	5444
3360	5445
3204	5446
35	5447
47	5448
2357	5449
882	5450
3335	5451
1331	5452
2204	5453
745	5454
6491	5455
234	5456
952	5457
1894	5458
4527	5459
5310	5460
1536	5461
5811	5462
3991	5463
5400	5464
17	5465
4482	5466
1375	5467
402	5468
6650	5469
1868	5470
404	5471
2	5472
2331	5473
2668	5474
1263	5475
5361	5476
3605	5477
6146	5478
4811	5479
602	5480
6956	5481
5312	5482
1281	5483
5924	5484
7039	5485
375	5486
3765	5487
1222	5488
1923	5489
1045	5490
357	5491
725	5492
6602	5493
216	5494
1654	5495
5535	5496
3522	5497
997	5498
2998	5499
3925	5500
2692	5501
133	5502
6221	5503
671	5504
6	5505
1491	5506
6325	5507
5762	5508
6421	5509
23	5510
3319	5511
6768	5512
313	5513
3922	5514
3972	5515
6357	5516
1975	5517
5329	5518
4419	5519
2478	5520
3424	5521
169	5522
3804	5523
2205	5524
22	5525
915	5526
833	5527
6127	5528
3257	5529
1408	5530
14	5531
1485	5532
2771	5533
488	5534
1225	5535
2085	5536
594	5537
2745	5538
1752	5539
4921	5540
4934	5541
1254	5542
3973	5543
1954	5544
6143	5545
36	5546
3041	5547
156	5548
647	5549
1034	5550
6445	5551
2559	5552
1902	5553
6723	5554
1860	5555
6380	5556
6543	5557
95	5558
4593	5559
748	5560
259	5561
5951	5562
1276	5563
2527	5564
3144	5565
4407	5566
4266	5567
714	5568
2634	5569
6521	5570
1552	5571
106	5572
3208	5573
757	5574
463	5575
1222	5576
6878	5577
308	5578
841	5579
3241	5580
696	5581
4800	5582
3914	5583
1996	5584
2475	5585
980	5586
4005	5587
6679	5588
2804	5589
1608	5590
6776	5591
151	5592
1026	5593
4315	5594
204	5595
1497	5596
360	5597
6902	5598
6292	5599
6153	5600
5159	5601
6993	5602
1628	5603
2829	5604
1473	5605
6300	5606
4514	5607
3433	5608
2330	5609
3367	5610
6692	5611
6777	5612
1549	5613
111	5614
1535	5615
4751	5616
1642	5617
200	5618
4122	5619
6313	5620
3994	5621
938	5622
1806	5623
672	5624
2271	5625
6391	5626
2740	5627
354	5628
1629	5629
123	5630
5520	5631
195	5632
744	5633
3865	5634
3989	5635
307	5636
336	5637
6888	5638
6579	5639
42	5640
5204	5641
3074	5642
6740	5643
1767	5644
1539	5645
1416	5646
5579	5647
482	5648
4220	5649
6735	5650
288	5651
6456	5652
3026	5653
5607	5654
4	5655
623	5656
878	5657
357	5658
179	5659
6370	5660
1698	5661
624	5662
1323	5663
4	5664
965	5665
312	5666
16	5667
6851	5668
4389	5669
4556	5670
3827	5671
1269	5672
3468	5673
3078	5674
5837	5675
210	5676
4246	5677
4271	5678
1142	5679
1946	5680
2548	5681
893	5682
1624	5683
3747	5684
1028	5685
30	5686
6400	5687
881	5688
1432	5689
581	5690
2352	5691
212	5692
2070	5693
6784	5694
215	5695
3719	5696
312	5697
1345	5698
2477	5699
7051	5700
1489	5701
1849	5702
6769	5703
641	5704
52	5705
4720	5706
1021	5707
6830	5708
235	5709
678	5710
3179	5711
1540	5712
120	5713
4535	5714
683	5715
1441	5716
1081	5717
907	5718
4	5719
3455	5720
3114	5721
6934	5722
1154	5723
1780	5724
2367	5725
2892	5726
284	5727
111	5728
5391	5729
3946	5730
1866	5731
6417	5732
2636	5733
1330	5734
1743	5735
2837	5736
1031	5737
1056	5738
999	5739
1519	5740
1372	5741
5583	5742
122	5743
268	5744
1623	5745
1798	5746
570	5747
4140	5748
5368	5749
2400	5750
2657	5751
827	5752
5483	5753
341	5754
29	5755
2796	5756
6264	5757
2083	5758
2453	5759
516	5760
3637	5761
5791	5762
5221	5763
6494	5764
63	5765
405	5766
3410	5767
338	5768
5711	5769
4723	5770
4882	5771
381	5772
989	5773
109	5774
182	5775
3027	5776
2674	5777
1024	5778
2255	5779
193	5780
6535	5781
759	5782
5849	5783
4219	5784
6371	5785
5	5786
354	5787
1071	5788
4068	5789
302	5790
76	5791
5258	5792
6943	5793
993	5794
1448	5795
6560	5796
5970	5797
2076	5798
4049	5799
5726	5800
89	5801
3588	5802
1249	5803
1241	5804
4931	5805
414	5806
424	5807
1464	5808
6355	5809
4762	5810
1439	5811
3255	5812
4851	5813
78	5814
1529	5815
1042	5816
6998	5817
6849	5818
6944	5819
528	5820
1471	5821
5713	5822
26	5823
6101	5824
4232	5825
6348	5826
5174	5827
3	5828
1178	5829
6812	5830
1202	5831
6939	5832
35	5833
71	5834
4012	5835
4516	5836
1480	5837
2338	5838
3640	5839
4452	5840
2794	5841
164	5842
1472	5843
1302	5844
769	5845
2220	5846
3784	5847
3710	5848
2	5849
5011	5850
931	5851
1852	5852
1683	5853
6266	5854
388	5855
6441	5856
204	5857
650	5858
2251	5859
3400	5860
4862	5861
67	5862
1652	5863
1204	5864
6897	5865
1734	5866
6100	5867
1436	5868
3930	5869
5110	5870
5536	5871
331	5872
15	5873
1442	5874
1937	5875
5220	5876
1616	5877
6344	5878
3222	5879
3	5880
3109	5881
1126	5882
313	5883
4845	5884
5163	5885
93	5886
20	5887
3	5888
1137	5889
3	5890
1425	5891
201	5892
1077	5893
826	5894
826	5895
261	5896
6658	5897
203	5898
1521	5899
320	5900
1046	5901
3197	5902
1825	5903
6201	5904
4926	5905
3624	5906
6261	5907
6848	5908
2285	5909
3079	5910
1167	5911
431	5912
1517	5913
946	5914
5614	5915
3480	5916
5508	5917
280	5918
99	5919
522	5920
819	5921
413	5922
1119	5923
35	5924
2027	5925
1772	5926
2333	5927
4062	5928
3331	5929
3701	5930
3227	5931
2651	5932
6130	5933
426	5934
939	5935
864	5936
1421	5937
329	5938
5202	5939
212	5940
3242	5941
4034	5942
4185	5943
6049	5944
482	5945
288	5946
4558	5947
6619	5948
1255	5949
3887	5950
4000	5951
2341	5952
4076	5953
1742	5954
761	5955
209	5956
6654	5957
3956	5958
2763	5959
5413	5960
847	5961
7037	5962
1708	5963
3	5964
1921	5965
1545	5966
527	5967
1125	5968
2362	5969
6721	5970
1255	5971
1002	5972
4229	5973
13	5974
1681	5975
816	5976
374	5977
2904	5978
5132	5979
1375	5980
239	5981
6067	5982
1919	5983
2236	5984
4365	5985
2058	5986
986	5987
4683	5988
537	5989
2094	5990
2727	5991
1784	5992
4127	5993
30	5994
5445	5995
963	5996
1750	5997
1604	5998
6290	5999
665	6000
3555	6001
84	6002
2075	6003
51	6004
6789	6005
778	6006
37	6007
7014	6008
2566	6009
1086	6010
2957	6011
4387	6012
6151	6013
2714	6014
3595	6015
786	6016
4345	6017
6426	6018
1381	6019
3749	6020
6268	6021
6171	6022
470	6023
5934	6024
3910	6025
27	6026
133	6027
5832	6028
1782	6029
5050	6030
5315	6031
128	6032
3067	6033
1190	6034
6594	6035
1177	6036
2618	6037
5463	6038
1460	6039
693	6040
242	6041
69	6042
5433	6043
3031	6044
954	6045
6016	6046
7	6047
1506	6048
2100	6049
4455	6050
4152	6051
294	6052
3849	6053
6828	6054
6047	6055
1188	6056
464	6057
876	6058
3454	6059
1235	6060
3308	6061
3961	6062
347	6063
56	6064
1359	6065
6564	6066
4007	6067
2303	6068
3627	6069
3138	6070
470	6071
823	6072
6938	6073
3477	6074
1258	6075
3970	6076
3228	6077
552	6078
4828	6079
5146	6080
5647	6081
1296	6082
173	6083
542	6084
1917	6085
1967	6086
5086	6087
3851	6088
15	6089
127	6090
3790	6091
6230	6092
3826	6093
3821	6094
6901	6095
346	6096
1332	6097
1136	6098
40	6099
6562	6100
6148	6101
4026	6102
2018	6103
1100	6104
6578	6105
522	6106
508	6107
3150	6108
104	6109
7026	6110
4988	6111
5865	6112
1436	6113
238	6114
61	6115
6854	6116
4064	6117
822	6118
791	6119
24	6120
4227	6121
3825	6122
1470	6123
3714	6124
6715	6125
6463	6126
4591	6127
691	6128
3	6129
3626	6130
497	6131
5544	6132
5183	6133
4257	6134
37	6135
2631	6136
2176	6137
6346	6138
5634	6139
6545	6140
5362	6141
5909	6142
7089	6143
2863	6144
5145	6145
6427	6146
2441	6147
3282	6148
3649	6149
590	6150
4789	6151
2906	6152
3632	6153
6207	6154
6965	6155
5028	6156
5103	6157
5790	6158
6694	6159
6415	6160
3259	6161
1350	6162
970	6163
3721	6164
5993	6165
3124	6166
2934	6167
349	6168
4119	6169
6623	6170
345	6171
3792	6172
747	6173
644	6174
1168	6175
1813	6176
2	6177
9	6178
1127	6179
2943	6180
464	6181
6493	6182
2151	6183
154	6184
5834	6185
124	6186
6028	6187
4621	6188
521	6189
6022	6190
2843	6191
4241	6192
517	6193
96	6194
5998	6195
6608	6196
3881	6197
2521	6198
3076	6199
4835	6200
3692	6201
4391	6202
1916	6203
4587	6204
292	6205
1678	6206
1718	6207
3752	6208
1687	6209
428	6210
1118	6211
4636	6212
410	6213
1187	6214
6470	6215
1210	6216
3975	6217
443	6218
1514	6219
577	6220
2999	6221
1117	6222
6595	6223
3767	6224
593	6225
4850	6226
614	6227
131	6228
3224	6229
4837	6230
1181	6231
81	6232
6788	6233
4764	6234
5285	6235
1049	6236
4807	6237
6926	6238
1765	6239
4201	6240
6917	6241
4018	6242
4464	6243
6537	6244
141	6245
3762	6246
1955	6247
2321	6248
1736	6249
1518	6250
4639	6251
1212	6252
3831	6253
5093	6254
155	6255
1054	6256
65	6257
601	6258
521	6259
4549	6260
304	6261
4747	6262
1671	6263
1215	6264
5833	6265
2569	6266
5596	6267
2587	6268
3726	6269
6	6270
7047	6271
6459	6272
6043	6273
823	6274
1005	6275
40	6276
4924	6277
76	6278
466	6279
6225	6280
1457	6281
1674	6282
3385	6283
4706	6284
3519	6285
3590	6286
106	6287
411	6288
2234	6289
1520	6290
603	6291
513	6292
4863	6293
5758	6294
425	6295
5920	6296
7024	6297
4066	6298
218	6299
38	6300
1326	6301
1682	6302
678	6303
42	6304
1880	6305
1224	6306
2645	6307
2208	6308
5624	6309
724	6310
1294	6311
1366	6312
4285	6313
1390	6314
4765	6315
4141	6316
7046	6317
1119	6318
7092	6319
174	6320
1182	6321
5729	6322
5341	6323
2	6324
1058	6325
5961	6326
2493	6327
157	6328
1711	6329
1676	6330
2553	6331
298	6332
1711	6333
3711	6334
3706	6335
4325	6336
1988	6337
919	6338
2011	6339
3436	6340
1132	6341
4118	6342
6270	6343
1837	6344
658	6345
1037	6346
1604	6347
2544	6348
3722	6349
44	6350
3441	6351
6476	6352
407	6353
1626	6354
18	6355
1444	6356
15	6357
44	6358
1080	6359
647	6360
2129	6361
7	6362
2	6363
5824	6364
4777	6365
5812	6366
45	6367
5848	6368
1324	6369
7050	6370
5	6371
6326	6372
5452	6373
1654	6374
401	6375
6319	6376
1204	6377
4846	6378
1714	6379
1521	6380
743	6381
1537	6382
6066	6383
6597	6384
1978	6385
5170	6386
81	6387
3807	6388
1903	6389
1571	6390
6347	6391
297	6392
96	6393
91	6394
49	6395
294	6396
2590	6397
1564	6398
540	6399
2326	6400
4625	6401
2068	6402
1021	6403
1677	6404
4021	6405
2573	6406
1095	6407
751	6408
3437	6409
1636	6410
114	6411
3533	6412
1180	6413
279	6414
2319	6415
3326	6416
5272	6417
5678	6418
2910	6419
3024	6420
543	6421
547	6422
2276	6423
908	6424
6983	6425
599	6426
5738	6427
1270	6428
18	6429
848	6430
892	6431
6234	6432
6196	6433
1161	6434
6638	6435
4217	6436
2908	6437
2686	6438
283	6439
2226	6440
309	6441
780	6442
6	6443
7056	6444
393	6445
1588	6446
5338	6447
511	6448
1704	6449
1823	6450
489	6451
4729	6452
1390	6453
5352	6454
762	6455
654	6456
489	6457
2852	6458
6906	6459
3501	6460
3438	6461
1009	6462
534	6463
2325	6464
6362	6465
515	6466
6529	6467
3801	6468
5719	6469
6662	6470
5171	6471
3551	6472
4441	6473
6253	6474
594	6475
878	6476
1269	6477
4206	6478
1786	6479
5241	6480
1	6481
1152	6482
444	6483
1317	6484
343	6485
3550	6486
5443	6487
1	6488
6586	6489
4212	6490
6582	6491
7111	6492
1414	6493
3269	6494
6717	6495
5343	6496
1266	6497
6032	6498
4392	6499
4	6500
3397	6501
2965	6502
6123	6503
956	6504
1063	6505
3492	6506
3757	6507
1324	6508
2661	6509
469	6510
4078	6511
439	6512
632	6513
258	6514
6980	6515
1253	6516
4515	6517
3021	6518
3014	6519
319	6520
5404	6521
2751	6522
5578	6523
286	6524
5675	6525
5681	6526
479	6527
3491	6528
370	6529
1542	6530
1094	6531
3487	6532
64	6533
1356	6534
1213	6535
5746	6536
3314	6537
534	6538
1020	6539
351	6540
5687	6541
1280	6542
4600	6543
1300	6544
4180	6545
772	6546
487	6547
722	6548
3403	6549
810	6550
553	6551
4242	6552
718	6553
458	6554
6700	6555
1101	6556
727	6557
3345	6558
6373	6559
5006	6560
7022	6561
1522	6562
6941	6563
1178	6564
102	6565
259	6566
154	6567
6951	6568
1485	6569
6809	6570
565	6571
6460	6572
3882	6573
210	6574
700	6575
873	6576
1424	6577
4541	6578
6116	6579
1172	6580
344	6581
836	6582
294	6583
5147	6584
3110	6585
2315	6586
1062	6587
1653	6588
6953	6589
2806	6590
1631	6591
93	6592
5895	6593
2165	6594
6626	6595
5887	6596
45	6597
5889	6598
1567	6599
6447	6600
1493	6601
243	6602
1657	6603
2201	6604
1325	6605
136	6606
38	6607
178	6608
1409	6609
5386	6610
3369	6611
2051	6612
3990	6613
5075	6614
158	6615
4822	6616
3986	6617
6574	6618
1534	6619
1094	6620
3316	6621
611	6622
1496	6623
2971	6624
4294	6625
3229	6626
5718	6627
6904	6628
6649	6629
3744	6630
3657	6631
6272	6632
1951	6633
4465	6634
406	6635
1138	6636
3890	6637
1108	6638
1190	6639
143	6640
2950	6641
902	6642
5172	6643
86	6644
113	6645
1664	6646
1339	6647
5728	6648
1066	6649
6758	6650
1312	6651
5068	6652
5911	6653
6487	6654
6656	6655
5850	6656
1524	6657
447	6658
5256	6659
1576	6660
4919	6661
2945	6662
1273	6663
599	6664
1661	6665
4915	6666
2360	6667
6378	6668
3859	6669
5190	6670
3047	6671
5279	6672
5112	6673
1961	6674
1007	6675
3334	6676
1050	6677
2539	6678
293	6679
5697	6680
515	6681
100	6682
631	6683
5175	6684
4606	6685
274	6686
1209	6687
1157	6688
317	6689
6164	6690
4384	6691
3409	6692
96	6693
6075	6694
492	6695
1123	6696
3958	6697
84	6698
6701	6699
964	6700
5065	6701
1150	6702
5074	6703
6128	6704
5641	6705
32	6706
3420	6707
6477	6708
905	6709
36	6710
1286	6711
4732	6712
3510	6713
1329	6714
4061	6715
4263	6716
78	6717
4103	6718
100	6719
3604	6720
4121	6721
925	6722
2	6723
4104	6724
112	6725
235	6726
1067	6727
1753	6728
5513	6729
46	6730
3996	6731
3979	6732
36	6733
1805	6734
456	6735
1655	6736
1172	6737
6354	6738
4865	6739
6099	6740
848	6741
6592	6742
2425	6743
4615	6744
27	6745
5101	6746
2821	6747
417	6748
220	6749
1394	6750
4048	6751
5879	6752
39	6753
532	6754
2736	6755
5751	6756
6423	6757
801	6758
1319	6759
5464	6760
1503	6761
1551	6762
4359	6763
3520	6764
1092	6765
1528	6766
2722	6767
2895	6768
2	6769
308	6770
3005	6771
4930	6772
6420	6773
1516	6774
4630	6775
2380	6776
6473	6777
128	6778
17	6779
4918	6780
192	6781
5305	6782
4786	6783
4852	6784
2399	6785
3055	6786
2561	6787
2778	6788
5409	6789
2536	6790
5774	6791
90	6792
605	6793
5076	6794
5304	6795
6793	6796
421	6797
4999	6798
1614	6799
1368	6800
1633	6801
348	6802
70	6803
2643	6804
917	6805
3412	6806
2887	6807
1458	6808
4479	6809
499	6810
1757	6811
6024	6812
104	6813
6179	6814
5217	6815
3188	6816
743	6817
4249	6818
4088	6819
677	6820
1	6821
5308	6822
1613	6823
6834	6824
6985	6825
6140	6826
853	6827
75	6828
2535	6829
1	6830
697	6831
6141	6832
2621	6833
5048	6834
3647	6835
2363	6836
1308	6837
5710	6838
6989	6839
1835	6840
442	6841
6044	6842
6	6843
3342	6844
4236	6845
1351	6846
6709	6847
32	6848
4528	6849
1974	6850
3633	6851
4278	6852
3774	6853
2614	6854
523	6855
889	6856
197	6857
332	6858
360	6859
891	6860
767	6861
1451	6862
135	6863
2053	6864
5405	6865
5037	6866
5140	6867
5708	6868
313	6869
309	6870
300	6871
3082	6872
10	6873
6690	6874
3567	6875
4245	6876
1026	6877
4901	6878
2219	6879
142	6880
1544	6881
55	6882
608	6883
1446	6884
2161	6885
715	6886
6525	6887
146	6888
4489	6889
1556	6890
1145	6891
2676	6892
1640	6893
3495	6894
1191	6895
6000	6896
5937	6897
354	6898
224	6899
2815	6900
531	6901
55	6902
1763	6903
2102	6904
5706	6905
1660	6906
1237	6907
3442	6908
844	6909
6226	6910
4231	6911
6205	6912
4913	6913
1227	6914
4150	6915
4704	6916
7	6917
985	6918
5630	6919
5436	6920
5406	6921
2845	6922
861	6923
7030	6924
652	6925
3132	6926
5467	6927
4629	6928
2229	6929
4184	6930
4171	6931
4307	6932
137	6933
2537	6934
4367	6935
1844	6936
4638	6937
5030	6938
1010	6939
2468	6940
80	6941
3941	6942
2862	6943
849	6944
227	6945
3971	6946
4439	6947
3771	6948
1132	6949
903	6950
5572	6951
1340	6952
5573	6953
3453	6954
4908	6955
5080	6956
766	6957
2109	6958
5874	6959
6557	6960
571	6961
3375	6962
2	6963
3651	6964
1566	6965
252	6966
1	6967
237	6968
6678	6969
1628	6970
1926	6971
88	6972
1114	6973
2420	6974
2953	6975
109	6976
5129	6977
5526	6978
2746	6979
32	6980
5200	6981
3352	6982
1	6983
80	6984
1602	6985
5990	6986
729	6987
1766	6988
3531	6989
7087	6990
5	6991
300	6992
3309	6993
5684	6994
2545	6995
1856	6996
21	6997
4722	6998
7038	6999
437	7000
1581	7001
6616	7002
1371	7003
4623	7004
270	7005
514	7006
6278	7007
5130	7008
166	7009
131	7010
4301	7011
3985	7012
22	7013
833	7014
406	7015
518	7016
609	7017
6063	7018
6665	7019
5840	7020
5882	7021
1014	7022
3591	7023
2973	7024
2038	7025
2528	7026
5124	7027
5025	7028
1154	7029
39	7030
949	7031
1826	7032
297	7033
5203	7034
55	7035
590	7036
6052	7037
3628	7038
6088	7039
219	7040
267	7041
6322	7042
581	7043
2879	7044
866	7045
338	7046
180	7047
2814	7048
2941	7049
3467	7050
3380	7051
267	7052
4984	7053
2995	7054
4906	7055
2899	7056
5900	7057
3058	7058
3358	7059
5021	7060
266	7061
60	7062
1223	7063
142	7064
1601	7065
7005	7066
771	7067
1808	7068
6990	7069
4437	7070
1437	7071
987	7072
403	7073
6138	7074
7102	7075
1679	7076
1265	7077
2748	7078
570	7079
6991	7080
6922	7081
1231	7082
2783	7083
1725	7084
5228	7085
790	7086
528	7087
2395	7088
2882	7089
6628	7090
30	7091
165	7092
461	7093
4573	7094
3354	7095
6035	7096
5193	7097
2567	7098
1035	7099
3278	7100
340	7101
5173	7102
2156	7103
5398	7104
4130	7105
415	7106
4622	7107
42	7108
1191	7109
2483	7110
5714	7111
6761	7112
2122	7113
2448	7114
218	7115
1040	7116
5798	7117
4886	7118
2744	7119
11	7120
187	7121
1584	7122
4520	7123
367	7124
1823	7125
1426	7126
3932	7127
877	7128
5325	7129
4589	7130
1478	7131
4084	7132
220	7133
1279	7134
23	7135
5604	7136
3183	7137
2431	7138
122	7139
3190	7140
2799	7141
4099	7142
340	7143
3834	7144
3119	7145
1049	7146
4270	7147
5652	7148
4793	7149
305	7150
6928	7151
2883	7152
77	7153
7	7154
5239	7155
6873	7156
1454	7157
181	7158
1345	7159
270	7160
750	7161
363	7162
2820	7163
271	7164
61	7165
1173	7166
4036	7167
186	7168
5234	7169
6359	7170
6677	7171
1488	7172
3636	7173
114	7174
371	7175
2597	7176
4603	7177
649	7178
5546	7179
4626	7180
92	7181
361	7182
762	7183
362	7184
14	7185
627	7186
6764	7187
1369	7188
4791	7189
991	7190
2195	7191
4685	7192
197	7193
7042	7194
4506	7195
3552	7196
4774	7197
2012	7198
1516	7199
1022	7200
3386	7201
3396	7202
4239	7203
6501	7204
1057	7205
5926	7206
1735	7207
306	7208
7108	7209
592	7210
5122	7211
5984	7212
2896	7213
818	7214
6034	7215
4969	7216
1229	7217
1973	7218
4529	7219
1298	7220
785	7221
3387	7222
4255	7223
5965	7224
5759	7225
6824	7226
2988	7227
3448	7228
1630	7229
854	7230
6948	7231
6966	7232
2396	7233
1509	7234
4721	7235
5905	7236
5982	7237
715	7238
461	7239
6334	7240
5384	7241
6183	7242
6957	7243
2512	7244
747	7245
341	7246
399	7247
5780	7248
648	7249
2766	7250
915	7251
4244	7252
5974	7253
3615	7254
3944	7255
793	7256
6533	7257
2760	7258
1036	7259
4511	7260
2673	7261
585	7262
1331	7263
3348	7264
344	7265
6853	7266
5448	7267
1435	7268
143	7269
5158	7270
6898	7271
760	7272
4686	7273
3496	7274
1365	7275
4955	7276
6933	7277
541	7278
1070	7279
681	7280
2505	7281
196	7282
4821	7283
5486	7284
2302	7285
4	7286
3530	7287
6868	7288
867	7289
32	7290
3019	7291
380	7292
5248	7293
3073	7294
2188	7295
9	7296
41	7297
1745	7298
5956	7299
6251	7300
4172	7301
182	7302
440	7303
4876	7304
2989	7305
3816	7306
6006	7307
84	7308
6645	7309
60	7310
6448	7311
3095	7312
2969	7313
5123	7314
1242	7315
1207	7316
953	7317
828	7318
4519	7319
137	7320
2725	7321
4977	7322
5326	7323
5097	7324
352	7325
6667	7326
4996	7327
23	7328
451	7329
1467	7330
134	7331
5640	7332
265	7333
14	7334
474	7335
31	7336
1900	7337
1942	7338
1093	7339
7045	7340
185	7341
813	7342
150	7343
6055	7344
4513	7345
177	7346
6374	7347
83	7348
4385	7349
1778	7350
6082	7351
3909	7352
2574	7353
327	7354
4563	7355
687	7356
1694	7357
236	7358
21	7359
149	7360
5680	7361
4920	7362
862	7363
3221	7364
6858	7365
4538	7366
156	7367
488	7368
7074	7369
601	7370
4916	7371
6457	7372
199	7373
795	7374
1920	7375
5988	7376
3781	7377
6569	7378
1849	7379
2062	7380
1927	7381
2328	7382
5420	7383
1557	7384
2366	7385
358	7386
320	7387
628	7388
4	7389
905	7390
3654	7391
4853	7392
1806	7393
5741	7394
4426	7395
5593	7396
885	7397
4362	7398
320	7399
3964	7400
4060	7401
4380	7402
628	7403
2525	7404
3507	7405
6837	7406
879	7407
5891	7408
4616	7409
54	7410
5001	7411
5331	7412
5631	7413
6997	7414
2659	7415
776	7416
664	7417
3724	7418
2121	7419
3950	7420
5232	7421
1701	7422
1006	7423
563	7424
736	7425
46	7426
80	7427
5476	7428
1196	7429
1336	7430
4860	7431
1969	7432
60	7433
2002	7434
1162	7435
1634	7436
1527	7437
1486	7438
2533	7439
704	7440
114	7441
804	7442
995	7443
6773	7444
26	7445
228	7446
941	7447
6315	7448
1134	7449
3353	7450
4864	7451
4157	7452
544	7453
6684	7454
1040	7455
737	7456
681	7457
5975	7458
2034	7459
1710	7460
1683	7461
1531	7462
129	7463
2864	7464
4510	7465
6710	7466
1208	7467
6669	7468
19	7469
4317	7470
1633	7471
1135	7472
2010	7473
80	7474
245	7475
6625	7476
753	7477
4030	7478
252	7479
663	7480
11	7481
5543	7482
3283	7483
5	7484
3842	7485
2885	7486
5904	7487
7043	7488
455	7489
6765	7490
5415	7491
351	7492
2124	7493
6439	7494
902	7495
6301	7496
2228	7497
2115	7498
6681	7499
478	7500
2	7501
4006	7502
1650	7503
3091	7504
3200	7505
461	7506
6876	7507
3446	7508
2962	7509
6615	7510
680	7511
2177	7512
928	7513
317	7514
4743	7515
784	7516
1834	7517
2404	7518
602	7519
661	7520
920	7521
5560	7522
4136	7523
1200	7524
2818	7525
471	7526
47	7527
3482	7528
4041	7529
812	7530
6741	7531
140	7532
4854	7533
150	7534
2615	7535
569	7536
181	7537
5525	7538
3565	7539
4509	7540
1091	7541
3476	7542
2987	7543
809	7544
209	7545
714	7546
4416	7547
1761	7548
1387	7549
159	7550
40	7551
85	7552
4013	7553
6329	7554
6552	7555
5682	7556
6823	7557
929	7558
3957	7559
2858	7560
3993	7561
3918	7562
1327	7563
95	7564
3773	7565
966	7566
4992	7567
911	7568
6814	7569
1260	7570
3561	7571
1689	7572
1036	7573
908	7574
3361	7575
4	7576
2798	7577
5042	7578
6381	7579
5557	7580
686	7581
5274	7582
3244	7583
1453	7584
147	7585
3614	7586
6866	7587
5566	7588
676	7589
2780	7590
64	7591
57	7592
6555	7593
3616	7594
3322	7595
3952	7596
52	7597
398	7598
2981	7599
3528	7600
1010	7601
1	7602
3672	7603
3097	7604
1	7605
1017	7606
3419	7607
1330	7608
87	7609
4958	7610
5114	7611
5658	7612
6702	7613
1084	7614
1754	7615
4	7616
5178	7617
1717	7618
1221	7619
6905	7620
2194	7621
2248	7622
256	7623
4745	7624
151	7625
1314	7626
495	7627
2681	7628
2	7629
1724	7630
545	7631
998	7632
1630	7633
1553	7634
4978	7635
1422	7636
4405	7637
1170	7638
1697	7639
1465	7640
1278	7641
3493	7642
6240	7643
114	7644
4715	7645
406	7646
285	7647
4678	7648
1128	7649
868	7650
1599	7651
116	7652
6437	7653
2800	7654
3099	7655
916	7656
4870	7657
2045	7658
6237	7659
932	7660
495	7661
6920	7662
3503	7663
81	7664
3425	7665
1039	7666
170	7667
3639	7668
3959	7669
1618	7670
4265	7671
6979	7672
662	7673
5064	7674
2637	7675
1259	7676
6695	7677
3575	7678
6883	7679
4305	7680
713	7681
5598	7682
1	7683
2884	7684
1277	7685
5644	7686
1670	7687
4090	7688
289	7689
149	7690
5674	7691
763	7692
787	7693
6668	7694
607	7695
375	7696
4525	7697
692	7698
154	7699
6627	7700
1480	7701
119	7702
4028	7703
830	7704
4134	7705
729	7706
3829	7707
6324	7708
3580	7709
6008	7710
517	7711
732	7712
772	7713
1665	7714
2720	7715
492	7716
1591	7717
5857	7718
8	7719
4877	7720
5797	7721
1525	7722
4381	7723
773	7724
1833	7725
325	7726
6382	7727
4904	7728
2110	7729
3	7730
6263	7731
4653	7732
5333	7733
260	7734
258	7735
6860	7736
1263	7737
4259	7738
3737	7739
4125	7740
438	7741
6982	7742
156	7743
108	7744
381	7745
76	7746
12	7747
2889	7748
3907	7749
1404	7750
6652	7751
1550	7752
577	7753
1773	7754
876	7755
2342	7756
4652	7757
82	7758
1343	7759
1038	7760
5745	7761
3294	7762
1213	7763
1303	7764
4677	7765
6618	7766
1842	7767
2498	7768
2359	7769
5271	7770
6360	7771
174	7772
789	7773
5	7774
1821	7775
948	7776
3855	7777
5060	7778
4177	7779
1	7780
31	7781
1134	7782
4586	7783
3805	7784
3131	7785
7077	7786
392	7787
1602	7788
4696	7789
3068	7790
975	7791
1113	7792
4917	7793
4598	7794
5952	7795
295	7796
3223	7797
2472	7798
2499	7799
3137	7800
1407	7801
94	7802
2733	7803
651	7804
560	7805
4454	7806
5447	7807
516	7808
3987	7809
7083	7810
161	7811
2249	7812
4646	7813
2866	7814
250	7815
5166	7816
4334	7817
535	7818
1597	7819
1282	7820
2052	7821
4328	7822
4374	7823
3535	7824
1848	7825
542	7826
2851	7827
1815	7828
1740	7829
3136	7830
872	7831
3271	7832
2660	7833
1843	7834
1744	7835
24	7836
4303	7837
670	7838
1212	7839
786	7840
1622	7841
1696	7842
5844	7843
226	7844
111	7845
1277	7846
1607	7847
2625	7848
4433	7849
400	7850
1817	7851
4580	7852
2200	7853
3740	7854
2926	7855
273	7856
108	7857
1239	7858
8	7859
3548	7860
92	7861
1401	7862
1130	7863
342	7864
101	7865
26	7866
6211	7867
6246	7868
1851	7869
1385	7870
2145	7871
5298	7872
1532	7873
2	7874
110	7875
103	7876
15	7877
1652	7878
4208	7879
537	7880
118	7881
2260	7882
3968	7883
4291	7884
3596	7885
4354	7886
402	7887
1291	7888
1415	7889
3011	7890
1192	7891
10	7892
7078	7893
5892	7894
225	7895
583	7896
3669	7897
494	7898
5743	7899
2581	7900
3926	7901
4075	7902
3450	7903
4708	7904
591	7905
6567	7906
3515	7907
103	7908
4590	7909
4492	7910
3302	7911
742	7912
1151	7913
5081	7914
2006	7915
2	7916
2592	7917
623	7918
5316	7919
3518	7920
7101	7921
1266	7922
315	7923
639	7924
1775	7925
5210	7926
1112	7927
3720	7928
6379	7929
6936	7930
3261	7931
4497	7932
5651	7933
6161	7934
547	7935
390	7936
5735	7937
2878	7938
1660	7939
4378	7940
1275	7941
3198	7942
263	7943
74	7944
373	7945
540	7946
3873	7947
4705	7948
3875	7949
1641	7950
4427	7951
4861	7952
6365	7953
6714	7954
6079	7955
3564	7956
2082	7957
5521	7958
6173	7959
1092	7960
3285	7961
6331	7962
1403	7963
483	7964
3182	7965
7011	7966
5267	7967
3366	7968
5207	7969
631	7970
626	7971
686	7972
5189	7973
1207	7974
974	7975
3383	7976
161	7977
663	7978
3429	7979
1069	7980
1986	7981
5478	7982
1446	7983
617	7984
6018	7985
6039	7986
1760	7987
214	7988
3688	7989
4215	7990
6105	7991
5540	7992
1596	7993
3856	7994
3120	7995
2097	7996
5033	7997
643	7998
214	7999
1311	8000
5553	8001
5943	8002
850	8003
13	8004
1016	8005
358	8006
3939	8007
825	8008
477	8009
35	8010
477	8011
573	8012
3933	8013
132	8014
1661	8015
2344	8016
1502	8017
4910	8018
4039	8019
5519	8020
5876	8021
6089	8022
2272	8023
301	8024
5977	8025
436	8026
51	8027
356	8028
6750	8029
2290	8030
5292	8031
3945	8032
1413	8033
70	8034
3731	8035
2264	8036
3803	8037
4001	8038
458	8039
541	8040
825	8041
124	8042
115	8043
78	8044
27	8045
4701	8046
331	8047
5078	8048
3785	8049
5534	8050
2432	8051
3064	8052
6822	8053
126	8054
888	8055
3289	8056
6610	8057
1144	8058
462	8059
2593	8060
6435	8061
4110	8062
4250	8063
510	8064
1195	8065
2846	8066
6308	8067
5795	8068
2339	8069
10	8070
7053	8071
6167	8072
5160	8073
1850	8074
4490	8075
429	8076
3838	8077
1820	8078
6126	8079
1892	8080
937	8081
3877	8082
430	8083
4545	8084
4355	8085
3186	8086
1640	8087
1360	8088
4562	8089
3407	8090
1233	8091
2087	8092
86	8093
2975	8094
1235	8095
3092	8096
5864	8097
5281	8098
5363	8099
412	8100
6832	8101
6698	8102
5901	8103
368	8104
1247	8105
22	8106
1841	8107
3539	8108
4867	8109
3451	8110
2787	8111
1515	8112
6734	8113
6495	8114
1816	8115
6786	8116
6632	8117
741	8118
4581	8119
3837	8120
1592	8121
1429	8122
6340	8123
432	8124
5365	8125
91	8126
159	8127
1059	8128
3738	8129
1658	8130
124	8131
4688	8132
2691	8133
2742	8134
296	8135
296	8136
7110	8137
851	8138
6729	8139
4627	8140
4833	8141
6503	8142
6309	8143
6174	8144
6086	8145
4773	8146
3158	8147
5027	8148
2345	8149
1344	8150
2805	8151
235	8152
530	8153
745	8154
43	8155
5568	8156
1749	8157
4561	8158
1177	8159
1024	8160
59	8161
348	8162
1622	8163
3729	8164
1733	8165
6551	8166
8	8167
5215	8168
6245	8169
161	8170
3126	8171
1015	8172
5851	8173
227	8174
7079	8175
66	8176
6083	8177
6041	8178
3060	8179
2784	8180
4756	8181
5819	8182
3	8183
859	8184
3748	8185
832	8186
843	8187
6085	8188
572	8189
1059	8190
1547	8191
6782	8192
2192	8193
473	8194
316	8195
4226	8196
4347	8197
3161	8198
1074	8199
5628	8200
256	8201
7099	8202
2308	8203
4809	8204
2532	8205
1594	8206
1790	8207
1655	8208
194	8209
6276	8210
109	8211
1335	8212
1577	8213
1600	8214
2147	8215
14	8216
895	8217
6963	8218
6190	8219
79	8220
4694	8221
3558	8222
2710	8223
5689	8224
3025	8225
3587	8226
3474	8227
212	8228
396	8229
558	8230
6287	8231
502	8232
1404	8233
5096	8234
4888	8235
5495	8236
853	8237
811	8238
6505	8239
6455	8240
4983	8241
4903	8242
49	8243
6742	8244
321	8245
948	8246
2379	8247
6045	8248
1670	8249
2388	8250
1	8251
5522	8252
3758	8253
1700	8254
6106	8255
3858	8256
4436	8257
5548	8258
4582	8259
616	8260
4228	8261
2433	8262
511	8263
270	8264
217	8265
5216	8266
5886	8267
3359	8268
3093	8269
307	8270
6416	8271
6283	8272
968	8273
1265	8274
6136	8275
1140	8276
5358	8277
2881	8278
3670	8279
34	8280
2976	8281
185	8282
613	8283
1099	8284
512	8285
4111	8286
4634	8287
136	8288
136	8289
2446	8290
4364	8291
4805	8292
2159	8293
3421	8294
4402	8295
1906	8296
5771	8297
251	8298
1800	8299
6017	8300
357	8301
6434	8302
501	8303
6232	8304
505	8305
640	8306
1799	8307
31	8308
1575	8309
4143	8310
6084	8311
3884	8312
2148	8313
72	8314
2140	8315
2526	8316
6755	8317
2351	8318
4243	8319
6964	8320
3471	8321
949	8322
5591	8323
500	8324
5046	8325
5153	8326
172	8327
3663	8328
5371	8329
233	8330
426	8331
3439	8332
1180	8333
5484	8334
1846	8335
4129	8336
1905	8337
6212	8338
5635	8339
1240	8340
2938	8341
5119	8342
1346	8343
593	8344
367	8345
1038	8346
674	8347
5825	8348
6216	8349
5940	8350
819	8351
6815	8352
1853	8353
1203	8354
4842	8355
865	8356
5151	8357
2329	8358
877	8359
5969	8360
146	8361
2853	8362
490	8363
1438	8364
5691	8365
3017	8366
2542	8367
408	8368
4866	8369
6745	8370
3525	8371
559	8372
2842	8373
2507	8374
20	8375
3871	8376
6825	8377
2410	8378
525	8379
85	8380
4051	8381
5823	8382
4189	8383
1680	8384
1801	8385
4680	8386
524	8387
1073	8388
6118	8389
6057	8390
3908	8391
808	8392
6532	8393
1924	8394
4702	8395
4892	8396
1306	8397
1422	8398
635	8399
5978	8400
5716	8401
4963	8402
6119	8403
4662	8404
1280	8405
3108	8406
1533	8407
448	8408
1315	8409
17	8410
2488	8411
4970	8412
583	8413
503	8414
2186	8415
1795	8416
54	8417
2274	8418
1834	8419
466	8420
2767	8421
1563	8422
23	8423
4418	8424
1028	8425
1627	8426
515	8427
7086	8428
996	8429
1	8430
4054	8431
1091	8432
2932	8433
2923	8434
3698	8435
1870	8436
3177	8437
3101	8438
2835	8439
2103	8440
584	8441
1275	8442
5337	8443
6511	8444
234	8445
6050	8446
4537	8447
6504	8448
4560	8449
335	8450
509	8451
1897	8452
2350	8453
4724	8454
1613	8455
6583	8456
4544	8457
1286	8458
756	8459
5108	8460
1649	8461
3045	8462
619	8463
176	8464
1364	8465
1663	8466
4052	8467
4928	8468
36	8469
6093	8470
4524	8471
32	8472
11	8473
303	8474
1621	8475
1234	8476
6191	8477
1647	8478
1800	8479
4569	8480
1845	8481
261	8482
890	8483
5941	8484
1557	8485
3276	8486
4503	8487
1769	8488
169	8489
727	8490
5704	8491
4895	8492
6762	8493
1756	8494
285	8495
2091	8496
211	8497
4404	8498
2585	8499
7013	8500
6975	8501
1922	8502
5257	8503
2954	8504
3218	8505
802	8506
4330	8507
4949	8508
2603	8509
5907	8510
1691	8511
655	8512
1579	8513
5299	8514
6500	8515
6235	8516
3156	8517
630	8518
2175	8519
4994	8520
6338	8521
2635	8522
208	8523
421	8524
213	8525
3013	8526
257	8527
1106	8528
3556	8529
764	8530
6087	8531
276	8532
5721	8533
3896	8534
6010	8535
172	8536
6403	8537
5347	8538
5039	8539
4396	8540
306	8541
5282	8542
2628	8543
3332	8544
972	8545
3860	8546
248	8547
6687	8548
6492	8549
6831	8550
543	8551
5804	8552
448	8553
430	8554
119	8555
5150	8556
1056	8557
6766	8558
5366	8559
5135	8560
4277	8561
60	8562
1852	8563
4948	8564
2207	8565
4451	8566
451	8567
3703	8568
12	8569
509	8570
1170	8571
2922	8572
1568	8573
3	8574
7090	8575
4792	8576
723	8577
1665	8578
108	8579
384	8580
263	8581
3923	8582
2755	8583
1020	8584
3105	8585
6147	8586
1803	8587
1501	8588
2702	8589
1829	8590
6059	8591
4965	8592
4576	8593
1601	8594
25	8595
1045	8596
4614	8597
4409	8598
6250	8599
1847	8600
446	8601
5454	8602
1312	8603
1990	8604
5344	8605
2347	8606
3511	8607
4357	8608
254	8609
478	8610
3423	8611
64	8612
536	8613
41	8614
1166	8615
1511	8616
6835	8617
2407	8618
4225	8619
5528	8620
587	8621
497	8622
4973	8623
914	8624
3479	8625
4518	8626
2	8627
4268	8628
6879	8629
2424	8630
712	8631
759	8632
2040	8633
2865	8634
5730	8635
140	8636
2008	8637
1348	8638
5747	8639
272	8640
5432	8641
627	8642
923	8643
5667	8644
2880	8645
2959	8646
2654	8647
4096	8648
5214	8649
5867	8650
893	8651
125	8652
280	8653
3063	8654
3094	8655
30	8656
389	8657
5350	8658
6631	8659
4109	8660
2855	8661
3032	8662
6376	8663
451	8664
6730	8665
2724	8666
6806	8667
4817	8668
5374	8669
1938	8670
5133	8671
5750	8672
2834	8673
5501	8674
4675	8675
554	8676
2356	8677
5115	8678
163	8679
2411	8680
1759	8681
563	8682
420	8683
2386	8684
4741	8685
4991	8686
3185	8687
347	8688
90	8689
584	8690
6120	8691
297	8692
4659	8693
885	8694
6691	8695
6004	8696
5633	8697
680	8698
7107	8699
1610	8700
6430	8701
5981	8702
6548	8703
249	8704
2792	8705
1117	8706
3	8707
5736	8708
3705	8709
2986	8710
1270	8711
3650	8712
3173	8713
1287	8714
2563	8715
3949	8716
1174	8717
243	8718
4566	8719
5910	8720
556	8721
2939	8722
336	8723
831	8724
5877	8725
838	8726
2452	8727
1890	8728
4946	8729
4689	8730
3684	8731
834	8732
5760	8733
2376	8734
5670	8735
1322	8736
5351	8737
2442	8738
2652	8739
246	8740
125	8741
125	8742
3133	8743
3039	8744
5665	8745
45	8746
474	8747
73	8748
2135	8749
2909	8750
1612	8751
2997	8752
2013	8753
2383	8754
1700	8755
1611	8756
977	8757
178	8758
253	8759
1211	8760
361	8761
4571	8762
6091	8763
834	8764
1813	8765
195	8766
513	8767
783	8768
467	8769
3981	8770
1373	8771
1418	8772
5176	8773
2836	8774
640	8775
668	8776
636	8777
940	8778
5595	8779
83	8780
6185	8781
4057	8782
950	8783
5789	8784
3040	8785
376	8786
6912	8787
4047	8788
5709	8789
5385	8790
2915	8791
5810	8792
3582	8793
6222	8794
5949	8795
8	8796
1879	8797
567	8798
6518	8799
5533	8800
4995	8801
1716	8802
5761	8803
2451	8804
25	8805
5661	8806
3297	8807
2946	8808
5120	8809
152	8810
561	8811
3001	8812
6210	8813
1486	8814
4840	8815
507	8816
4939	8817
1080	8818
763	8819
2001	8820
3378	8821
1599	8822
232	8823
914	8824
2265	8825
2283	8826
3000	8827
1545	8828
117	8829
2421	8830
6107	8831
3075	8832
6903	8833
5138	8834
1363	8835
6316	8836
1574	8837
468	8838
5429	8839
903	8840
4135	8841
4214	8842
988	8843
2334	8844
913	8845
1025	8846
2557	8847
5845	8848
4353	8849
4553	8850
1713	8851
5893	8852
1289	8853
5903	8854
147	8855
205	8856
437	8857
6217	8858
5570	8859
374	8860
1220	8861
4674	8862
518	8863
2487	8864
4179	8865
5474	8866
4447	8867
6558	8868
151	8869
264	8870
1510	8871
231	8872
3718	8873
5660	8874
1394	8875
3056	8876
3554	8877
1991	8878
5550	8879
162	8880
3291	8881
2184	8882
125	8883
1828	8884
170	8885
2511	8886
2510	8887
2466	8888
3305	8889
5921	8890
1740	8891
537	8892
206	8893
1260	8894
1376	8895
289	8896
3793	8897
6026	8898
6891	8899
3153	8900
4663	8901
1807	8902
407	8903
2606	8904
284	8905
385	8906
6549	8907
1173	8908
910	8909
5387	8910
2870	8911
287	8912
866	8913
3098	8914
6402	8915
4480	8916
5948	8917
226	8918
6405	8919
1753	8920
1814	8921
2897	8922
2364	8923
6110	8924
33	8925
1517	8926
1102	8927
1619	8928
4783	8929
64	8930
418	8931
2254	8932
424	8933
229	8934
4676	8935
5809	8936
3694	8937
7001	8938
96	8939
558	8940
4487	8941
74	8942
9	8943
6409	8944
4043	8945
5931	8946
4086	8947
6404	8948
1690	8949
5470	8950
1771	8951
107	8952
3668	8953
1535	8954
3350	8955
1868	8956
5438	8957
5450	8958
3802	8959
6440	8960
164	8961
394	8962
414	8963
3036	8964
6478	8965
5184	8966
886	8967
3699	8968
795	8969
485	8970
419	8971
5449	8972
4927	8973
4298	8974
589	8975
382	8976
1433	8977
3081	8978
3299	8979
644	8980
51	8981
3815	8982
533	8983
3497	8984
4320	8985
3388	8986
775	8987
177	8988
2133	8989
5767	8990
752	8991
1108	8992
2942	8993
551	8994
6706	8995
1774	8996
3052	8997
4274	8998
5898	8999
485	9000
226	9001
1688	9002
1357	9003
3508	9004
5000	9005
1853	9006
1863	9007
6987	9008
4961	9009
1580	9010
1379	9011
1714	9012
3286	9013
6651	9014
3220	9015
1	9016
4687	9017
1030	9018
105	9019
6068	9020
5041	9021
4804	9022
817	9023
1179	9024
6593	9025
629	9026
6606	9027
5512	9028
1030	9029
4856	9030
1864	9031
506	9032
6098	9033
3147	9034
1811	9035
3745	9036
1692	9037
1583	9038
1309	9039
777	9040
5847	9041
541	9042
7018	9043
6757	9044
3545	9045
1209	9046
396	9047
1762	9048
2298	9049
936	9050
1664	9051
6644	9052
1053	9053
4784	9054
225	9055
3529	9056
1297	9057
6673	9058
2108	9059
922	9060
5469	9061
2960	9062
2570	9063
1013	9064
434	9065
2903	9066
3600	9067
943	9068
2023	9069
807	9070
6483	9071
30	9072
543	9073
2583	9074
4596	9075
701	9076
141	9077
5694	9078
6002	9079
5609	9080
480	9081
1194	9082
351	9083
259	9084
4943	9085
3938	9086
104	9087
6275	9088
194	9089
5739	9090
3	9091
1589	9092
4767	9093
991	9094
1382	9095
291	9096
436	9097
353	9098
25	9099
525	9100
3776	9101
48	9102
862	9103
122	9104
4534	9105
8	9106
95	9107
4540	9108
6921	9109
967	9110
967	9111
8	9112
673	9113
3811	9114
869	9115
2275	9116
390	9117
1560	9118
6685	9119
5324	9120
983	9121
4126	9122
1764	9123
4815	9124
6023	9125
1047	9126
910	9127
1361	9128
2030	9129
1968	9130
5800	9131
3995	9132
5676	9133
6733	9134
6466	9135
5989	9136
5668	9137
5733	9138
3638	9139
63	9140
1122	9141
3736	9142
2025	9143
1303	9144
3184	9145
2967	9146
6515	9147
68	9148
2841	9149
4620	9150
6724	9151
1283	9152
1636	9153
2831	9154
2066	9155
193	9156
5054	9157
4911	9158
3235	9159
1386	9160
3164	9161
278	9162
1417	9163
5427	9164
6158	9165
976	9166
445	9167
5062	9168
350	9169
6909	9170
760	9171
2994	9172
5213	9173
113	9174
52	9175
5562	9176
153	9177
6111	9178
990	9179
3298	9180
1014	9181
1656	9182
3284	9183
295	9184
2898	9185
6641	9186
754	9187
5653	9188
6051	9189
518	9190
1781	9191
3464	9192
3323	9193
5843	9194
483	9195
510	9196
633	9197
240	9198
930	9199
4491	9200
391	9201
46	9202
5868	9203
176	9204
61	9205
1043	9206
4198	9207
1	9208
2143	9209
611	9210
6571	9211
355	9212
4612	9213
4116	9214
1695	9215
2522	9216
1205	9217
409	9218
1708	9219
2761	9220
5229	9221
1396	9222
1183	9223
5212	9224
86	9225
1252	9226
3176	9227
646	9228
1201	9229
4369	9230
1542	9231
4671	9232
3413	9233
4020	9234
195	9235
355	9236
1171	9237
262	9238
2741	9239
13	9240
47	9241
1214	9242
16	9243
4769	9244
2259	9245
4329	9246
718	9247
1146	9248
6342	9249
1365	9250
6973	9251
132	9252
2666	9253
7	9254
2028	9255
5126	9256
79	9257
491	9258
317	9259
380	9260
2197	9261
2770	9262
3988	9263
934	9264
987	9265
62	9266
2632	9267
174	9268
5357	9269
1609	9270
231	9271
3370	9272
6452	9273
3347	9274
1342	9275
5254	9276
355	9277
2709	9278
2626	9279
5571	9280
152	9281
431	9282
6299	9283
1819	9284
1053	9285
1611	9286
3202	9287
1838	9288
179	9289
1519	9290
538	9291
174	9292
25	9293
3795	9294
3943	9295
1635	9296
4040	9297
2125	9298
4276	9299
59	9300
6265	9301
1538	9302
4768	9303
6472	9304
3287	9305
2825	9306
1169	9307
5460	9308
3209	9309
582	9310
6797	9311
887	9312
87	9313
1804	9314
1976	9315
5381	9316
5179	9317
1035	9318
857	9319
1562	9320
1710	9321
3586	9322
5828	9323
5695	9324
6077	9325
5822	9326
5422	9327
6719	9328
3254	9329
5079	9330
7091	9331
907	9332
1787	9333
136	9334
3820	9335
6576	9336
1585	9337
2484	9338
1062	9339
1430	9340
5916	9341
6974	9342
502	9343
3103	9344
3456	9345
2633	9346
1981	9347
126	9348
6940	9349
493	9350
157	9351
156	9352
38	9353
14	9354
1564	9355
307	9356
3921	9357
2460	9358
138	9359
4820	9360
168	9361
788	9362
6074	9363
2927	9364
484	9365
875	9366
1353	9367
398	9368
3642	9369
6231	9370
6213	9371
373	9372
1747	9373
1747	9374
5002	9375
2769	9376
3300	9377
666	9378
1738	9379
278	9380
5	9381
2368	9382
550	9383
1466	9384
6843	9385
4424	9386
3106	9387
4279	9388
1596	9389
2317	9390
2225	9391
741	9392
1488	9393
1631	9394
3610	9395
193	9396
223	9397
4370	9398
6413	9399
2250	9400
1254	9401
5482	9402
411	9403
40	9404
1458	9405
1609	9406
1970	9407
4321	9408
2867	9409
2514	9410
567	9411
896	9412
1199	9413
5605	9414
2793	9415
1875	9416
1788	9417
146	9418
5547	9419
3659	9420
1017	9421
4728	9422
1230	9423
796	9424
546	9425
191	9426
6468	9427
5504	9428
6451	9429
2642	9430
3458	9431
5416	9432
1125	9433
2169	9434
5835	9435
3037	9436
595	9437
4775	9438
2558	9439
1445	9440
4975	9441
1299	9442
1106	9443
2629	9444
1276	9445
2419	9446
293	9447
61	9448
6341	9449
3292	9450
5471	9451
4223	9452
1160	9453
4700	9454
112	9455
5468	9456
1842	9457
2267	9458
120	9459
6852	9460
4004	9461
3275	9462
287	9463
1052	9464
939	9465
1798	9466
945	9467
506	9468
2035	9469
2019	9470
6214	9471
2612	9472
198	9473
1148	9474
25	9475
2471	9476
229	9477
1393	9478
1590	9479
618	9480
1730	9481
5169	9482
147	9483
3430	9484
1512	9485
384	9486
2032	9487
3613	9488
530	9489
3707	9490
957	9491
3905	9492
6791	9493
4444	9494
437	9495
340	9496
405	9497
6680	9498
4570	9499
6175	9500
6699	9501
545	9502
267	9503
2605	9504
1686	9505
717	9506
716	9507
1454	9508
3472	9509
1463	9510
6962	9511
4221	9512
1262	9513
651	9514
3264	9515
685	9516
460	9517
6959	9518
378	9519
693	9520
5143	9521
395	9522
3344	9523
7061	9524
841	9525
539	9526
6433	9527
1355	9528
3516	9529
3313	9530
189	9531
2598	9532
5309	9533
1825	9534
5763	9535
671	9536
2914	9537
977	9538
937	9539
1734	9540
376	9541
6469	9542
1794	9543
6722	9544
453	9545
31	9546
953	9547
57	9548
2930	9549
2869	9550
1855	9551
1402	9552
179	9553
353	9554
3854	9555
5446	9556
5456	9557
3392	9558
5380	9559
6937	9560
386	9561
531	9562
1843	9563
4394	9564
3643	9565
1461	9566
1443	9567
5451	9568
5412	9569
6870	9570
324	9571
410	9572
550	9573
6486	9574
3293	9575
4647	9576
2061	9577
4421	9578
1032	9579
63	9580
6923	9581
6919	9582
1493	9583
5162	9584
4238	9585
6206	9586
1940	9587
3623	9588
6783	9589
171	9590
669	9591
2	9592
1368	9593
1264	9594
3356	9595
3579	9596
3527	9597
2599	9598
1730	9599
7052	9600
1181	9601
659	9602
21	9603
1910	9604
291	9605
456	9606
1057	9607
1114	9608
1641	9609
2467	9610
954	9611
6807	9612
4397	9613
278	9614
435	9615
929	9616
612	9617
5683	9618
5320	9619
986	9620
2416	9621
3630	9622
303	9623
3619	9624
4668	9625
1643	9626
4022	9627
5035	9628
494	9629
332	9630
4577	9631
6725	9632
2579	9633
1298	9634
3517	9635
427	9636
38	9637
529	9638
6203	9639
115	9640
765	9641
4102	9642
2209	9643
42	9644
1048	9645
2365	9646
47	9647
1947	9648
230	9649
6599	9650
7075	9651
2449	9652
894	9653
5872	9654
962	9655
5781	9656
4055	9657
845	9658
1228	9659
159	9660
1475	9661
6395	9662
5516	9663
302	9664
1437	9665
802	9666
1570	9667
1363	9668
1147	9669
116	9670
1540	9671
3620	9672
1011	9673
4679	9674
1314	9675
3576	9676
973	9677
1077	9678
94	9679
2406	9680
2695	9681
2318	9682
248	9683
3547	9684
1995	9685
735	9686
2293	9687
4106	9688
54	9689
3226	9690
5617	9691
820	9692
1568	9693
6856	9694
194	9695
1593	9696
1796	9697
942	9698
2	9699
6406	9700
2	9701
2436	9702
731	9703
1003	9704
4254	9705
1809	9706
1160	9707
5966	9708
3549	9709
871	9710
1234	9711
2607	9712
4987	9713
5638	9714
6713	9715
3723	9716
2166	9717
5685	9718
6977	9719
927	9720
540	9721
369	9722
474	9723
220	9724
2353	9725
446	9726
665	9727
224	9728
476	9729
1474	9730
4085	9731
5295	9732
5047	9733
3237	9734
3906	9735
372	9736
955	9737
3645	9738
6431	9739
1131	9740
3170	9741
1537	9742
139	9743
6461	9744
3194	9745
778	9746
155	9747
4986	9748
4035	9749
4091	9750
3069	9751
1243	9752
1251	9753
1508	9754
1755	9755
2393	9756
4322	9757
1	9758
1434	9759
1913	9760
3154	9761
17	9762
1354	9763
475	9764
1372	9765
477	9766
792	9767
4797	9768
2071	9769
397	9770
927	9771
2809	9772
49	9773
3321	9774
1305	9775
869	9776
2214	9777
5723	9778
1498	9779
1290	9780
3390	9781
1107	9782
6506	9783
4443	9784
1482	9785
3852	9786
1076	9787
3898	9788
2844	9789
5182	9790
2920	9791
1578	9792
723	9793
454	9794
4691	9795
1491	9796
4288	9797
4408	9798
5245	9799
2086	9800
5884	9801
691	9802
160	9803
1505	9804
3214	9805
3618	9806
3346	9807
3329	9808
1999	9809
2911	9810
1767	9811
6104	9812
4142	9813
6801	9814
1482	9815
6707	9816
172	9817
3573	9818
5349	9819
917	9820
4698	9821
2084	9822
3038	9823
107	9824
5688	9825
209	9826
27	9827
143	9828
919	9829
2036	9830
15	9831
68	9832
982	9833
4868	9834
5142	9835
481	9836
1584	9837
5332	9838
4937	9839
7008	9840
1881	9841
339	9842
5296	9843
2	9844
674	9845
632	9846
435	9847
1597	9848
4398	9849
57	9850
61	9851
193	9852
978	9853
417	9854
94	9855
638	9856
55	9857
5034	9858
53	9859
505	9860
846	9861
2183	9862
4463	9863
4826	9864
18	9865
394	9866
6320	9867
7	9868
6992	9869
1082	9870
4058	9871
5725	9872
5125	9873
5196	9874
6580	9875
1453	9876
53	9877
2900	9878
4670	9879
178	9880
1090	9881
964	9882
4673	9883
4267	9884
3113	9885
865	9886
6103	9887
5991	9888
1676	9889
2871	9890
305	9891
6772	9892
4139	9893
386	9894
6425	9895
350	9896
105	9897
5195	9898
3712	9899
6345	9900
1840	9901
213	9902
3635	9903
2972	9904
168	9905
6450	9906
383	9907
5813	9908
2750	9909
526	9910
5010	9911
2524	9912
818	9913
401	9914
1395	9915
2690	9916
3341	9917
6711	9918
4483	9919
1720	9920
4261	9921
1248	9922
4893	9923
2055	9924
4101	9925
1274	9926
3090	9927
6	9928
1417	9929
73	9930
3900	9931
3864	9932
16	9933
951	9934
3822	9935
906	9936
776	9937
4709	9938
5782	9939
3770	9940
289	9941
3018	9942
6295	9943
6115	9944
6458	9945
5818	9946
709	9947
476	9948
326	9949
15	9950
2756	9951
47	9952
444	9953
3195	9954
6280	9955
1064	9956
684	9957
1642	9958
591	9959
1359	9960
839	9961
1272	9962
4178	9963
402	9964
1994	9965
413	9966
3168	9967
6925	9968
3500	9969
1953	9970
223	9971
1617	9972
1450	9973
4727	9974
272	9975
2078	9976
1724	9977
1649	9978
3542	9979
1774	9980
233	9981
1166	9982
1548	9983
155	9984
5009	9985
529	9986
2549	9987
388	9988
57	9989
334	9990
5601	9991
2337	9992
6449	9993
5403	9994
851	9995
1168	9996
1715	9997
5493	9998
6728	9999
501	10000
