5331	14	3	12.93
145	1562	8	86.67
6237	2828	3	62.04
831	14	6	10.19
101	285	54	325.89
702	2862	4	61.28
614	253	3	26.25
12	1891	7	26.1
204	1017	3	27.8
101	3029	6	39.04
105	483	5	17.68
5628	108	3	25.07
314	12	14	19.52
109	901	3	12.97
292	414	3	25.05
410	2594	3	39.11
1033	431	3	33.42
1541	101	3	8.81
1613	9	4	27.29
722	358	3	29.96
103	1072	4	12.91
5356	713	3	48.51
1570	509	3	36.91
1437	423	3	35.44
7489	2689	3	61.02
802	14	7	13.39
415	102	10	31.87
108	3093	3	20.05
610	1477	4	53.28
104	3666	3	15.76
2801	14	4	13.87
134	1	4	9.84
1545	102	3	9.51
3336	428	4	59.11
1790	103	3	10.99
115	919	6	41.93
109	2130	3	17.82
1188	782	8	122.51
325	108	28	193.97
4831	6478	3	67.1
105	228	18	79.38
128	249	24	196.09
105	116	13	6.82
101	4691	3	17.91
5252	969	4	73.15
1802	158	4	39.75
162	1787	5	53
571	14	9	16.04
123	140	4	7.38
173	16	3	8.03
2301	109	5	37.61
112	1445	4	25.07
1528	120	3	21.14
115	1257	3	18.11
1703	648	3	38.82
2324	14	5	16.96
2109	102	4	17.63
1072	604	3	35.67
1446	128	3	22.28
5135	12	3	12.78
269	134	3	12.72
233	103	7	9.47
4655	5162	4	93.17
1718	12	6	18.4
421	1394	3	35.44
280	1420	3	32.12
148	6030	3	39.3
3425	593	3	43.37
109	336	4	11.56
242	107	5	12.14
543	113	13	94.81
602	104	9	35.38
130	131	3	4.3
1608	104	3	10.29
1062	642	3	36.09
457	249	5	46.33
287	406	3	24.74
127	375	7	45.37
106	1441	5	30.51
1155	513	8	113.6
147	883	14	155.09
106	103	70	54.05
155	118	6	15.58
300	604	11	133.8
2222	14	4	11.3
113	871	4	22.57
104	131	40	85.17
223	616	3	25.48
1291	14	6	15.48
770	209	3	26.33
411	111	3	9.52
104	3100	3	14.55
421	443	3	28.54
143	503	5	35.6
110	469	7	34.41
1373	12	3	3.91
104	180	17	37.35
114	224	10	46.85
197	103	7	6.98
16	1478	4	33.03
265	1450	8	104.76
12	323	8	4.78
1061	2829	3	45.82
291	231	7	61.26
103	405	11	37.73
302	336	4	33.79
3526	378	3	40.71
7487	1120	3	55.76
102	817	3	6.17
840	111	3	13.37
153	142	5	18.1
103	154	13	12.55
772	699	17	284.24
102	1006	3	7.24
2424	109	3	18.57
424	1178	3	34.15
126	887	5	37.25
139	143	3	6.47
12	504	7	7.69
558	12	6	5.94
232	372	8	77.89
115	510	6	34.73
280	1575	5	60.59
120	1413	6	51.22
110	258	8	29.92
2528	161	3	30.25
5213	12	3	12.78
2444	12	6	23.22
3505	12	3	9.2
105	705	3	9.83
101	2175	8	53.42
148	2787	6	72.93
103	1603	3	9.92
106	464	3	8.58
1075	14	4	5.63
121	1195	6	49.24
4725	429	4	66.75
651	14	5	4.96
875	104	3	7.15
365	107	3	7.22
2087	109	4	26.55
505	14	7	7.96
104	875	13	74.46
137	132	3	4.89
769	103	4	10.27
104	4390	3	17.31
1232	12	4	6.3
2759	101	6	35.83
112	189	9	31.18
3592	103	4	23.87
2375	12	3	6.41
811	9	15	129.88
122	269	8	43.71
3856	14	3	10.82
116	304	3	9.86
807	366	4	43.88
116	111	17	27.15
6415	4266	3	64.87
347	376	4	36.82
115	711	3	15.03
1856	14	3	5.35
3930	104	4	26.99
3588	14	3	9.34
150	104	33	84.27
126	128	5	9.52
121	734	3	16.69
7238	112	3	31.28
108	3140	4	29.89
2846	101	3	13
162	670	5	42.32
354	649	3	29.27
3448	375	5	76.52
57	647	4	25
306	116	3	9.95
107	501	7	32.97
103	1782	8	50.09
1557	103	5	22.28
133	139	16	78.23
111	166	5	8.15
114	798	6	38.78
3959	104	5	39.95
455	8	3	10.87
112	314	4	12.68
2817	1028	7	130.2
1357	114	3	17.89
226	116	4	12.79
265	3425	3	37.93
195	1520	3	29.93
375	8	5	21.18
853	14	6	10.69
105	206	4	5.48
110	697	8	48.95
104	926	10	51.25
1421	102	4	14.51
1257	12	6	14.34
685	101	5	12.47
107	215	8	24.13
492	3448	5	79.51
123	221	4	15.22
101	200	45	193.3
1938	110	5	36.7
1120	12	5	9.42
3782	103	3	15.37
142	116	22	98.77
1836	2697	3	48.13
5012	103	3	19.11
103	1811	8	50.09
581	231	5	48.24
132	2203	3	25.97
3462	8	5	47.64
758	207	3	26.27
539	102	6	15.43
6916	109	3	29.95
709	534	8	105.52
208	389	3	22.33
103	2232	3	12.35
126	251	6	30.33
4647	12	3	10.67
300	3706	6	94.48
108	3063	3	20.05
4727	428	4	66.75
9	116	8	5.7
677	112	5	26.51
2064	12	9	45.11
410	2954	5	74.7
2898	12	3	8.07
313	424	3	25.99
115	332	3	10.26
507	12	6	5.42
862	101	3	5.76
3556	909	4	65.08
116	2262	3	22.31
162	117	3	4.36
2	295	5	17.35
3112	2899	5	97.47
186	3405	3	34.79
1637	3262	5	92.52
2	1442	3	17
106	192	9	25.76
130	1582	6	56.7
616	12	6	6.81
3854	12	3	10.67
146	127	4	8.82
101	4616	5	37.28
1026	103	4	12.46
5197	171	4	55.91
1488	12	3	4.3
120	265	3	10.2
148	2788	4	42.86
4755	430	4	66.75
1056	294	4	43.68
2891	559	7	120.63
3858	104	5	39.95
118	308	16	111.5
143	131	9	34.76
3118	14	3	8.22
877	14	6	10.69
127	306	3	12.62
103	331	10	26.82
210	1414	3	30.18
109	302	4	10.49
104	1258	3	9.01
12	381	10	12.22
504	2245	3	39.32
1453	12	3	3.91
124	163	4	10.69
102	1040	3	7.24
2073	1075	10	189.86
344	249	25	312.12
2343	2199	3	48.69
117	1634	4	29.84
354	426	4	38.41
103	224	6	6.2
837	12	6	9.93
1757	12	3	5.21
2678	12	6	25.57
734	745	4	48.86
101	3623	6	44.73
3056	14	3	8.22
414	109	5	19.29
109	213	8	25.7
103	3106	3	14.17
1290	102	4	13.91
12	434	10	14.88
170	107	16	55.01
260	8	7	27.7
101	4312	3	15.73
114	577	7	43.15
113	665	4	20.52
243	148	7	43.84
434	12	12	21.94
101	921	9	39.01
198	101	7	5.26
5582	3227	3	57.54
200	691	3	25.43
284	191	17	171.37
2121	1251	6	100.25
142	705	3	20.31
106	217	6	14.97
444	717	3	31.55
290	107	4	9.52
478	211	8	80.57
2030	102	5	24.9
1119	4888	3	51.26
4748	8	4	42.43
85	102	7	6
176	794	3	24.26
2048	14	3	5.9
12	179	16	6.78
110	1195	3	15.02
12	281	14	16
912	999	7	103.47
211	446	3	23.45
569	12	9	15.65
329	935	3	30.67
135	121	6	12.78
108	300	14	70.13
385	103	4	5.64
5000	4713	3	62.6
341	1730	3	34.6
8	943	6	39.36
126	111	6	4.36
600	14	20	76.42
5100	14	3	12.93
724	2460	3	42.42
473	102	4	6.72
107	595	3	9.84
3472	14	3	9.34
103	5463	3	19.11
104	762	22	157.65
104	718	3	6.22
180	850	4	36.12
148	2446	7	85.78
272	130	4	18.98
964	114	5	32.31
2792	9	3	22.34
1739	101	3	9.31
615	101	3	4.02
352	347	4	36.16
4938	3160	4	83.61
147	299	8	56.05
1874	14	3	5.35
12	3438	3	9.2
137	104	38	84.47
1781	117	4	30.68
2231	109	4	27.64
103	738	13	66.63
103	798	4	10.59
122	166	7	24.42
103	694	4	9.69
389	14	7	5.44
2148	6496	3	60.14
2174	1032	3	43.57
250	151	14	112.13
118	146	10	31.89
1278	12	5	10.69
143	291	3	14.38
106	483	3	8.72
620	5	6	58.89
164	334	4	25.67
170	104	33	106.61
7676	1393	3	57.05
369	8	13	81.09
114	1163	4	25.29
795	14	7	13.39
109	201	5	10.91
12	547	6	5.67
12	427	6	4.12
57	1304	4	30.8
101	1693	5	21.32
547	103	3	4.36
475	118	3	13.51
102	953	5	16.69
2	402	4	15.36
977	12	10	30.67
108	2599	5	38.73
8	548	35	372.55
8	472	6	30.83
336	417	4	37.47
265	3794	3	37.93
2656	103	3	13.18
207	198	24	247.89
693	14	5	5.51
2790	14	3	8.22
12	216	96	539.06
260	425	3	24.51
506	8	3	11.49
1635	102	4	15.9
2702	101	6	35.83
2691	103	3	13.18
2041	12	3	5.77
4752	368	3	44.28
2144	9	3	20.46
111	127	10	14.96
143	4399	4	46.83
108	1588	4	23.49
1925	9	4	29.08
4540	147	3	32.55
532	12	7	8.32
101	5040	3	17.91
234	277	4	29.89
103	936	3	7.06
106	2074	4	25.53
1731	12	10	46.64
3689	108	5	43.87
7423	12	3	17.16
916	101	4	10.2
121	2509	8	93.83
110	2069	4	27.01
508	303	4	38.02
116	136	5	7.26
519	108	4	14.76
4489	4422	4	83.16
1463	12	3	3.91
524	763	3	32.61
1879	8	3	19.01
2130	107	3	17.2
514	188	12	129.1
611	104	4	9.12
162	1110	3	25.04
7123	255	3	45.94
123	126	31	156.86
5522	4606	3	60.37
101	422	4	5.25
1185	107	3	14.06
137	107	24	70.98
104	976	3	7.69
113	101	27	3.88
253	106	9	32.15
110	691	9	56.79
120	741	3	16.91
490	108	5	20.43
105	244	10	33.41
8	5267	4	42.43
114	1086	4	24.78
101	2864	6	39.04
102	1135	4	12.84
1049	101	4	10.99
1272	946	11	189.03
1372	12	13	67.3
165	375	13	122.61
240	318	3	21.68
103	8247	3	23.57
16	2164	3	25.34
110	2566	3	19.77
103	2128	3	11.63
101	2881	4	20.41
310	14	22	49.49
941	588	5	64
928	14	21	121.26
1	57	3	4.69
119	486	6	35.99
339	14	9	7.74
5062	109	3	25.46
2169	102	3	11.92
8	702	11	81.49
4768	2479	4	82.08
1761	2180	6	108.27
2	923	6	37.92
229	2238	4	48.17
335	103	4	4.46
1396	110	9	72.74
139	2387	3	26.91
101	3780	3	14.19
1111	14	6	13.83
347	512	9	105.53
157	336	4	25.13
1095	14	5	9.09
127	4315	4	43.76
2026	14	3	5.9
127	2352	3	25.13
104	2028	3	12.01
352	326	6	58.47
16	701	5	35.94
116	1136	3	17.98
101	214	60	319.07
4863	202	3	39.8
594	12	6	6.51
932	103	4	11.65
103	1722	3	10.43
117	260	6	25.66
185	478	3	22.07
1293	141	5	45.52
2196	2365	9	195.03
366	134	3	14.92
57	3153	3	26.56
101	4681	4	29.82
658	14	5	5.23
106	193	5	9.27
201	290	5	38.03
228	104	18	56.47
3320	109	5	44.53
103	525	3	4.23
2897	1145	6	107.07
103	593	3	4.81
1597	14	3	4.42
108	4617	3	22.85
3447	301	3	38.79
3122	108	3	20.05
114	1521	6	47.73
101	3390	4	22.28
991	309	3	30.82
627	103	3	5.14
915	12	4	4.44
102	2152	3	11.92
115	390	6	31.35
121	2719	6	61.36
2234	12	3	6.41
175	119	3	6.05
3902	9	4	37.49
6095	14	3	17.32
14	1370	4	7.49
354	376	4	37.12
1479	14	3	4.42
2476	2469	5	93.06
2	1328	6	42.8
6206	107	3	29.31
1221	688	16	291.8
101	903	14	78.01
118	104	106	324.39
2764	102	3	12.75
104	501	6	16.29
110	199	6	15.57
1997	12	4	10.13
351	231	13	139.19
101	2295	3	11.2
2559	14	3	7.31
2	177	39	241.87
6278	14	3	17.32
176	4540	3	35.58
2	115	10	8.53
110	1167	3	14.63
721	101	4	8.57
232	114	3	7.41
159	1287	3	25.71
674	134	3	18.81
3804	4693	4	85.53
101	3263	3	14.19
3224	1030	5	83.95
12	1535	3	4.3
2037	520	5	71.35
104	119	28	22.5
101	2629	6	35.83
3649	14	3	9.34
246	1590	4	45.06
103	1281	3	9.03
101	781	4	9.17
284	109	4	10.06
701	107	3	11.06
101	645	17	88.04
152	2779	4	42.14
118	427	7	42.4
141	3340	5	59.18
6197	3859	3	64.87
137	840	4	29.36
101	1038	6	21.67
118	292	17	117.93
393	642	3	30.01
185	12	41	82.46
1207	640	3	36.87
114	374	3	10.5
170	132	3	8.29
697	112	3	12.94
428	101	8	20.4
110	1526	3	16.38
2275	12	4	11.11
12	465	6	4.73
109	226	6	16.84
461	101	4	5.73
101	5620	3	17.91
380	259	5	44.69
2	364	16	104.8
331	1149	8	104.91
1634	14	3	4.85
706	14	7	12.3
1806	107	3	16.54
211	162	7	45.09
101	1799	4	15.74
8	209	6	19.2
59	117	3	4.41
8	2451	4	31.38
12	1027	9	26.38
1225	14	5	10.25
112	195	3	4.83
245	101	6	5.4
2158	9	5	40.79
660	12	8	14.62
122	127	4	4.69
192	2427	4	45.94
226	163	6	37.96
147	1469	3	24.75
350	417	5	50.02
1741	12	3	4.73
107	106	27	20.6
103	1999	9	64.25
152	794	5	42.03
105	192	9	22.58
5946	1524	3	53.06
105	521	3	7.96
4144	8448	3	64.87
108	1606	5	32.06
108	7672	3	29.56
1245	2637	5	83.77
101	335	37	201.22
101	136	16	7.66
8404	101	3	22.36
1814	12	3	5.21
102	302	11	27.37
654	328	3	28.61
102	242	7	9.07
9	103	25	4.01
4999	687	3	48.27
456	1663	3	36.8
1157	486	9	129.92
2488	1461	8	156.12
150	107	27	102.85
162	772	3	22.82
4516	14	4	18.2
1437	362	6	78.82
107	1342	3	14.48
2480	201	3	33.66
16	1953	3	24.58
125	118	6	8.91
203	134	3	10.64
125	180	4	12.82
843	246	3	28
115	813	5	31.83
157	101	12	8.14
279	305	62	1021.85
2316	103	6	35.8
1415	12	5	11.42
104	854	11	57.81
105	430	3	7.11
101	3094	4	20.41
111	153	8	16.87
6158	3327	3	63.28
3517	454	5	78.68
907	8	3	14.77
979	14	4	4.91
342	102	4	4.14
107	399	23	161.64
123	154	4	9.16
3960	4565	4	83.16
3839	1270	4	70.76
959	652	3	35.41
1082	651	16	275.85
109	2065	5	36.12
113	169	6	15.13
108	1302	3	14.72
2417	589	6	92.54
1428	108	11	93.94
1470	746	3	39.21
816	4102	5	90.14
104	1668	4	16.98
101	3941	3	15.73
1063	102	3	7.55
504	484	8	97.5
102	394	4	5.31
2039	14	3	5.9
409	188	14	149.3
244	1701	3	32.23
808	294	3	29.21
278	190	4	27.36
358	107	3	7.01
139	111	5	4.53
251	110	3	5.57
152	3769	5	61.14
108	4256	4	34.42
2794	175	3	32.72
765	101	4	8.86
194	151	3	12.44
118	263	3	9.34
101	7153	3	22.36
107	718	5	23.72
57	408	3	14.26
108	3439	4	31.8
294	171	11	94.16
1848	101	3	9.86
131	12	48	32.66
484	102	9	29.03
115	1115	5	35.27
1619	14	3	4.85
113	938	6	40.62
309	290	5	43.3
597	294	5	51.13
101	682	23	149.12
8	1264	5	34.04
4471	12	4	18
106	108	26	19.94
1587	191	13	190.28
275	12	9	4.66
4883	2054	3	54.88
1079	171	6	61.05
3244	319	3	39.36
1122	206	4	40.96
376	14	15	30.14
1494	842	6	90.54
101	3306	3	14.19
1890	12	4	9.29
962	12	5	7.88
467	106	3	8.58
219	149	8	51.69
114	1589	3	18.84
121	5045	3	30.66
2181	12	9	51.49
104	1535	4	16.24
1283	389	6	78.8
101	1881	7	37.97
101	1948	6	31.47
112	866	3	13.96
460	102	6	14.18
789	181	19	248.17
101	752	16	87.09
6279	14	3	17.32
104	3064	4	22.51
155	104	29	70.75
1371	14	4	7.49
439	14	7	6.83
383	8	7	34.5
1277	724	4	53.45
4885	3857	3	60.37
101	2610	6	35.83
1506	101	3	8.81
2499	9	5	42.56
7612	128	3	36.78
146	124	3	4.93
147	2138	4	40.03
309	12	9	5.99
2047	128	5	47.49
1227	571	4	50.8
2056	12	3	5.77
102	3520	3	14.94
113	599	4	19.67
110	226	8	27.7
104	465	3	4.15
119	1096	4	26.96
330	3968	3	41.15
12	1242	16	91.55
327	108	7	26.76
443	103	5	10.31
210	109	4	7.72
3865	14	5	28.86
3094	572	3	41.94
201	389	6	52.8
3267	104	3	15.76
593	14	8	12.95
930	190	3	26.39
4063	1095	3	48.65
414	103	5	9.67
116	850	3	16.34
242	215	3	18.98
292	684	3	28.1
1598	12	3	4.3
155	1697	4	38.42
391	802	20	315.72
8	4655	4	42.43
105	59	10	18.83
1059	8	6	40.86
7835	8154	3	71.6
870	101	3	5.76
4595	112	4	36.72
102	1361	3	9.05
741	309	3	29.05
143	686	3	20.1
657	12	5	5.04
269	1091	7	84.83
293	318	3	22.94
2752	12	3	7.17
4678	4734	4	93.17
151	107	6	6.85
661	104	3	5.83
885	14	4	4.29
829	211	5	50.56
413	1596	10	153.38
103	2155	3	12.35
787	109	6	33.16
125	107	42	148.56
5181	5975	3	62.6
347	496	7	77.4
364	12	18	40.66
101	1575	7	34.54
126	101	19	7.89
102	136	33	56.4
992	5	5	52.14
150	180	3	11.26
426	12	9	11.74
150	118	3	3.94
4723	9	3	27.37
2323	103	4	19.26
3904	1374	3	50.32
1760	2013	7	128.57
1992	668	3	40.55
990	294	3	30.45
101	1420	8	40.82
102	288	20	72.01
336	1079	7	88.43
1458	505	9	135.73
103	900	11	57.77
1298	102	3	8.63
101	213	6	4.07
759	211	3	26.39
147	509	3	18.71
209	107	4	6.95
1104	158	6	58.41
160	101	14	12.78
2686	12	3	7.17
104	603	4	9.12
1795	108	3	16.78
105	145	7	5.79
2426	12	4	11.11
103	3401	3	15.37
8	1924	7	62.09
636	542	5	58.49
173	14	32	43.19
5045	1126	3	51.26
954	158	3	23.73
102	371	10	28.77
101	1283	13	85.26
102	475	6	14.48
112	148	6	8.93
4289	109	4	34.94
533	120	4	22.15
102	543	3	4.02
5829	1074	4	74.1
1678	12	4	8.55
101	4036	3	15.73
1889	101	4	15.74
116	169	6	17.42
544	12	6	5.67
504	2693	8	136.61
5258	12	4	22.88
436	4859	3	45.64
729	101	4	8.57
1001	937	9	140.06
164	1559	4	38.64
363	101	5	6.8
101	1741	5	21.32
2233	1357	9	174.84
112	658	8	50.18
1381	288	3	32.21
1955	104	3	12.01
2837	4782	3	57.54
1583	14	3	4.42
104	554	7	22.36
167	364	5	36.6
2550	360	3	38.08
105	826	3	10.55
4300	117	3	27.07
2338	12	8	39.61
101	1024	12	64.82
1854	106	3	16.4
1363	12	4	7.31
2835	9	4	32.95
101	6779	3	22.36
384	992	3	32.46
256	189	8	64.54
167	177	3	12.54
214	152	11	78.09
1835	14	3	5.35
120	532	3	14.84
1946	4895	4	79.71
12	133	318	1727.43
873	109	3	12.68
191	600	21	269.98
127	495	3	15.89
1330	12	4	6.78
8	6532	3	31.82
121	235	71	759.62
104	427	6	14.83
942	111	6	37.66
120	326	27	235.15
1350	663	5	68.86
1276	111	14	137.29
372	8	4	15.01
428	14	6	4.32
3149	114	3	23.27
493	9	18	140.41
980	12	4	4.75
1680	103	4	16.47
2	1247	3	16.13
1137	1584	6	94.87
599	9	6	33.53
322	12	11	11.54
101	901	6	20.34
1251	12	5	10.03
596	101	4	7.07
4861	6263	3	67.1
3422	962	3	46.38
497	642	3	31.5
144	173	15	98.22
104	1140	3	8.64
12	466	23	80.7
313	111	13	71.16
101	3519	4	22.28
461	14	13	28.39
115	572	4	20.46
130	120	4	5.31
265	1560	3	32.21
579	14	7	9.66
115	255	5	18.82
115	315	4	15.39
1238	108	4	21.59
2290	12	4	11.11
171	12	23	16.59
3834	175	3	35.54
4818	12	3	12.78
617	1341	5	67.74
1134	12	4	5.87
4949	9	3	27.37
104	292	12	34.25
110	403	3	8.79
104	174	11	14.52
180	111	5	10.14
8	1746	3	19.01
165	154	5	21.91
119	2903	3	24.91
4048	369	5	81.72
117	192	3	6.7
4893	4734	4	93.17
101	5113	3	17.91
115	725	3	15.03
101	3854	5	37.28
148	3238	4	44.78
241	103	6	7.01
203	293	4	28.63
5785	112	3	26.79
2143	9	5	40.79
1695	12	3	4.73
112	534	8	46.13
940	366	3	31.88
9	102	49	38.91
777	104	6	21.61
123	1332	3	20.8
863	14	4	4.29
4085	14	5	28.86
103	6918	3	23.57
141	5062	3	34.23
108	587	16	113.67
8	2450	4	31.38
4774	9	4	42.49
109	615	7	37.11
104	1704	6	31.53
103	2548	3	13.18
2766	12	4	12.26
1280	208	6	69.19
607	594	7	88.47
468	116	4	19.44
128	296	4	18.91
3152	278	4	52.71
1864	12	3	5.21
104	7149	3	23.97
112	1400	9	75.71
112	1476	3	17.35
8	1925	3	19.67
107	160	7	11.1
276	14	9	4.93
2245	14	3	6.55
2684	1624	4	66.8
908	796	6	82.77
898	14	14	54.9
131	2609	3	26.72
213	126	3	10.05
1943	8	5	39.23
4122	14	3	10.82
101	2838	7	52.19
238	322	3	21.81
105	218	6	12.91
120	607	4	23.16
975	102	3	6.94
338	14	13	18.49
105	122	15	15.52
104	2316	4	19.78
147	224	5	26.89
164	714	8	77.46
137	118	5	8.09
3883	110	3	23.59
165	358	3	18.23
172	101	12	12.56
402	116	3	11.99
8	807	7	46.16
1748	171	3	29.04
3824	535	4	63.29
104	1719	4	16.98
2152	14	3	6.55
12	756	16	59.94
1067	14	5	9.09
347	477	5	51.14
2274	14	4	11.3
7383	3363	3	63.28
4355	8035	3	64.87
2533	110	4	29.35
4168	101	4	24.87
101	1494	8	42.57
5866	103	4	31.42
103	7793	3	23.57
2	2063	3	19.29
2407	12	3	6.41
107	400	3	7.78
234	247	3	19.77
119	148	8	23.14
114	695	3	14.16
8	1263	8	64.23
244	4581	3	38.99
1729	102	7	37.88
176	5295	3	37.81
106	234	6	15.94
2383	12	5	16.71
5584	108	3	25.07
120	354	5	25.72
1394	247	3	31.25
104	263	13	36.02
114	1468	4	27.07
247	108	21	114.19
108	797	5	24.98
4915	1775	4	78.75
554	3026	3	41.75
432	863	3	32.47
12	6258	3	17.16
4717	12	4	22.88
5839	12	3	12.78
12	105	1555	8852.62
513	14	10	18.18
4456	1409	3	50.32
211	401	3	22.72
121	333	12	81.97
2	275	5	16.8
108	2260	5	36.96
312	1246	4	45.38
1324	109	4	22.68
13	113	4	6.86
103	239	10	19.98
101	5680	3	17.91
808	175	8	83.3
2451	9	4	31.43
104	1206	5	20.48
1513	1809	5	81.75
280	200	9	79.06
914	12	4	4.44
119	1017	6	45.31
8	1368	3	17.38
165	868	3	23.7
349	102	7	14.09
104	2678	5	29.47
2717	14	3	7.31
1526	101	3	8.81
101	7402	3	22.36
2256	397	3	37.83
166	442	12	116.14
926	12	6	10.97
646	180	3	23.45
165	495	5	39.46
101	541	16	71.99
830	796	10	150.5
117	2675	5	45.76
598	329	3	28.19
6270	2549	3	61.02
642	8	4	19.41
186	236	3	17.2
105	432	3	7.11
108	1571	3	15.66
588	14	8	12.95
1512	14	3	4.42
133	172	6	25.08
2063	12	3	5.77
7499	307	3	47.38
1156	12	5	9.42
107	569	7	34.7
1266	2803	3	47.03
101	226	13	26.09
2	852	9	64.74
103	7015	3	23.57
112	472	3	10.67
103	4314	3	16.92
663	14	8	14.98
103	4382	3	16.92
529	203	3	23.86
2889	148	7	91.81
1624	884	11	196.57
628	117	10	74.69
1541	14	3	4.42
1824	880	3	41.19
205	8	9	35.55
112	986	3	14.88
246	158	49	563.6
164	1335	4	37.29
659	236	3	26.53
2199	2560	3	49.56
103	357	41	266.32
960	2093	4	59.69
248	2246	8	116.33
257	451	4	35.53
114	1401	8	68.44
115	237	10	50.38
890	101	3	5.76
291	147	4	22.02
140	127	4	8.29
1830	110	4	26.06
203	789	4	37.5
1264	9	6	43.64
268	101	10	18.82
12	159	34	33.88
506	12	6	5.42
6931	4861	3	67.1
120	347	23	195.71
652	12	6	7.47
2150	9	5	40.79
450	758	3	31.95
57	14	42	13.69
103	7390	3	23.57
4710	14	3	12.93
1495	931	3	40.33
117	794	12	102.14
3328	2417	6	123.43
222	14	13	9.17
118	131	9	22.05
642	2156	7	113.62
6697	2555	3	61.02
648	104	3	5.64
872	14	7	14.61
170	118	5	13.78
3580	712	6	106.79
104	533	9	32.98
103	5920	4	31.42
148	6029	3	39.3
115	494	6	34.38
110	1439	3	15.89
110	1371	3	15.89
109	136	10	15.65
475	104	3	4.28
121	523	5	29.78
330	574	3	27.8
130	2741	3	26.72
905	14	8	19.77
103	238	5	4.35
103	306	11	29.81
416	261	23	300.55
130	538	7	52.15
971	14	5	8.09
1793	12	3	5.21
409	693	3	30.87
1423	12	4	7.31
2029	101	4	16.65
3182	860	5	82.27
269	175	3	17.28
2051	103	4	18.2
106	463	3	8.58
112	1923	4	28.32
118	180	4	10.38
2567	12	3	7.17
110	213	43	302.1
1923	376	3	36.82
101	4229	3	15.73
244	961	3	28.82
3262	14	4	15.68
195	729	4	36.36
104	229	5	4.56
103	4152	3	16.92
16	204	4	15.49
111	678	4	18.89
1172	14	4	6.03
1642	12	4	8.55
106	145	16	39.61
2943	112	3	21.77
104	5020	3	19.5
516	114	3	12.42
228	118	14	82.91
252	601	9	101.18
379	610	5	54.55
102	614	3	4.61
281	191	3	18.8
153	143	3	8.02
197	102	7	6.26
945	107	5	26.59
1106	102	3	7.55
3063	4744	3	57.54
2312	14	5	16.96
207	14	15	11.6
101	1608	6	27.13
102	111	66	66.16
101	1404	12	78.1
9	162	51	326.74
178	174	3	13.35
311	1243	5	59.27
103	1020	4	12.46
4437	108	4	34.42
501	127	5	31.8
196	569	4	34.39
4763	4868	4	93.17
111	12	145	109.95
2742	101	4	18.92
1749	9	9	85.23
2529	247	3	35.21
786	103	4	10.59
107	418	3	8.15
112	1156	3	15.59
1578	14	4	8.08
14	1053	5	9.09
107	245	3	4.71
3688	14	3	9.34
717	515	3	32.36
105	130	8	5.18
856	12	6	10.43
632	103	8	28.94
101	4020	3	15.73
129	194	6	27.96
396	106	3	7.54
2821	1809	6	113.98
320	116	5	22.04
292	149	10	76.09
391	713	10	131.3
133	4032	3	30.7
103	711	3	5.88
272	116	3	9.21
111	124	18	43.61
1240	12	4	6.3
104	822	3	6.9
803	14	8	17.47
103	1728	5	23.26
102	183	8	6.38
101	1525	13	96.95
2592	148	3	28.73
3171	222	4	50.7
6524	264	3	46.25
127	868	3	19.12
9	177	3	4.03
157	128	4	10.84
124	862	3	18.85
125	146	19	97.1
426	112	4	15.71
465	1208	7	96.57
231	141	3	12.89
1392	103	3	9.46
147	5905	3	34.78
102	542	3	4.02
4812	111	4	41.28
12	2178	3	6.41
122	140	5	10.4
1915	166	3	28.38
2	929	4	21.65
8	1909	8	72.03
107	174	5	7.26
101	507	29	181.25
810	126	3	18.71
123	172	8	33.68
115	1659	3	20.03
101	4942	3	17.91
5737	12	3	12.78
12	1729	7	24.34
12	1653	7	24.34
1135	12	6	13.55
104	925	6	23.37
3133	141	4	42.1
233	191	6	43.89
1433	108	6	40.12
131	127	6	14.38
5307	12	3	12.78
250	101	8	10.82
8	1611	8	69.66
101	969	3	6.28
103	3766	3	15.37
104	411	9	28.63
101	2357	9	67.11
2043	1656	3	45.89
148	2789	3	29.75
1647	663	11	189.55
5369	1243	4	75.17
5295	2007	3	54.88
175	117	5	13.64
700	211	7	74.36
1576	12	3	4.3
949	9	8	58.21
877	101	7	25.4
236	103	5	4.35
101	1860	4	15.74
135	191	9	50.24
104	5918	3	19.5
127	358	3	13.73
12	2945	5	20.47
171	9	7	18.62
6839	5569	3	67.1
101	2038	6	31.47
108	4619	4	34.42
110	1286	6	40.53
12	277	39	127.81
3215	14	3	8.22
12	131	53	43.31
115	271	9	46.16
101	5456	4	29.82
6840	102	3	23.12
104	308	9	21.98
8073	104	3	23.97
512	489	8	98.48
2391	113	3	21.05
114	238	4	12.07
193	1976	3	31.65
101	766	3	5.09
57	185	33	252.17
260	435	5	46.32
819	12	16	64.11
1401	3462	5	90.57
7969	103	3	23.57
3785	12	5	23.32
394	149	8	63.58
104	323	9	23.08
4505	112	3	24.57
2959	795	5	81.29
135	1395	5	44.75
221	643	3	25.9
2	1490	4	25.97
112	859	4	21.05
6383	110	3	30.29
101	3307	5	31.92
12	230	75	357.42
891	1166	4	53.76
101	3488	4	22.28
4401	973	3	47.96
137	5222	4	50.55
104	1171	3	8.64
12	365	50	276.55
4002	2183	3	53.41
1074	14	7	17.62
103	223	10	18.58
4753	4735	3	62.6
127	154	9	36.49
6379	1583	3	57.56
112	2088	3	19.14
522	1038	4	48.5
1405	104	6	29.11
198	14	31	58.37
5582	3226	3	57.54
7987	112	3	31.28
115	1132	3	17.72
1796	417	7	102.58
393	610	3	29.59
104	400	6	13.8
2534	721	4	59.75
283	119	6	28.22
754	101	11	48.41
4327	982	4	68.15
112	1367	4	25.07
101	560	4	6.65
356	101	6	9.58
113	111	14	13.7
1589	14	5	12.46
477	14	11	20.88
103	3184	4	21.98
8	3241	3	23.53
2	2192	3	20.04
208	290	3	19.99
3310	111	3	22.67
125	502	3	15.63
1944	139	3	26.16
1706	14	3	4.85
117	1177	3	18.04
2347	12	3	6.41
1365	9	5	34.95
8	619	7	41.91
122	555	5	30.51
542	372	5	53.03
101	7644	3	22.36
112	349	9	45.38
125	104	42	80.83
2631	14	3	7.31
1382	8	6	44.61
151	104	33	85.13
371	14	9	9.52
4094	441	3	43.41
148	2447	8	104.96
249	12	35	92.96
907	12	4	4.44
6835	12	3	17.16
1000	104	4	12.96
6426	107	3	29.31
105	104	115	150.92
1815	102	3	10.58
105	164	5	4.16
382	14	7	5.04
2357	108	6	47.71
103	734	6	19.84
188	1066	3	27.29
2250	12	3	6.41
101	1318	5	18.67
4565	1019	4	68.61
974	5659	3	50.19
103	2273	3	12.35
277	104	7	12.42
2470	14	3	7.31
7507	1614	3	58.1
1689	112	6	46.01
178	149	19	141.83
288	124	3	11.75
8	939	3	15.08
1575	112	3	17.35
1555	143	8	86.48
102	187	12	18.79
101	1437	4	13.56
112	354	37	322.45
503	1091	3	34.56
108	2974	4	29.89
119	3151	4	36.4
658	829	3	34.73
1315	520	4	50.66
780	103	5	15.47
378	103	5	8.73
12	1906	3	5.21
4299	117	5	56.33
103	5467	3	19.11
101	3046	4	20.41
244	104	10	21.33
6921	120	3	35.13
1584	14	6	17.5
532	14	8	11.65
481	1670	3	37.12
1384	104	3	9.83
2285	14	3	6.55
350	851	3	30.91
2799	111	3	21.44
101	4571	3	15.73
114	258	3	7.93
1506	12	3	4.3
855	9	22	234.15
1119	4892	3	51.26
101	8367	3	22.36
1070	2367	3	43.92
2222	9	3	20.46
3882	12	3	10.67
700	492	3	32.19
693	12	7	11.5
163	106	5	5.48
1470	535	4	52.24
6358	6645	3	71.6
4884	4072	3	60.37
109	458	3	9.28
191	2505	5	62.25
4221	1200	3	49.43
127	514	6	40.86
118	1534	5	39.87
2	459	3	10.66
1376	162	3	26.33
974	1176	8	124.81
127	213	5	21.88
1417	12	3	3.91
795	12	7	13.08
1183	9	4	24.61
504	4383	3	44.05
114	469	4	18.24
109	7618	3	29.95
3321	9	3	23.57
141	1884	3	25.86
243	208	21	221.8
57	540	7	49.42
931	102	4	11.11
1939	14	3	5.9
872	8	3	14.48
167	434	5	38.64
757	109	4	18.23
127	1439	6	54.08
1721	5282	4	77.89
103	1618	7	38.9
118	163	6	16.87
2786	582	6	98.26
103	136	24	31.21
7799	112	3	31.28
236	106	3	4.43
3010	103	3	14.17
119	5535	4	45.94
101	1675	5	21.32
109	306	4	10.82
278	102	5	5.1
2293	486	6	90.28
915	14	6	11.23
124	160	6	20.08
592	120	5	30.99
127	497	5	31.8
3526	571	3	43.18
103	524	3	4.23
2385	2369	3	48.69
225	134	23	186.73
3483	251	3	37.55
3090	3156	5	97.47
5445	110	4	40.39
101	725	20	121.38
144	1322	3	23.91
121	1512	6	52.44
1909	9	8	72.15
167	281	3	16.7
104	295	5	6.56
2355	14	9	51.96
891	158	3	23.12
108	2039	3	17.44
306	104	9	21.98
1651	102	3	10.01
594	14	7	9.66
3076	338	4	54.5
101	255	44	218.55
101	315	38	202.01
103	1799	4	17.28
3301	455	3	41.97
101	2959	7	52.19
115	2130	3	21.29
121	3158	5	50.25
4412	1086	3	48.65
4468	119	5	57.43
119	280	4	15.48
103	3444	3	15.37
455	101	7	16.7
693	1931	3	40.55
1116	5448	3	51.26
2707	103	3	13.18
16	776	3	18.77
241	119	3	9.08
370	9	14	89.92
119	1561	8	74.65
1809	527	3	38.24
109	1003	4	20.58
103	4291	3	16.92
8	1108	5	32.56
1912	2361	3	47.25
335	104	4	4.85
112	505	7	37.45
2308	7059	3	60.14
1462	1567	8	138.8
429	772	3	31.91
1128	556	8	114.64
135	788	4	28.81
101	7499	3	22.36
1115	104	6	26.27
187	104	7	6.6
622	9	29	300.14
8	2499	4	31.38
1084	417	3	33.63
961	12	10	30.67
472	9	4	17.25
116	124	13	34.52
943	2866	4	63.59
105	146	7	6.01
310	12	11	10.45
108	1226	3	14.3
799	106	4	17.58
1124	161	9	99.27
110	633	4	17.17
12	1718	5	13.13
101	572	4	6.86
255	120	6	27.95
110	4604	3	23.59
2450	9	3	21.32
232	693	4	38.09
103	2251	5	27.07
125	130	7	18.17
1566	103	9	54.83
413	5168	3	45.2
166	113	95	799.04
1758	8	4	28.08
108	2940	6	53.4
101	1467	3	8.35
9	104	26	6.31
9	164	5	9.01
1452	14	4	7.49
4220	2521	4	77.07
332	362	20	258.43
112	7307	3	31.28
142	104	39	100.04
103	1794	4	17.28
107	2721	3	18.8
388	106	3	7.42
444	175	10	95.89
114	6950	3	32.8
111	110	32	54.65
152	876	6	54.14
151	130	6	20.46
334	1840	3	35.1
3162	12	5	20.47
346	101	8	16.05
3008	12	3	8.07
598	175	4	32.59
101	2681	4	18.92
2892	112	3	21.77
105	132	15	23.86
101	2885	4	20.41
115	1741	5	39.53
2980	1150	3	46.2
1561	112	3	17.35
110	712	4	18.35
6133	396	3	49.29
152	4646	5	66.55
107	234	4	7.89
156	120	3	5.15
123	304	3	11.75
479	14	7	7.66
123	156	5	13.93
101	1288	14	97.11
429	1110	3	34.15
7059	7489	3	71.6
226	104	11	23.77
103	768	3	6.1
128	1367	3	22.28
115	1024	6	43.34
1308	161	8	88.36
396	103	6	12.87
112	637	3	12.07
363	124	4	20.56
930	103	4	11.65
103	3136	3	14.17
158	14	52	90.61
109	223	3	4.72
912	2496	7	122.44
1159	102	3	7.88
175	102	11	12.32
1579	788	4	55.49
375	600	4	41.63
2935	661	4	60.64
2726	227	3	34.65
120	148	19	91.21
1201	117	3	18.44
1101	14	4	5.63
2	1205	5	32.64
110	3020	5	42.15
3885	3845	4	83.16
671	12	5	5.32
101	1035	3	6.57
635	251	3	26.38
3822	582	3	44.96
4507	112	3	24.57
691	773	5	63.79
104	218	5	4.11
4477	8	3	25.11
28	14	3	8.22
104	122	30	32.55
16	144	8	27.85
1191	142	5	44.93
3794	3089	4	75.97
391	2763	8	132.36
207	158	3	13.82
120	1172	4	28.37
8402	14	3	17.32
130	2992	3	27.74
12	3015	7	40.05
3603	1327	3	48.27
2	282	3	7.3
1398	2891	3	47.49
4434	12	3	10.67
162	103	8	3.89
121	224	4	14.48
840	12	11	32.51
124	449	3	15.15
264	4898	4	61.72
510	1126	4	49.51
1001	770	7	100.55
6462	104	3	23.97
103	422	18	85.07
135	232	3	11.97
5347	3897	3	60.37
1060	5967	3	50.88
127	387	5	29.07
256	243	3	20.2
4051	14	3	10.82
177	1129	3	26.53
897	14	5	7.65
1543	227	3	31.19
117	625	3	14.47
106	232	9	30.88
155	218	3	13.83
804	542	6	75.83
103	1184	3	8.64
747	12	7	12.52
114	136	5	6.08
1863	12	3	5.21
146	101	24	31.74
326	208	5	40.06
1725	12	3	4.73
3486	149	3	31.51
204	312	4	29.46
1054	175	3	26.08
101	988	5	16.06
108	5466	3	25.07
222	158	13	101.85
666	704	3	34.17
269	329	4	32.84
5697	102	3	18.67
144	192	3	11.33
463	113	9	55.56
108	2218	3	18.19
689	120	5	32.82
1209	14	7	19.51
2142	9	6	52.31
644	12	6	7.47
149	106	13	30.72
151	1819	3	27.03
324	526	3	27.33
839	101	4	9.49
955	110	5	28.2
1509	330	3	33.84
101	1137	4	11.9
541	969	5	63.03
106	3483	3	20.9
103	4530	3	16.92
432	107	3	8.29
1105	109	6	37.16
203	443	9	90.3
8	2453	5	42.49
129	174	5	18.9
3876	14	5	28.86
2899	8	3	22.3
101	6116	3	22.36
141	1571	5	47.28
101	2836	5	29
510	2390	4	55.69
108	1133	7	46.1
727	207	3	26.02
687	14	6	8.44
200	12	12	4.74
6072	9	3	31.86
5407	3096	4	83.61
1419	103	5	21.39
324	1363	3	33.24
1472	9	6	45.87
137	116	4	4.53
650	3749	3	43.99
463	2069	3	38.23
142	146	3	7.08
1812	278	8	112.12
117	291	3	9.58
6290	6319	3	71.6
528	370	27	419.13
6031	14	3	17.32
120	866	11	98.56
116	468	3	12.83
108	183	65	457.71
3946	2464	3	54.29
114	1979	5	40.85
8	2144	4	30.11
113	4059	3	25.74
6539	2797	3	62.04
3847	1284	5	95.13
595	101	3	3.86
126	124	6	12.43
101	2592	8	59.65
1967	2071	7	130.77
104	130	29	45.44
525	103	6	15.89
2510	103	8	62.86
8	1178	10	83.17
2758	14	3	7.31
106	164	9	18.47
640	107	6	29.41
12	3053	3	8.07
3572	14	3	9.34
1722	103	6	30.74
163	215	4	21.4
1320	12	4	6.78
643	834	4	48.65
752	103	10	45.52
4309	101	3	15.73
109	269	5	14.26
379	912	4	45.02
894	104	5	17.49
606	14	8	13.42
2847	14	5	20.72
106	1188	3	13.93
103	111	80	112.89
548	893	3	33.91
162	401	3	18.9
707	283	4	40.08
148	389	15	138.46
143	109	12	25.98
131	111	7	7.92
131	156	3	6.97
400	101	8	18.99
114	453	3	11.8
1244	134	3	22.16
103	2022	3	11.63
123	258	3	10.63
3058	103	3	14.17
120	2606	3	24.57
118	705	3	15.83
12	1685	7	24.34
3898	162	3	34.13
1171	14	6	13.83
2282	14	3	6.55
776	113	8	56.18
541	3578	3	42.81
4334	252	3	39.21
4219	1393	3	50.32
204	759	3	26.04
208	14	32	66.58
1839	471	5	69.2
1380	1058	8	131.39
101	4125	3	15.73
157	561	3	20.35
102	2764	3	12.75
129	179	3	8.84
3992	14	3	10.82
5992	264	4	61.72
122	287	3	10.76
1386	108	5	31.15
318	103	11	30.5
1239	103	11	66.76
8	668	9	61.32
2876	1949	4	70.15
161	159	4	15.98
101	1132	14	88.71
107	1338	3	14.48
102	153	21	33.33
2179	14	4	11.3
529	201	5	45.16
101	3698	3	14.19
151	218	4	20.28
151	122	4	8.24
111	317	3	7.61
114	844	5	30.74
469	12	16	41.46
1389	12	4	7.31
104	4555	3	17.31
5255	108	3	25.07
107	567	6	27.75
101	5074	4	29.82
137	385	4	23.17
101	271	65	431.2
3201	1025	4	64.05
1364	376	3	34.49
332	423	4	37.66
21	2	8	11.8
3265	464	5	78.95
14	991	6	12.43
293	181	35	411.47
995	1961	10	188.3
1333	14	5	10.92
3200	14	3	8.22
2737	109	5	39.38
108	5114	3	25.07
12	2514	3	7.17
364	16	3	14.16
252	14	10	5.33
3227	8	6	57.92
103	1090	4	12.91
103	1022	4	12.46
16	3278	4	41.41
1856	12	4	9.29
2684	2465	3	50.43
6209	1408	3	57.05
812	2233	8	139.24
1263	9	6	43.64
3241	9	3	23.57
2624	110	3	19.77
1510	2318	7	127.73
12	911	4	4.44
134	102	21	19.46
102	6677	3	23.12
101	1147	3	7.2
1180	376	3	33.59
2	942	3	14.71
206	8	4	9.72
104	3496	3	15.76
226	107	4	7.58
1524	2133	9	172.48
416	606	10	128.97
141	4997	3	34.23
117	6598	3	33.79
651	12	6	7.47
108	1151	3	13.92
1924	9	7	62.19
179	143	6	28.75
110	769	5	25.73
1799	3747	3	50.39
1108	175	3	26.45
119	347	3	11.5
7184	101	3	22.36
1075	12	4	5.46
2062	12	5	15.33
118	178	34	234.17
4728	1237	4	75.17
118	116	14	30.73
12	1344	5	10.69
1117	111	4	22.88
1511	14	5	12.46
697	14	7	12.3
558	14	9	15.53
128	1892	3	23.93
127	226	4	16.33
104	4130	3	17.31
5267	668	4	70.51
101	1659	9	53.76
2	215	4	9.49
330	12	13	17.58
373	312	3	24.82
3069	12	3	8.07
1880	12	4	9.29
696	134	5	37.24
12	150	220	1240.71
1866	8	3	19.01
999	1382	8	130.26
167	104	13	18.14
2677	102	3	12.75
105	959	4	17.61
1779	14	3	5.35
295	12	13	14.5
122	1664	3	21.79
7610	128	3	36.78
101	709	10	40.7
4176	7509	3	64.87
12	448	26	98.65
192	201	36	399.25
12	584	22	87.33
109	166	9	21.19
146	1351	3	24.1
101	3537	3	14.19
1453	14	3	4.03
117	1856	3	20.95
119	3554	3	26.15
3961	6507	3	64.87
211	119	3	8.18
3198	12	3	8.07
1959	12	7	28.18
1416	181	3	28.16
1488	14	3	4.42
372	14	8	7.04
2597	14	3	7.31
104	109	31	4.19
110	441	3	9.32
104	234	6	7.28
5324	14	3	12.93
2463	14	3	7.31
219	1444	3	30.43
106	132	7	5.26
189	116	5	15.49
1205	12	5	10.03
1438	101	4	13.56
104	5744	3	19.5
601	2148	3	40.43
4375	544	3	44.4
3905	2165	4	75.8
520	102	4	7.09
12	129	287	1361.74
101	3282	6	44.73
140	236	4	19.4
313	425	3	25.99
507	14	6	5.64
126	254	7	37.77
678	968	3	35.86
335	107	7	26.46
8	893	3	14.77
1809	4751	3	54.21
103	4410	4	26.46
111	219	5	13.46
1548	12	3	4.3
272	118	18	124.94
328	103	4	4.36
4712	6160	3	67.1
104	608	3	5.29
853	1266	5	71.55
169	106	5	6.53
2014	102	3	11.21
1120	14	5	9.64
1763	139	3	25.49
121	8153	3	35.16
209	102	11	19.32
1032	8	3	15.4
107	176	5	7.37
107	122	17	26.54
101	405	24	117.87
6794	14	3	17.32
459	109	29	245.88
1427	1702	3	43.56
2299	103	3	12.35
113	253	12	62.61
465	189	8	76.92
289	106	3	5.44
986	9	5	31.35
1379	12	3	3.91
5180	349	3	43.82
116	182	5	14.26
580	128	13	116.61
101	1170	17	126.79
1357	8	7	53.62
301	14	12	12.61
542	188	4	33.19
360	109	19	122.1
6679	14	3	17.32
196	176	4	22.19
231	14	15	14.88
303	8	19	123.78
1022	158	5	45.85
122	101	43	53.26
302	1010	3	30.54
108	2652	8	78.85
112	296	6	22.67
152	3215	3	30.35
2614	300	4	51.78
846	319	4	42.79
367	246	4	33.1
2731	12	3	7.17
1042	163	3	24.41
4950	12	3	12.78
114	2252	3	21.39
3226	1887	7	140.79
137	163	3	7.9
1903	479	3	37.72
101	494	30	188.29
4328	12	3	10.67
892	14	5	7.23
16	945	7	60.03
4066	14	3	10.82
16	997	5	39.47
105	107	43	49.17
114	1022	6	42.03
119	135	55	347.91
592	2060	3	39.47
237	627	4	37.28
2808	821	4	62.35
111	186	7	19.25
160	254	6	38.87
180	643	4	33.73
101	237	72	462.22
2479	12	3	7.17
5917	101	3	17.91
523	12	6	5.42
235	103	5	4.27
112	347	3	8.56
190	1308	7	81.24
220	500	3	24.24
1011	14	4	5.26
538	120	5	30.04
1441	104	3	9.83
2330	14	3	6.55
900	201	7	76.78
205	111	3	5.03
447	2368	5	71.72
188	162	9	59.01
1926	104	3	12.01
108	6763	3	29.56
1960	4756	3	54.88
104	1600	4	16.24
12	228	54	192.28
2139	309	3	35.93
3368	12	3	9.2
466	191	13	140.67
121	3729	5	53.21
1538	2688	3	46.97
104	325	4	4.65
5738	12	4	22.88
1670	14	4	8.73
103	1200	3	8.64
103	1252	4	13.91
2	1492	3	17.5
1140	104	3	8.64
101	1072	7	28.67
1792	14	5	14.39
305	109	3	6.48
131	113	11	25.02
4266	375	4	60.45
1241	12	6	14.34
551	101	5	10.29
157	874	3	23.09
124	146	3	4.93
115	541	6	35.09
2430	103	4	19.26
101	5666	3	17.91
139	124	5	11.53
144	326	8	56.89
966	109	6	35.66
2	466	3	10.66
5162	9	4	42.49
148	1363	5	47.31
308	149	5	31.47
127	199	63	631.74
121	4923	3	30.66
1489	14	3	4.42
6305	14	3	17.32
1855	14	3	5.35
237	1182	3	30.14
2708	14	4	12.46
104	1143	3	8.64
1460	14	3	4.03
101	2216	6	33.42
265	593	4	37.63
597	366	3	29.09
556	702	4	46.22
250	187	4	26.1
4466	12	5	28.61
143	108	10	17.42
421	293	3	25.34
2272	431	3	38.53
1995	12	4	10.13
6950	2110	3	59.38
105	2267	3	16.64
228	130	6	30.86
2182	506	3	39.49
155	116	7	19
383	101	8	18.03
2113	12	3	5.77
280	572	3	26.58
8	6052	3	31.82
167	313	5	34.58
156	3590	3	32.2
8	4775	3	27.33
3345	111	3	22.67
12	234	12	7.69
348	331	3	24.63
232	188	18	174.7
1956	104	3	12.01
3000	12	3	8.07
1023	12	8	21.2
103	356	4	5.01
12	744	18	74.18
110	1627	4	25.22
125	217	4	15.66
157	112	30	147.7
992	175	3	25.72
111	1539	3	17.03
1541	12	3	4.3
216	288	3	20.06
8255	104	3	23.97
112	429	7	35.55
1646	109	3	16.57
1125	14	4	6.03
102	154	22	37.01
1222	117	7	57.01
103	1631	3	10.43
103	1691	5	23.26
566	111	32	322.22
494	222	4	34.95
119	312	3	10.71
597	687	3	33.06
105	433	3	7.11
114	783	10	76.94
111	143	5	5.12
114	843	3	15.15
105	537	4	13.03
104	1046	5	18.57
105	118	49	136.14
2191	3317	4	73.16
1292	14	5	10.92
584	104	4	8.88
282	342	4	33.46
1386	109	3	15.55
282	135	3	13.16
2175	102	3	11.92
102	457	5	9.9
6465	4789	3	67.1
329	14	9	7.3
8	743	3	13.69
5998	109	3	25.46
553	104	33	254.96
2666	12	3	7.17
817	12	4	3.87
3066	197	3	34.52
292	106	3	5.51
1094	101	4	11.43
484	1942	4	54.13
660	110	5	24.52
134	103	15	8.72
940	175	3	25.39
107	1517	3	15.42
3721	12	3	9.2
1870	3961	3	51.98
142	1325	3	23.86
3186	14	3	8.22
108	1211	11	88.64
856	14	6	10.69
113	126	9	15.22
113	331	6	26.6
110	726	3	11.99
102	1331	4	13.91
276	112	3	7.09
8	1936	5	39.23
1042	134	4	30.59
535	171	16	176.68
790	12	8	17.1
5692	1050	3	50.53
101	332	16	53.04
3555	2076	4	72.07
422	173	7	60.94
943	9	6	39.45
1578	12	3	4.3
239	615	6	61.07
6417	4903	3	67.1
860	103	3	6.8
1745	162	4	39.24
105	586	4	13.74
111	241	7	24.95
2129	14	5	15.58
117	3148	4	35.52
1010	14	4	5.26
2987	14	4	13.87
730	4995	3	48.51
191	8	3	5.01
563	484	22	341.53
4839	107	3	24.83
7901	14	3	17.32
4795	8	3	27.33
2868	111	6	56.2
108	5181	3	25.07
126	127	6	12.91
1390	1829	4	61.99
12	2515	7	34.14
216	136	4	17.44
1717	12	6	18.4
1408	101	6	26
592	106	5	21.3
8	4732	3	27.33
115	200	33	237.92
120	1280	3	20.19
207	300	21	232.93
127	542	4	24.02
973	1753	5	76.58
714	14	8	16.15
742	294	3	28.68
1496	14	5	12.46
148	290	9	64.85
110	391	3	8.54
5780	782	3	49.02
104	178	12	18.32
466	103	3	3.85
550	112	8	46.64
110	316	4	11.48
12	1275	4	6.78
104	483	3	4.28
12	1224	6	14.34
112	3194	5	43.79
2719	2123	3	48.8
101	4408	4	24.87
106	570	3	9.53
620	294	4	39.2
102	7855	3	23.12
3386	270	6	93.24
144	279	5	28.74
5575	461	3	45.95
4457	5130	3	60.37
57	1230	7	62.42
103	3074	3	14.17
971	12	5	7.88
12	462	34	165.33
537	103	7	21.08
3515	103	3	15.37
2178	12	3	6.41
301	2409	3	35.65
101	5631	3	17.91
9	1893	3	19.05
250	344	5	42.91
101	711	15	76.98
7201	14	3	17.32
471	3777	4	59.74
101	8458	3	22.36
3180	12	3	8.07
119	728	7	50.26
180	124	4	12.81
520	103	3	4.23
145	2437	3	27.49
3103	12	4	13.68
446	8	19	146.73
390	14	10	13.32
524	558	4	43.43
131	1299	3	22.32
103	378	5	8.73
101	1993	6	31.47
2509	14	4	12.46
103	333	24	111.36
709	2569	4	59.75
103	273	21	79.53
195	3375	3	35.65
1195	1474	4	59.12
152	5912	3	35.4
502	112	8	45.14
204	1561	3	30.32
1381	9	7	55.04
1012	12	4	5.1
185	114	7	22.98
120	189	8	35.62
164	222	7	46.45
1723	14	3	4.85
8	1610	5	36.81
799	104	5	16.09
113	154	5	8.72
217	122	5	20.07
1753	108	3	16.78
101	510	5	9.77
478	4318	5	84.63
112	1413	3	16.85
103	1981	5	25.62
954	101	4	10.58
110	2495	4	29.35
123	169	3	6.75
1531	12	3	4.3
123	219	3	9.59
14	666	7	11.8
1738	368	5	65.21
301	101	12	29.17
103	707	4	9.97
103	783	3	6.32
122	143	7	19.26
172	127	3	7.81
101	4092	4	24.87
1170	14	11	42.12
103	2567	5	28.82
1596	222	4	44.22
3057	14	3	8.22
101	3715	3	14.19
736	368	7	84.13
1127	662	10	155.06
838	12	5	6.64
9	118	7	4.61
103	888	8	34.57
165	136	7	30.01
57	780	6	45.34
112	1278	3	16.4
57	644	8	62.31
4732	9	3	27.37
2314	103	3	12.35
3651	12	3	9.2
142	180	4	16
495	2173	3	39.32
444	310	3	25.94
101	2953	5	29
969	14	5	8.09
108	1540	10	84.57
1897	14	3	5.35
133	142	10	41.07
328	102	7	13.21
315	14	8	4.7
127	1679	4	33.52
103	1814	5	24.36
2242	14	5	16.96
164	952	3	24.11
101	306	9	17.8
193	1389	5	54.94
907	14	4	4.59
270	102	5	4.9
103	5465	3	19.11
614	128	9	73.25
371	12	7	4.62
2080	103	3	11.63
552	141	3	18.53
111	185	6	14.64
2714	12	4	12.26
160	153	3	9.69
8	3539	6	63.66
203	247	4	27.13
357	189	3	20.56
1340	14	4	6.96
154	387	11	96.18
1989	14	3	5.9
654	104	3	5.64
101	1375	12	78.1
402	104	12	44.93
103	616	3	4.97
1477	3922	4	72.11
1214	102	3	8.24
8	742	3	13.69
101	1257	8	37.86
112	243	3	6.28
8	622	29	299.71
103	4649	4	26.46
1259	4293	3	49.43
104	1682	3	10.8
116	127	9	18.73
1560	12	4	7.9
101	5995	4	29.82
120	2078	5	44.74
1355	101	3	7.94
129	106	67	321.33
119	386	3	12.29
128	195	7	33.99
2102	112	6	49.17
2623	110	4	29.35
615	12	7	9.76
107	266	5	12.94
1619	8	4	27.23
3533	14	4	15.68
527	4793	4	68.29
1448	1911	4	61.99
118	149	3	3.94
362	9	7	34.01
101	919	10	46.04
8	1381	7	54.93
110	3092	3	20.78
198	12	12	4.62
1175	114	3	17.07
4688	2073	3	54.88
1395	101	3	8.35
165	1752	3	28.31
2065	12	5	15.33
117	1636	4	29.84
103	226	12	26.47
1350	2055	4	62.31
2855	4057	3	55.31
139	172	6	26.86
492	369	25	374.72
1224	113	12	111.99
2636	117	3	23.24
115	285	9	46.93
1677	158	3	27.13
823	452	3	32.49
103	2773	6	38.22
920	12	7	14.96
103	361	34	201.03
103	541	5	11.76
4123	12	3	10.67
120	2783	7	82.03
6920	7872	3	71.6
1188	2762	6	104.72
642	2461	7	117.12
106	119	18	25.36
1256	12	6	14.34
229	7317	3	45.36
119	639	3	15.32
4870	2172	4	80.8
104	206	7	8.55
3766	102	3	14.94
364	14	11	14.91
518	3145	4	58.49
235	109	3	4.99
802	8	4	21
150	130	7	25.75
8	2150	5	40.71
140	767	4	29.58
610	4748	4	69.32
110	950	3	13.6
3868	9	3	25.15
399	197	3	21.95
104	653	4	9.62
160	141	14	81.57
885	12	12	39.52
601	6095	3	51.89
1445	14	5	11.65
888	162	3	23.37
515	14	6	5.64
1694	102	3	10.01
114	2294	3	21.39
713	8	4	20.32
657	14	5	5.23
6111	8	3	31.82
110	737	3	11.99
253	108	3	5.03
951	483	3	33.71
745	101	5	13.23
1828	358	6	82.29
101	6166	3	22.36
103	801	3	6.32
336	758	4	42.09
206	140	4	18.14
3319	109	3	21.67
134	193	4	15.85
101	1115	9	43.99
1096	14	4	5.63
149	179	3	11.22
242	122	3	9.8
101	1779	5	22.41
542	693	3	32.3
162	446	3	19.62
2135	101	3	10.49
102	1874	3	10.58
599	319	5	52.26
188	1112	11	138.16
1521	12	4	7.9
131	219	4	16.91
164	332	3	17.49
101	2200	8	53.42
352	866	3	31.03
204	135	4	16.75
1572	209	3	30.62
243	259	3	20.28
132	203	4	16.22
104	568	3	4.98
114	213	6	21.25
927	14	6	11.23
121	5755	3	30.66
12	1395	5	11.42
309	14	12	13.48
237	8	4	10.89
1538	520	6	84.5
101	813	15	82.54
57	284	3	11.58
117	755	3	15.6
1149	103	4	13.39
1371	12	4	7.31
718	2742	4	59.75
994	9	7	49.48
101	2087	3	10.49
126	753	5	35.82
103	544	6	16.22
181	158	8	47.68
3939	3893	5	114.23
359	313	12	136.05
108	613	22	179.86
141	933	4	31.25
109	405	6	25.1
9	685	3	13.26
103	439	17	78.93
153	126	37	257.5
112	1092	5	31.02
101	2050	3	10.49
1623	664	5	71.65
104	1577	3	10.29
115	335	20	149.14
104	103	119	45.23
146	136	3	6.2
4872	3815	3	58.78
103	1362	3	9.46
6463	104	3	23.97
106	131	9	9.61
7687	736	3	53
2096	107	3	17.2
377	104	6	13.1
1075	8	6	40.86
772	1939	4	58.08
104	499	4	7.83
104	551	22	132.18
123	4437	3	29.03
1171	843	3	37.95
886	101	5	14.52
7258	1905	3	58.71
102	5530	3	18.67
2145	9	3	20.46
110	7671	3	30.29
1326	103	3	9.03
128	8177	3	36.78
102	2326	4	18.68
124	106	8	5.48
6306	2156	3	60.14
693	2807	3	43.2
103	336	6	10.62
1110	8	4	24.01
101	1848	9	56.77
1192	102	6	25.51
101	1744	5	21.32
544	14	6	5.9
320	104	10	27.37
1981	3730	4	72.07
103	4599	4	26.46
792	103	6	20.86
12	4341	3	10.67
101	391	7	14.58
123	184	9	42.14
1014	116	5	34.43
104	2349	5	27.73
104	2281	3	12.73
227	314	3	21.27
248	5929	3	41.29
1579	1425	7	117.85
943	2867	4	63.59
101	2703	6	35.83
105	209	5	8.75
133	320	3	13.73
160	166	9	51.79
455	14	6	4.72
165	199	16	130.45
4165	12	4	18
102	1452	3	9.05
101	316	28	125.18
3255	12	5	23.32
548	1365	3	36.58
1942	3309	4	72.07
1611	9	7	58.12
514	372	3	28.27
9	119	8	6.95
796	14	6	9.71
175	984	5	48.05
115	645	3	14.36
111	1388	3	16.53
426	14	6	4.32
1132	104	3	8.64
101	390	39	248.58
474	689	7	88
510	760	5	60.2
137	130	8	26.66
276	12	9	4.66
3179	12	3	8.07
147	334	4	23.42
12	5567	4	22.88
421	789	7	88.39
366	907	3	31.57
112	3710	3	23
101	4855	3	17.91
6691	1638	3	58.1
113	139	8	16.21
119	413	3	12.81
165	4094	3	34.46
59	115	4	7.4
1829	14	4	9.47
4441	12	3	10.67
2214	12	3	6.41
101	1287	4	12.96
541	1073	5	64.25
110	3385	4	32.78
4835	12	3	12.78
127	630	4	25.31
409	372	3	27.02
102	240	10	18.73
212	149	16	126.29
108	198	19	88.24
3706	158	6	81.3
138	111	5	4.34
1028	162	4	34.97
3388	1007	5	86.92
699	8	5	27.79
176	209	4	23.02
496	14	6	5.4
272	104	9	19.77
155	4553	3	33.51
577	6555	3	51.69
731	101	3	4.89
7390	522	3	50.95
189	673	5	46.81
780	191	4	36.63
1282	191	7	81.37
2311	197	3	32.62
4554	103	5	39.28
1086	14	5	9.09
1782	104	3	11.37
201	14	12	5.07
1097	102	3	7.55
256	259	11	106.18
2	281	16	92.2
2908	14	3	8.22
2038	14	3	5.9
171	14	89	307.45
102	814	3	6.17
103	2880	3	14.17
579	12	7	9.37
115	214	17	100.14
746	171	13	147.88
158	101	15	14.84
104	1311	3	9.4
1159	103	5	19.16
461	12	6	4.73
101	3658	5	31.92
2	434	5	22.13
115	2881	3	23.93
83	59	4	36.61
5846	14	3	12.93
692	104	10	44.95
322	14	11	11.96
107	819	10	66.46
1891	102	3	10.58
104	550	5	12.63
185	101	8	5.4
3772	12	3	9.2
193	3536	4	50.87
466	490	3	29.64
114	544	6	33.79
102	1847	3	10.58
143	103	19	22.89
3596	12	6	34.33
1405	116	3	19.26
1056	5	3	28.15
110	306	3	6.86
285	8	3	7.64
257	186	3	17.71
517	104	4	8.03
110	1435	4	23.77
1083	122	3	19.1
358	109	24	167.4
193	1005	3	27.3
127	136	14	58.31
380	246	8	79.03
144	522	3	18.33
569	114	3	12.94
513	12	7	8
2348	14	3	6.55
3963	14	4	18.2
1213	102	3	8.24
2383	14	3	6.55
1478	104	3	10.29
101	2478	5	26.84
104	192	8	9.6
16	59	24	153.44
119	759	6	41.5
113	1056	3	16.37
104	266	9	18.9
8	1262	3	16.92
1127	1570	3	41.71
4072	103	3	16.92
630	12	5	4.52
151	116	8	22.86
1798	103	3	10.99
112	6050	3	31.28
987	426	3	33.42
148	4663	3	34.8
3646	103	5	33.91
834	1221	11	182.24
793	101	3	5.3
103	1694	4	16.47
103	1067	17	125.93
1633	14	4	8.73
122	482	4	21.6
1285	378	3	34.02
125	116	15	43.87
844	908	3	36.57
8	2145	3	20.42
580	101	9	30.2
8	2452	4	31.38
1299	12	4	6.78
2292	108	4	27.12
101	4015	5	37.28
1239	109	3	14.68
3172	222	4	50.7
968	109	3	13.27
161	104	10	8.38
5728	104	4	31.96
412	14	7	6.1
113	221	3	6.81
1808	197	7	88.68
562	103	33	250.55
338	12	8	5.12
105	119	11	5.19
104	1438	7	36.78
4829	111	4	41.28
621	85	3	24.44
304	174	3	18.02
219	236	3	19.03
1196	104	3	9.01
431	181	4	30.6
150	2412	3	28.38
1309	12	4	6.78
317	114	5	20.39
668	9	14	111.6
409	1012	4	46.81
106	128	8	6.33
9	1962	3	19.71
215	1260	5	54.87
753	106	3	11.16
2197	12	5	16.71
1321	109	3	15.1
1827	1326	7	120.06
101	8380	3	22.36
326	222	10	97.32
662	14	6	8.07
102	5525	3	18.67
1009	193	3	27.3
117	1084	5	35.15
509	872	12	176.99
2107	12	3	5.77
6003	1861	4	78.75
143	269	4	20.92
450	964	3	33.39
3697	101	3	14.19
103	132	16	10.08
104	4142	3	17.31
2	408	3	9.84
103	339	10	27.5
101	1791	9	56.77
363	103	4	5.25
858	110	4	19.76
211	114	6	21.13
2492	4718	4	82.08
1690	231	3	32.01
192	261	12	108.53
116	683	3	15.06
5084	1124	3	51.26
405	107	3	7.9
2833	2802	7	155.21
112	322	6	24.16
919	107	3	12.36
582	3322	5	81.08
129	143	5	13.71
195	1512	3	29.93
101	6218	3	22.36
824	444	3	32.33
220	153	8	52.68
1665	12	4	8.55
673	12	5	5.32
176	6536	3	42.31
420	996	9	125.1
168	127	3	7.36
947	101	3	6.28
3862	6252	3	64.87
549	189	16	187.07
113	145	6	10.22
3318	8	5	47.64
137	154	3	7.22
1150	14	5	9.64
3179	176	3	32.76
118	678	8	58.78
173	102	9	7.41
108	3789	5	43.87
156	498	20	220.83
1522	104	3	10.29
109	5593	3	25.46
101	3135	5	29
1770	12	6	19.76
786	114	3	14.89
138	118	4	5.36
112	2765	4	30.67
694	417	3	31.01
12	780	5	6.28
2672	12	4	12.26
137	1229	4	32.6
559	104	3	4.82
104	3168	3	14.55
103	7226	3	23.57
178	238	3	16.59
5334	455	3	45.79
104	2102	3	12.01
2246	14	4	11.3
3176	14	3	8.22
229	882	14	184.71
768	109	3	11.9
111	1552	3	17.03
1861	12	3	5.21
343	12	11	12.75
8	1055	5	31.9
103	1652	6	30.74
122	1258	4	29.06
12	5213	3	12.78
1832	12	3	5.21
269	917	5	54.59
382	4831	3	44.53
101	296	11	24.6
3148	231	3	35.94
112	1180	3	15.98
1522	146	3	25.06
378	12	8	6.99
2627	12	3	7.17
8	1750	3	19.01
1055	9	4	23.55
152	2356	4	40.87
103	3431	5	33.91
1487	162	4	38.47
371	162	3	18.26
119	331	4	17.04
8371	7903	3	71.6
3211	14	4	13.87
111	131	14	31.75
105	346	6	18.8
133	308	3	13.44
1864	190	3	30.71
2931	464	5	75.98
101	2863	7	52.19
105	301	4	8.21
107	127	44	163.58
356	108	3	7.23
3685	108	3	21.28
122	106	14	17.08
104	3523	4	24.39
262	101	6	5.93
6859	103	3	23.57
103	626	5	13.24
3918	116	5	56.23
3218	358	4	55.25
116	266	3	8.91
110	1895	3	17.5
232	912	7	79.78
129	241	4	17.83
101	6109	3	22.36
1734	193	4	43.24
264	183	9	73.46
115	428	6	32.76
139	116	20	82.72
4815	12	3	12.78
139	178	11	63.81
13	3112	3	31.88
5078	1390	4	76.41
1166	12	4	5.87
8342	108	3	29.56
2804	102	3	13.74
101	861	19	124.34
2429	382	4	53.1
57	364	7	43.73
102	7815	3	23.12
5207	102	4	30.83
57	177	17	100.72
460	14	9	13.26
1162	104	6	26.27
2171	383	6	86.99
114	262	6	23.92
1273	3882	3	49.86
214	108	68	553.27
703	101	3	4.89
492	1385	3	36.23
604	1073	5	65.57
104	212	9	15.09
1503	134	3	23.55
1945	116	8	80.01
102	2423	8	55.44
981	12	5	7.88
12	289	33	96.42
900	261	10	125.52
102	639	5	12.91
429	14	14	30.58
2669	102	3	12.75
1128	1029	6	89.11
104	3782	3	15.76
1948	12	4	10.13
1600	101	3	8.81
6200	101	3	22.36
3810	2362	3	51.83
1614	1616	10	192.96
132	276	5	26.32
118	139	23	105.72
136	454	3	16.65
106	355	10	46.61
421	181	4	30.6
102	7093	3	23.12
57	1328	4	30.8
101	1649	11	75.19
380	14	7	5.04
131	1580	5	44.87
14	1613	4	8.73
124	128	5	9.3
644	103	4	9.15
1202	110	3	15.02
425	121	4	20.68
8	2790	5	44.68
115	298	9	47.74
1722	112	3	17.88
6934	12	3	17.16
2117	12	4	10.13
2991	12	3	8.07
163	114	5	10.27
4536	173	3	35.5
1213	12	5	10.03
171	1	4	15.16
756	107	3	11.3
2374	109	3	18.57
513	102	4	7.09
534	14	12	26.92
7507	1928	3	59.38
103	350	4	4.89
165	609	3	21.53
6117	369	3	48.9
155	172	12	78.18
275	104	10	24.19
106	111	21	16.61
6355	8	3	31.82
7813	108	3	29.56
120	560	3	15.01
243	594	6	60.79
104	187	9	11.87
1293	119	7	59.76
1178	1620	3	42.26
545	12	13	30.79
12	5224	4	22.88
12	3221	5	20.47
413	3700	3	41.38
342	101	6	8.85
702	4893	4	70.84
5	14	34	72.26
820	532	3	33.32
148	4660	4	52.41
152	1039	9	93.69
238	399	4	33.67
6536	102	3	23.12
663	109	6	31.11
462	104	10	36.58
116	568	3	13.84
109	1097	3	13.93
2043	14	3	5.9
224	7885	3	45.16
1508	12	5	12.22
2425	12	3	6.41
950	244	3	28.82
1794	161	3	27.95
126	121	4	4.5
2174	6982	3	60.14
1646	12	3	4.73
3288	4642	3	56.55
110	3313	3	22.01
235	435	4	34.34
120	3232	4	37.31
2909	103	3	14.17
102	515	3	3.89
1937	14	3	5.9
110	607	3	10.94
113	218	4	10.92
1046	538	3	34.56
964	102	3	6.94
57	2211	5	47.85
128	257	6	31.47
975	14	4	4.91
338	102	5	6.75
4303	108	4	34.42
1622	110	4	25.22
141	3688	5	59.18
57	923	4	27.78
148	894	12	128.98
105	136	14	22.26
2720	12	3	7.17
101	2889	7	52.19
111	412	3	9.52
104	935	3	7.41
1036	101	6	21.67
110	716	3	11.99
993	232	5	54.07
434	788	4	45.13
917	14	4	4.59
276	102	7	10.82
223	2888	4	50.7
2	1762	3	18.63
7399	559	3	51.31
497	188	8	77.73
101	1360	6	24.98
172	311	3	18.08
115	1080	3	17.35
6982	191	3	43.65
3145	3090	6	123.4
103	4677	3	19.11
933	208	3	27.39
880	103	7	28.07
241	101	11	20.36
6007	582	3	51.69
101	1615	12	89.49
101	1463	4	13.56
7195	565	3	51.31
9	14	166	204.75
103	975	5	17.38
2389	222	3	33.71
332	486	3	27.02
101	135	23	21.38
14	986	6	12.43
103	1850	3	10.99
101	3144	5	29
101	3008	3	13
180	608	3	23.03
104	800	3	6.66
104	628	5	13.84
189	12	32	54.32
106	151	18	53.88
1291	108	4	22.17
113	4417	3	25.74
117	6862	3	33.79
273	1802	3	33.69
4484	141	3	32
12	1418	12	57.41
110	461	8	41.63
103	6003	3	19.11
337	104	18	73.52
3695	1834	5	93.66
7531	3625	3	63.28
3841	8	5	53.04
3941	821	3	47.06
710	14	8	16.15
140	174	3	9.71
2440	1085	4	61.73
107	3565	3	21.04
162	12	18	4.43
771	9	4	21.06
102	605	6	16.86
2705	103	3	13.18
2929	12	3	8.07
103	262	24	94.53
147	2121	3	27.07
9	932	3	14.81
112	709	7	42.94
101	1870	6	29.82
2	2729	3	20.9
242	140	3	12.99
6354	8	3	31.82
103	2960	3	14.17
183	3641	4	49.5
313	109	17	97.68
844	14	4	4.02
670	1049	11	171.59
248	2097	5	62.58
1026	113	3	16.02
407	14	8	8.31
8	3902	4	37.43
1931	1758	7	128.57
170	139	4	14.35
114	6635	3	32.8
3639	197	3	35.76
2	1304	5	33.41
707	134	3	19.05
143	141	3	6.79
118	124	7	12.12
108	5585	3	25.07
1891	12	8	33.23
986	309	3	30.82
121	2226	6	58.91
1005	110	4	21.03
109	728	4	17.91
12	915	4	4.44
3346	108	5	43.87
245	109	3	5.23
112	270	14	75.01
374	14	11	15.29
7720	211	3	44.71
147	340	4	23.56
103	2043	10	78.58
123	104	70	189.85
105	128	10	8.29
1990	12	4	10.13
632	101	3	4.17
2210	12	4	11.11
133	132	3	4.51
186	149	28	240.19
101	2947	4	20.41
259	161	43	486.27
104	797	4	11.07
271	967	3	29.6
1236	12	4	6.3
102	1431	3	9.05
112	1364	4	25.07
199	174	3	15
103	1735	4	16.47
142	111	7	10.7
2867	14	3	8.22
57	8121	3	36.1
101	1474	7	34.54
1544	1314	3	42.54
112	441	14	93.8
514	563	3	30.67
2862	4678	4	83.61
241	110	4	9.26
508	446	15	207.9
103	4355	3	16.92
807	9	4	21.42
5085	467	3	45.95
103	504	7	20.3
659	149	4	30.2
3532	12	3	9.2
1546	12	4	7.9
101	2123	4	16.65
4046	112	3	24.57
197	14	15	9.87
2153	107	4	26.79
1106	14	6	13.1
101	3331	4	22.28
674	198	4	36.33
140	117	4	5.3
115	148	25	120.44
337	107	5	15.59
1914	770	8	131.01
4649	14	4	18.2
8	6072	3	31.82
1625	350	3	34.94
847	104	3	7.15
3800	890	3	45.76
2866	1164	7	132.17
131	460	3	16.27
101	841	4	9.49
1492	124	3	22.28
114	3033	3	23.27
284	101	8	12.72
121	1448	6	51.27
123	603	4	23.97
1549	309	4	47.2
118	182	18	100.3
110	259	4	9.7
185	232	4	25.05
299	14	24	56.1
395	1270	8	111.63
921	14	6	11.23
120	213	4	13.96
170	126	5	17.08
2852	113	3	22.93
5524	8	3	27.33
952	14	4	4.91
101	5584	4	29.82
124	288	4	17.92
514	610	3	31.25
724	6098	3	53
1061	6279	3	55.38
2261	134	3	26.12
2521	12	3	7.17
107	2035	3	17.2
1198	395	5	62.5
109	265	3	5.6
12	410	7	5.85
109	341	5	16.74
358	12	10	10.95
894	14	5	7.65
107	1998	4	25.71
121	445	35	378.43
778	236	3	27.51
127	277	12	81.91
136	387	20	188.16
2226	14	3	6.55
5567	14	4	23.09
613	161	23	280.15
101	2265	7	42.75
2229	307	9	143.05
1331	112	3	16.4
393	693	6	70.39
110	296	11	51.69
104	451	13	54.45
3127	1021	3	45.47
527	4919	3	46.63
1534	149	3	25.8
146	106	7	7.94
195	1035	6	64.41
104	127	27	34
3216	103	3	14.17
101	8279	3	22.36
57	295	14	99.97
1457	1467	3	42.51
2124	14	3	5.9
4459	1209	5	94.35
368	188	31	389.08
630	109	4	16.73
198	473	16	185.99
275	107	17	88.39
8	493	17	129.73
146	3741	3	30.77
756	104	3	6.44
57	1442	7	64.93
188	8	17	83.38
311	7931	3	47.38
115	307	5	21.13
319	9	7	31.43
102	2439	3	11.92
1077	1103	14	252.87
6351	3887	3	64.87
4192	12	3	10.67
130	127	7	18.72
3150	101	3	13
101	1457	3	8.35
102	325	5	6.48
1951	839	3	41.57
1411	101	5	19.47
148	1921	7	79.6
595	106	3	9.71
12	815	4	3.87
843	158	7	66.65
7492	14	3	17.32
150	140	6	22.81
157	109	6	8.84
3387	109	3	21.67
191	327	39	505.44
104	634	3	5.46
2432	14	3	6.55
105	438	3	7.24
272	320	3	22.7
4190	423	4	61.75
717	14	7	12.3
128	575	4	24.81
183	12	75	251.14
4771	12	3	12.78
2680	103	3	13.18
101	280	45	241.97
2549	1960	3	48.8
283	12	10	6.68
104	4304	3	17.31
156	128	3	6.54
102	1224	4	13.35
356	121	3	12.38
937	12	4	4.44
1928	12	5	15.33
137	221	4	17.95
148	1107	11	122.4
1322	120	6	50.16
103	2388	3	12.35
1409	1651	3	43.56
1790	14	3	5.35
138	570	3	18.18
755	208	10	115.73
318	12	11	10.98
120	3171	6	64.56
660	147	3	20.27
371	102	6	11.44
2093	104	10	79.91
103	5674	3	19.11
3832	329	3	41.15
1476	14	3	4.42
148	2449	3	28.73
1189	104	3	9.01
133	104	72	239.93
2523	396	6	89.99
101	2977	4	20.41
114	657	4	20.97
1332	273	3	31.57
104	2563	3	13.57
147	349	3	16.13
473	101	4	5.9
101	233	74	480.18
144	1782	3	26.02
270	12	18	27.49
3106	12	6	28.7
1976	12	5	15.33
12	4647	4	18
2220	12	4	11.11
1180	309	3	31.95
8	994	7	49.38
104	2113	3	12.01
1314	310	4	45.85
833	814	4	50.66
181	674	3	23.9
1441	14	4	7.49
3539	14	6	34.64
519	14	12	26.21
1762	142	5	49.63
4691	12	3	12.78
1424	430	4	50
179	5934	3	38.15
372	3318	6	98.19
119	2749	3	23.9
120	4652	3	30.64
107	187	4	5.66
103	5357	3	19.11
105	156	9	14.34
490	14	20	66.39
105	111	33	38.09
114	914	3	15.72
105	304	4	8.42
195	315	6	48.74
114	1018	4	24.3
8201	891	3	54.08
434	104	5	10.66
707	310	3	28.8
1433	152	3	25.38
103	1460	4	15.07
1686	1334	4	60.49
957	101	3	6.28
540	12	10	18.28
167	388	9	78.58
12	1199	16	91.55
2687	108	4	28.38
285	103	5	5.73
8005	197	3	44.07
935	103	7	28.82
141	820	5	40.55
12	6703	3	17.16
109	312	3	6.64
192	231	3	17.71
329	685	3	29.06
1173	14	6	13.83
2774	974	8	148.32
791	111	4	19.88
274	148	3	14.55
4895	14	3	12.93
1447	114	3	18.34
152	1336	10	114.24
163	101	13	11.29
12	284	29	74.88
311	5699	4	63.24
102	8395	3	23.12
120	544	4	22.15
5357	356	3	44.05
345	116	5	22.9
1894	14	3	5.35
16	196	6	27.36
103	4023	5	39.28
101	2558	6	35.83
101	2618	3	12.02
1030	103	3	7.63
3704	12	6	34.33
106	136	10	13.62
522	624	28	490.35
101	716	17	93.69
101	760	3	5.09
2601	12	5	18.37
3361	1505	3	49.24
4341	12	3	10.67
2634	12	5	18.37
1362	588	3	37.14
109	552	3	10.08
649	104	3	5.64
181	259	11	93.54
114	1377	7	57.22
3257	8	5	47.64
1630	113	6	48.35
3780	120	3	26.83
181	207	55	667.95
2114	14	3	5.9
502	109	5	21.05
2968	14	3	8.22
6126	261	3	46.09
101	3465	4	22.28
405	104	8	23.18
194	121	3	8.04
678	149	4	30.52
1457	419	5	65.07
106	440	5	18.78
2	1268	3	16.55
3149	103	3	14.17
1736	12	4	8.55
284	424	13	152.59
887	101	3	5.76
1446	108	3	15.17
104	561	4	8.44
4742	14	3	12.93
12	1297	5	10.69
105	833	3	10.55
137	140	3	5.88
156	236	13	103.32
2787	14	4	13.87
105	251	8	23.63
1795	101	5	22.41
1714	2210	3	46.65
773	1192	13	223.6
191	490	18	213.06
103	8397	3	23.57
1253	110	8	58.74
472	175	3	21.34
116	178	4	9.48
102	364	6	11.23
2502	8	7	68.25
8	846	4	21.74
1627	14	5	13.37
402	142	3	16.93
4158	654	5	87.56
134	373	3	15.04
1375	14	4	7.49
2548	14	3	7.31
1390	5524	4	76.41
4911	12	3	12.78
230	116	3	8.17
1160	128	8	74.73
923	12	9	24.22
195	419	3	22.25
111	215	4	8.94
1980	2389	4	67.34
133	146	11	48.09
328	12	8	4.95
2452	9	4	31.43
2519	14	4	12.46
803	102	3	5.94
102	1458	3	9.05
708	107	3	11.06
117	201	8	33.99
275	840	3	28.86
103	1730	7	38.9
107	343	21	131.89
110	4216	3	23.59
101	3082	3	13
388	14	7	5.24
2613	14	3	7.31
444	283	3	25.31
265	803	3	28.18
104	618	3	5.29
138	104	11	4.65
141	380	6	41.22
2728	14	4	12.46
5411	522	3	46.45
101	1549	7	34.54
130	8351	3	37.28
2381	128	3	25.35
4881	12	3	12.78
9	110	14	9.81
110	5491	4	40.39
122	384	7	42.31
245	108	3	4.91
134	12	77	115.07
533	112	3	11.16
3012	12	3	8.07
2094	12	3	5.77
2	885	5	29
2477	2189	3	49.56
2	1057	3	15.37
2133	252	3	33.73
2465	102	8	61.68
104	1816	6	32.97
651	102	3	4.95
4226	14	4	18.2
108	1207	3	14.3
101	4746	3	17.91
111	418	5	21.13
505	102	5	10.61
325	152	4	23.97
1190	109	15	142.42
104	873	4	11.76
110	722	5	25.31
8153	795	3	53.52
276	108	3	5.62
101	583	21	115.99
898	108	4	19.21
1244	171	3	26.49
1014	12	8	21.2
283	141	4	21.08
110	312	6	21.71
12	1228	4	6.3
101	2229	4	17.7
4781	4643	3	60.37
120	258	3	10.06
5234	12	4	22.88
3398	1825	4	71.11
164	243	3	15.27
410	448	4	40.37
475	140	3	17.73
287	160	6	40.5
4253	768	3	46.52
211	14	15	12.02
287	107	4	9.32
683	12	19	76.85
1895	103	3	10.99
1681	4996	3	53.61
481	114	3	12.1
149	143	3	7.75
503	2920	6	96.34
124	219	3	10.08
197	101	9	9.72
104	1557	3	10.29
1178	9	10	83.32
5033	12	3	12.78
1817	251	3	32.98
12	253	14	13.42
103	2875	3	14.17
110	1278	3	15.43
12	321	9	6.78
164	1321	3	26
3029	2016	3	49.82
3160	8	4	32.9
155	126	9	36.3
3059	14	3	8.22
101	842	8	30.66
3266	14	3	9.34
121	1447	8	74.75
836	12	4	3.87
4871	3451	4	85.53
104	182	17	37.58
114	230	5	16.99
106	302	6	18.9
106	101	89	74.02
3393	2724	6	125.89
2211	14	3	6.55
114	277	3	8.44
16	2	13	27.64
154	3470	3	31.87
8	4823	3	27.33
108	625	16	116.54
247	14	17	21.56
3166	14	4	13.87
298	423	8	85.1
12	306	18	32.37
12	2	318	731.96
909	14	6	11.23
1916	121	3	22.31
112	883	5	28.75
108	2405	4	27.12
121	341	21	172.06
121	265	15	100.56
135	101	35	55.53
311	7932	3	47.38
103	564	9	32.41
2172	3343	5	96.45
2	185	37	234.13
1591	12	3	4.3
102	911	4	11.11
281	424	6	59.16
101	1715	7	36.13
765	108	3	11.53
124	186	3	8.38
7608	1074	3	55.38
104	1297	3	9.4
109	342	16	92.78
109	135	190	1513.18
141	794	3	20.71
1469	1846	3	44.16
2613	1083	3	44.8
110	243	3	5.45
103	3877	3	16.92
101	998	13	73.54
2495	12	4	12.26
108	3500	3	21.28
118	127	8	16.27
131	106	10	12.24
110	673	17	136.41
110	605	3	10.94
110	809	3	12.74
113	116	8	6.72
5977	1028	3	50.53
114	892	3	15.43
105	184	7	12.85
810	107	6	32.49
117	362	5	23.94
227	225	5	36.85
1516	14	4	8.08
101	536	6	14.07
2137	489	6	90.63
1655	14	3	4.85
122	120	15	45.42
6361	14	3	17.32
102	581	3	4.45
817	103	3	6.55
231	119	5	19.69
1407	103	3	9.46
541	4286	4	63.29
538	101	4	6.45
150	212	4	19.93
5945	1077	4	74.1
125	221	3	10.28
333	12	9	7.2
359	783	3	30.59
821	14	8	18.19
350	1527	3	34.39
415	14	6	4.13
117	183	3	5.96
852	14	5	7.23
321	109	48	421.16
1266	4715	3	52.09
120	2354	3	23.71
5	110	4	7.7
6762	12	3	17.16
111	146	7	11.14
57	2400	5	47.85
122	164	4	9.49
908	2002	3	42.16
2635	14	3	7.31
2	1023	8	58.12
112	4966	3	26.79
108	553	32	300.83
3123	12	3	8.07
196	124	5	20.22
305	2463	4	52.03
179	291	5	35.38
104	1087	14	92.97
1739	103	4	16.47
195	316	8	69.99
870	109	3	12.68
101	413	9	24.22
2591	452	3	39.71
118	659	9	67.88
6438	2194	3	60.14
356	102	5	7.48
825	203	8	88.81
1781	8	5	37.94
165	471	4	29.22
888	299	6	68.71
103	1638	4	16.47
117	111	24	52.86
12	3355	6	34.33
473	14	11	20.88
1593	14	4	8.08
1887	2435	4	66.38
619	14	5	4.7
107	525	3	9.16
104	764	3	6.44
814	9	4	21.42
483	197	3	23.13
1200	12	4	6.3
427	118	4	19.54
104	832	16	99.88
3593	103	5	33.91
3923	12	3	10.67
105	356	3	5.88
104	2112	5	26.27
787	101	4	9.17
1231	12	4	6.3
8460	12	3	17.16
288	177	3	17.61
2497	14	3	7.31
6364	4567	3	64.87
3622	259	4	53.87
523	102	3	3.89
8	949	9	68.1
726	8	5	27.79
4834	104	4	31.96
5267	528	4	68.29
144	1020	4	32.35
101	7529	3	22.36
138	641	3	18.98
124	394	3	14.18
448	104	10	36.04
144	510	5	35.93
281	101	6	6.64
1628	12	4	8.55
103	433	10	33.74
590	12	10	20.06
1657	12	3	4.73
3537	12	3	9.2
275	118	6	27.71
2	1419	5	34.25
3249	244	4	53.37
400	367	3	26.63
5317	710	3	48.51
248	1721	8	107.34
103	4007	3	16.92
104	203	6	5.54
1648	109	10	89.1
104	154	14	16.38
2648	724	4	59.75
128	708	23	264.71
1877	14	7	26.45
104	457	5	11.11
970	102	4	11.5
327	14	33	112.61
1631	108	6	42.58
2664	12	5	18.37
2085	1598	7	125.04
1092	101	3	6.87
135	424	4	24.09
2498	3261	4	74.44
3610	12	3	9.2
452	12	9	12.49
5847	106	3	24.69
4162	14	3	10.82
2546	109	3	19.43
129	665	3	18.28
103	5103	3	19.11
12	4818	3	12.78
6574	558	3	51.31
122	720	4	24.78
103	277	6	8.46
178	1009	3	25.93
721	431	4	44.43
103	5000	4	31.42
1442	12	3	3.91
124	242	3	10.78
1131	153	3	24.31
1840	12	3	5.21
4984	12	3	12.78
2127	103	4	18.2
108	7040	3	29.56
651	8091	3	52.31
132	163	6	22.68
1026	101	5	16.06
144	3880	3	32.16
336	1527	4	48.01
112	2050	6	49.17
4875	14	4	23.09
887	14	5	7.23
188	1483	11	149.07
4118	784	3	46.79
103	1220	3	8.64
5943	970	3	50.19
104	112	27	5.27
2643	110	4	29.35
3042	424	4	57.19
104	7526	3	23.97
264	4926	3	41.75
1936	9	5	39.3
873	101	3	5.76
592	114	3	13.13
520	12	8	10.93
109	499	3	9.59
868	375	5	58.36
608	414	3	30
140	106	9	12.61
115	195	7	26.53
390	104	7	17.85
103	586	3	4.81
2	14	66	5.11
2327	14	3	6.55
1234	102	4	13.35
8	528	9	55.87
1497	209	4	43.54
101	1937	5	23.66
144	357	10	78.69
125	140	9	31.26
574	14	7	9.29
933	532	3	33.91
1911	299	5	63.5
101	1428	11	67.62
102	228	6	5.76
193	189	3	15.95
104	5229	3	19.5
2353	114	3	21.39
103	960	6	23.26
101	205	82	512.87
57	852	5	36.7
2644	103	6	38.22
104	2395	5	27.73
209	12	15	11.3
4680	3351	3	58.78
1104	246	4	42.05
111	292	3	7.04
105	403	3	6.74
109	1836	4	25.61
105	320	8	28.25
57	2379	5	47.85
681	498	4	45.18
269	2535	5	67.04
213	104	7	8.87
1721	1493	3	44.06
104	920	3	7.41
107	124	25	63.35
6534	3327	3	63.28
101	1275	9	47.21
2147	12	3	6.41
5520	12	4	22.88
157	584	3	20.72
853	102	4	10.74
1448	181	3	28.16
1392	14	3	4.03
3626	14	3	9.34
203	407	10	100.71
974	455	8	108.29
1092	252	3	29.73
1210	104	4	14.41
148	489	4	27.16
1831	14	3	5.35
865	12	4	4.14
120	199	3	8.31
1984	12	6	21.34
319	1231	3	32.24
1697	103	6	30.74
1503	1244	3	42.11
130	343	6	36.68
12	442	17	44.47
103	3086	6	41.44
120	1471	3	21.14
896	12	5	7.44
3798	2683	4	74.44
1849	102	3	10.58
106	1216	5	28.92
2593	14	3	7.31
1468	14	3	4.03
103	340	4	4.56
4182	14	5	28.86
110	4177	3	23.59
1618	14	3	4.85
3326	3005	3	53.72
122	1094	3	19.1
1597	102	3	9.51
612	14	6	7.04
1021	246	5	54.55
197	114	4	10.26
12	138	75	122.76
12	187	21	20.01
167	114	3	4.09
109	1177	4	21.56
1321	108	3	14.72
101	8463	3	22.36
16	337	14	108.09
101	2500	3	12.02
108	8125	3	29.56
2122	12	3	5.77
115	1462	4	27.94
1543	322	3	33.74
104	3122	3	14.55
681	236	3	26.76
111	281	4	11.16
104	678	3	6.02
3717	1456	3	48.74
315	107	3	6.18
101	260	58	342.68
7628	278	3	46.66
142	287	6	36.82
104	2532	3	13.57
102	217	6	5.31
1738	114	3	19.38
126	145	3	4.94
893	9	4	22.2
212	127	3	10.16
4816	14	3	12.93
1028	8	3	15.4
130	754	8	68.26
508	401	15	203.54
115	1034	3	17
116	122	11	22.54
116	218	6	23.37
130	1009	5	40.32
434	2110	3	37.77
736	114	3	14.39
3664	12	3	9.2
2830	2684	6	120.14
137	153	3	7.17
114	2283	4	31.41
137	321	3	14.28
1882	106	3	16.4
117	573	3	13.89
4555	112	3	24.57
123	118	21	74.89
105	142	14	26.2
1764	2471	4	67.66
213	107	3	3.92
200	122	3	8.46
881	14	4	4.29
7655	112	3	31.28
109	1988	3	17.82
105	101	71	23.5
105	302	3	4.7
360	12	9	8.64
104	1795	7	41.66
101	6110	3	22.36
4978	12	3	12.78
262	14	19	29.86
839	120	3	17.43
102	521	5	10.86
323	672	3	28.96
1480	104	4	16.24
639	525	3	31.67
379	188	15	158.71
1018	14	6	12.43
203	318	5	39.23
432	361	3	27.07
538	114	3	12.59
371	108	3	7.54
117	3045	3	24.25
793	119	3	16.5
3110	103	3	14.17
114	823	3	15.15
102	3908	5	38.54
114	719	4	21.6
816	252	11	137.76
8	1749	8	72.03
114	313	18	122.82
111	840	6	35.72
146	174	3	10.14
109	1225	4	22.1
104	140	11	5.51
101	809	14	74.05
4769	12	3	12.78
106	114	20	23.02
1175	368	7	91.38
1100	12	7	17.29
756	118	3	16.07
1787	101	3	9.86
791	101	3	5.3
102	2422	3	11.92
1666	14	3	4.85
128	1663	4	33.82
1463	1011	3	40.48
163	111	4	4.81
12	125	383	2079.47
1057	109	4	21.05
1552	14	5	12.46
1972	1002	3	42.81
1157	763	7	102.53
285	109	3	6.02
491	708	3	32.19
935	109	9	61.37
12	373	12	18.03
12	425	7	6.33
102	955	4	11.5
103	173	118	779.84
599	5	3	24.68
118	212	27	194.71
107	785	3	11.54
114	2876	3	23.27
273	2091	3	34.36
2905	128	3	27.24
1433	318	4	46.76
735	1251	8	120.97
1887	383	7	100.6
1065	104	3	8.3
1869	203	4	44.69
1475	203	10	134.31
12	1197	14	68.29
2556	14	3	7.31
443	14	7	6.83
148	1609	9	104.63
4027	1870	4	73.74
112	950	3	14.56
513	103	3	4.23
4064	356	5	81.11
883	12	7	14.29
1447	14	3	4.03
467	8	4	16.98
348	342	3	24.84
3675	14	3	9.34
12	1522	5	12.22
110	413	3	8.92
8	1183	5	33.28
311	1042	15	220.47
422	888	7	89.84
707	175	8	80.93
222	161	4	21.74
859	110	7	43.38
1020	12	7	16.45
3714	103	4	23.87
101	4190	3	15.73
116	2106	5	42.4
357	970	5	58.62
12	344	11	12.75
177	114	4	8.27
251	108	5	12.72
1958	1637	5	84.06
409	642	4	43.1
1629	12	3	4.73
117	4121	3	27.07
104	1662	4	16.98
281	4334	3	39.93
447	276	4	36.29
122	179	4	11.47
104	3445	4	24.39
1401	264	3	31.71
121	1045	4	27.41
8	814	4	21.36
161	14	47	76.2
1085	102	3	7.55
3362	14	3	9.34
107	254	8	27.07
120	666	4	24.33
105	287	4	7.81
2936	278	3	37.1
105	169	6	7.72
114	897	3	15.72
113	370	3	10.18
1798	12	4	9.29
408	12	34	145.85
133	180	3	9.05
672	104	6	20.11
436	1379	6	81.63
106	665	3	10.49
2183	14	3	6.55
121	1986	9	99.08
342	14	8	5.57
422	333	19	252.13
120	2137	4	34.51
1921	14	4	10.32
137	1301	10	107.49
126	122	8	18.18
8	857	22	233.83
125	182	9	43.21
992	9	3	15.44
8	2141	3	20.42
112	6643	3	31.28
121	689	16	151.5
9	101	41	17.48
138	107	6	4.49
130	679	4	27.16
1982	14	3	5.9
141	597	3	19.1
111	160	4	4.56
5001	109	3	25.46
6720	14	3	17.32
111	107	14	4.88
111	232	3	5.82
2228	102	4	18.68
151	126	3	5.73
104	799	5	16.09
113	597	4	19.67
119	306	3	10.62
110	1092	3	14.27
1179	726	14	239.27
104	2531	5	29.47
117	136	8	18.05
221	106	3	4.11
209	9	6	19.28
142	168	5	20.57
7281	8322	3	71.6
2180	3808	5	96.45
101	386	12	37.25
1616	12	6	18.4
2112	106	3	17.06
2611	773	4	60.45
108	4176	3	22.85
3976	6317	3	64.87
115	1850	3	20.63
393	188	5	40.78
2	3546	3	23.15
1212	14	5	10.25
1581	12	3	4.3
884	101	5	14.52
101	1157	6	23.19
245	103	8	13.2
101	1291	11	64.82
2042	12	5	15.33
1047	12	8	21.2
109	280	4	9.96
139	325	3	14.72
175	12	20	12.29
503	283	5	48.77
152	5924	4	53.22
809	1111	14	244.37
2496	8	6	54.68
1248	190	5	52.88
575	14	6	6.44
101	896	19	128.61
103	5899	3	19.11
587	106	5	21.3
1416	103	3	9.46
104	221	18	55.67
104	124	62	164.08
688	103	6	19.37
1247	12	5	10.03
550	103	4	7.99
1071	110	4	21.5
3121	505	3	41.22
1929	111	3	18.82
106	152	6	6.65
104	3041	4	22.51
295	109	18	101.99
147	891	3	21.8
103	1236	8	40.99
798	14	7	13.39
164	413	5	37.29
103	1279	6	27.31
989	1333	5	73.23
1384	137	4	33.83
1420	14	3	4.03
925	109	3	12.97
102	2030	3	11.21
3961	115	3	26.74
590	126	3	16.66
103	518	8	25.83
827	14	5	6.84
101	2057	5	23.66
161	1083	3	24.63
101	1973	3	10.49
1772	102	4	16.71
116	1014	9	75.05
115	210	9	40.81
537	358	4	39.95
103	326	11	31.21
2	545	11	72.04
1412	14	3	4.03
103	206	20	59.89
112	697	5	26.92
101	1806	5	22.41
1423	102	3	9.05
3536	103	6	47.14
558	103	6	16.56
182	684	6	57.04
664	103	12	56.69
148	6037	3	39.3
718	101	5	12.84
531	118	3	14.01
101	2179	8	53.42
395	1271	8	111.63
1913	12	3	5.21
921	12	9	24.22
7606	128	3	36.78
121	6189	3	35.16
4931	111	4	41.28
2273	738	3	41.55
851	14	4	4.29
57	466	3	15.13
102	1687	5	22.54
103	1225	3	8.64
714	102	3	5.51
583	14	9	16.57
2610	607	3	41.31
1765	6289	3	58.71
121	1445	5	40.42
104	286	5	6.23
2262	12	5	16.71
104	184	7	5.76
197	12	15	9.39
12	151	160	669.45
1034	114	8	61.74
115	205	10	46.89
291	110	19	111.55
6973	1309	3	56.59
108	640	16	118.09
135	255	8	48.87
237	3828	3	38.84
623	117	6	37.75
103	581	4	8.42
8080	3366	3	63.28
1546	14	4	8.08
190	1677	3	30.11
8	403	28	238.3
7012	14	3	17.32
1656	14	3	4.85
101	3844	3	15.73
203	181	9	67.03
6136	114	3	32.8
1592	12	4	7.9
103	7027	3	23.57
127	946	3	19.73
4208	12	3	10.67
647	12	14	41.71
107	557	4	14.91
101	195	54	250.9
666	426	3	31.16
117	332	24	192.69
361	161	40	496.67
796	1458	4	54.79
6212	109	3	29.95
399	104	5	9.84
1236	14	4	6.47
105	126	9	5.58
101	4864	4	29.82
1979	102	4	17.63
2360	729	3	41.55
119	422	17	139.12
107	242	5	12.14
1594	630	3	38.05
1825	12	3	5.21
107	101	56	17.56
2000	197	6	74.86
474	734	3	32.02
4923	1779	3	54.21
479	108	10	55.18
4744	4783	3	62.6
2713	12	5	18.37
121	881	10	87.08
1062	372	5	60.45
103	836	7	27.37
374	12	9	9.18
5103	1647	4	77.89
121	2225	3	23.73
2252	102	4	18.68
2460	2507	7	143.15
910	14	5	7.65
116	160	4	7.45
2241	14	4	11.3
220	137	12	80.45
110	5221	3	25.81
2203	203	6	77.32
318	14	13	17
4372	12	3	10.67
3768	12	3	9.2
1217	1160	3	40.32
591	110	3	10.75
6490	3878	3	64.87
113	118	10	12.91
737	368	4	42.81
785	675	3	34.68
168	101	12	11.12
283	14	18	29.61
190	158	10	67.28
937	14	4	4.59
107	317	3	6.18
2119	117	7	66.68
1791	190	7	87.55
234	213	4	27.39
5712	229	3	40.87
356	367	4	36.79
117	2987	7	78.88
103	3622	3	15.37
3485	12	4	15.48
1620	6261	3	58.1
12	818	18	79.51
1243	103	7	33.43
232	642	4	37.47
805	6839	3	53.52
5152	12	3	12.78
2132	662	7	111.5
216	122	3	9
3370	14	3	9.34
2480	261	4	50.42
2362	514	4	55.69
5309	1085	4	74.1
101	3361	5	31.92
1164	2209	7	122.64
985	109	5	27.63
2095	12	5	15.33
1044	12	7	16.45
177	478	3	21.42
135	12	138	383.19
1998	110	8	70.83
176	2599	3	31.74
1952	108	4	26.04
103	1177	4	13.39
2244	108	3	18.19
155	184	12	81.16
425	1129	4	48.2
120	496	3	14.5
631	14	6	7.37
101	8350	3	22.36
260	109	3	5.47
6347	14	3	17.32
805	1335	3	38.51
113	620	3	13.19
217	648	3	25.7
1287	315	4	46.11
222	246	14	137.27
101	7060	3	22.36
103	1432	8	43.97
498	1148	3	34.94
6098	4720	3	67.1
8072	103	3	23.57
678	118	4	23.2
103	161	20	36.44
141	4593	3	32
148	6034	3	39.3
202	113	3	6.07
109	340	3	7.18
139	104	36	81.39
152	2702	6	70.89
120	2785	3	25.59
101	4459	5	37.28
578	107	4	15.39
114	206	6	20.9
16	225	3	10.78
5704	1279	4	75.77
958	768	3	36.35
110	471	11	65.11
107	5515	3	24.83
157	620	3	21.13
1057	104	4	13.41
12	113	257	566.36
102	635	3	4.78
281	12	21	39.25
317	187	4	28.38
139	2663	3	27.78
5212	101	3	17.91
177	12	61	160.85
120	3684	6	70.3
103	280	5	5.63
117	1690	5	40.08
2044	12	3	5.77
452	101	8	21.17
202	111	9	32.43
573	14	5	4.01
1493	14	4	8.08
2156	1619	8	153.69
103	5021	3	19.11
8	3868	3	25.11
170	111	4	5.74
1528	14	3	4.42
170	156	3	11.14
12	1133	10	35.01
1001	3514	3	46.71
143	114	5	7.41
743	9	3	13.73
582	112	3	11.69
101	1001	6	21.67
2	1282	3	16.55
113	106	37	76.36
179	121	3	6.98
1720	12	11	56.17
1245	2353	5	81.99
195	214	16	149.3
1851	128	3	23.93
57	4247	3	29.38
6223	3851	3	64.87
9	1349	3	16.97
2805	461	5	75.98
2376	102	3	11.92
117	493	3	13.21
5764	1335	3	52.09
12	2262	3	6.41
103	6890	3	23.57
899	107	3	12.36
12	2338	8	39.61
1007	14	5	8.57
389	104	4	6.19
2326	14	3	6.55
101	1259	7	30.7
637	12	5	4.52
248	136	3	12.3
196	287	3	19.25
1163	4232	5	93.63
347	309	4	34.61
129	157	3	6.99
202	818	4	37.87
125	101	30	28.86
393	1179	4	47.26
121	2554	3	24.6
103	877	3	6.8
527	1933	6	89.35
145	306	3	14.9
5565	14	3	12.93
102	131	21	18.13
262	1332	3	31.17
110	4188	4	35.4
117	2	8	5.1
1724	104	3	10.8
1104	207	3	28.39
907	102	3	6.67
270	14	9	4.64
758	12	5	5.94
119	136	7	15.49
167	780	3	23.46
4199	128	4	44.06
5	9	4	9.5
133	163	4	12.07
105	562	3	8.28
120	987	4	27.38
115	5252	3	28.97
104	2393	3	12.73
209	101	7	5.99
142	182	5	22.25
104	4568	4	26.99
5139	380	4	65.46
382	401	10	117.34
111	122	9	9.04
328	14	10	9.66
4946	14	3	12.93
151	142	5	17.74
138	122	4	6.36
157	131	3	7.02
102	4951	3	18.67
141	503	7	54.67
923	14	4	4.59
6125	104	3	23.97
379	114	3	10.61
1375	12	3	3.91
2548	12	3	7.17
1153	103	4	13.39
2281	101	3	11.2
135	780	3	19.76
430	492	3	29.18
9	182	3	4.32
1784	4896	4	78.75
589	12	5	4.05
389	146	3	16.89
112	214	3	5.49
301	103	9	20.15
122	145	3	3.99
5195	12	3	12.78
116	117	8	9.21
394	1004	4	46.26
105	154	9	13.55
107	287	3	5.48
1869	2534	3	48.13
1846	3898	3	51.98
103	1912	7	40.74
2081	12	3	5.77
110	189	32	185.91
641	106	4	16.01
128	797	3	18.79
493	102	4	6.9
1736	14	4	8.73
8	1472	6	45.78
362	329	34	501.05
118	111	28	73.57
2894	14	3	8.22
729	107	3	11.06
1266	3257	5	89.72
109	298	3	6.24
117	5638	3	29.29
12	377	42	201.07
502	106	4	14.06
1370	9	4	25.83
1230	12	4	6.3
114	1177	5	34.18
108	7042	3	29.56
1601	112	3	17.35
2027	149	5	52.56
873	12	4	4.14
185	1128	4	38.85
2964	297	3	37.45
784	102	4	10.06
235	648	4	37.47
110	2890	5	42.15
104	3111	7	55.93
102	2012	3	11.21
228	111	3	5.65
337	116	6	29.28
104	110	33	7.4
167	124	3	6.96
117	4618	3	27.07
115	1549	3	19.49
891	246	4	40.26
102	291	6	8.18
102	119	20	5.34
559	103	4	7.99
1885	12	5	14.15
677	103	3	5.68
1397	14	4	7.49
807	14	5	6.84
904	1886	3	41.49
115	2057	3	21.29
111	177	10	31.9
300	198	35	434.59
6500	104	3	23.97
551	1016	3	34.74
103	3653	3	15.37
4695	1479	4	77.12
614	176	5	43.24
450	197	5	43.45
101	210	82	522.89
234	226	4	27.98
101	314	21	79.25
932	12	4	4.44
107	114	14	9.67
152	4638	4	48.22
7176	4027	3	64.87
403	9	28	238.71
123	178	3	7.35
123	116	5	4.72
101	2809	7	52.19
105	140	8	7.5
2333	3346	4	73.16
704	14	7	12.3
6996	452	3	50.29
116	174	3	5.41
117	3985	4	40.06
273	262	25	299.01
792	101	3	5.3
187	12	27	36.73
968	128	4	29.11
12	2236	5	16.71
145	391	3	16.75
4017	12	4	18
919	108	3	12.59
278	101	5	4.22
627	12	18	64.03
1743	12	3	4.73
149	127	7	24.17
653	111	3	11.97
103	135	26	36.74
354	532	3	28.09
106	1147	3	13.54
103	192	6	4.22
1413	512	3	36.4
1192	14	5	10.25
101	1850	3	9.86
256	1286	4	44.02
155	394	4	26.42
143	336	3	15.42
1003	102	4	11.92
1359	101	6	24.98
12	1210	14	68.29
104	557	3	4.82
110	278	3	6.24
110	330	9	41.17
260	191	4	26.67
112	3279	4	34.1
104	101	138	45.49
904	112	4	21.45
104	242	5	4.97
167	284	3	16.78
724	314	3	29
190	1104	10	121.2
3431	1647	6	118.25
2652	2705	4	70.99
103	597	3	4.97
104	3816	5	34.58
261	14	13	11.98
2230	14	5	16.96
3711	12	3	9.2
1705	108	8	63.63
1845	12	6	19.76
109	564	6	28.6
264	4741	4	61.72
1391	251	4	44.46
148	3826	5	65.54
8	2835	4	32.9
582	4158	3	44.96
101	2029	6	31.47
215	460	5	44.9
3663	12	3	9.2
112	921	4	21.45
3250	1854	5	93.66
102	778	3	5.94
2318	103	3	12.35
756	116	3	15.54
135	284	16	126.51
5500	106	3	24.69
4750	2457	3	56.52
319	14	13	17.36
181	107	4	4.9
202	346	3	20.97
197	126	3	9.4
109	503	3	9.59
12	57	275	1074.42
1901	14	3	5.35
12	170	150	797.91
12	220	18	20.13
438	111	7	35.17
578	104	5	13.21
290	14	25	59.06
121	5761	3	30.66
111	790	3	13.11
12	7507	3	17.16
104	257	17	55.9
2573	12	3	7.17
233	435	8	80.95
2590	171	4	44.83
3234	2362	3	50.58
620	319	3	28.19
4934	1111	3	51.26
1166	14	4	6.03
104	394	5	9.65
104	470	3	4.15
351	201	4	30.57
101	5478	4	29.82
7325	5032	3	67.1
124	254	4	16.88
12	475	26	102.81
164	5764	3	36.49
139	179	3	9.86
1824	664	3	39.64
966	101	3	6.28
108	2286	3	18.19
6806	863	3	54.08
57	1205	6	51.13
122	2976	3	25.69
182	149	7	38.09
116	132	10	25.15
319	856	3	30.16
413	573	3	29.61
157	472	3	19.66
130	2370	5	49.82
12	2325	8	39.61
1950	104	4	18.72
611	14	11	25.48
226	139	3	12.27
783	107	4	17.76
108	2644	8	78.85
778	679	3	34.68
853	3841	5	90.64
104	4289	3	17.31
2505	14	4	12.46
3982	12	3	10.67
103	3178	4	21.98
763	101	4	8.86
168	114	4	7.52
107	3077	5	40.51
104	647	3	5.64
101	3049	3	13
111	130	18	49.05
120	1054	3	19
141	5987	3	34.23
1445	102	3	9.05
2765	14	3	7.31
8351	120	3	35.13
1211	104	5	20.48
821	8	4	21.36
101	1520	4	14.21
107	1351	5	29.91
157	119	15	67.79
204	1876	3	31.47
138	130	4	8.62
1325	12	7	20.26
3403	4494	4	80.52
1133	104	6	26.27
147	227	26	234.2
3775	14	3	9.34
1285	1398	4	59.02
5282	1657	4	77.89
101	2843	5	29
1610	9	3	18.45
108	1203	8	56.78
3254	4779	4	85.53
472	5	4	33.65
1530	358	3	34.5
1650	103	4	16.47
4414	14	3	10.82
102	570	7	20.97
1752	14	4	9.47
680	107	3	10.84
4924	111	4	41.28
6472	8	3	31.82
101	1497	5	20.34
4619	120	5	58.57
126	120	5	7.29
1112	1059	13	232.32
8	2143	6	52.23
104	646	3	5.64
393	372	4	37.95
5	12	15	10.31
111	149	7	12.55
133	116	13	39.05
2170	104	3	12.73
666	588	3	32.86
955	1261	3	39.25
2423	884	8	140.12
4646	109	4	34.94
691	14	6	8.44
1378	158	5	49.49
2267	109	6	48.49
2086	14	4	10.32
114	192	4	9.82
16	167	14	76.28
104	186	15	31.37
210	435	4	33.29
2842	12	6	28.7
101	730	3	4.89
3563	4243	5	108.82
4156	2597	3	54.29
103	1322	4	14.46
155	169	4	16.64
499	12	6	5.18
2374	106	3	17.81
102	771	4	10.06
101	1907	5	22.41
102	719	3	5.51
534	12	6	5.67
2	272	6	22.12
354	309	3	24.36
471	109	3	9.28
3921	455	3	43.56
991	376	3	32.46
12	241	10	4.61
833	225	4	39.11
2337	14	3	6.55
191	898	16	211.59
369	162	10	86.61
552	1866	6	88.04
3558	1583	3	49.24
1992	528	3	38.91
1586	104	4	16.24
527	6208	3	51.13
2219	14	3	6.55
1824	617	4	54.91
1195	1371	4	58.42
542	610	3	31.42
102	1745	8	46.57
143	101	15	9.07
609	495	4	43.99
1867	12	5	14.15
4242	110	3	23.59
131	163	3	7.35
1577	108	3	15.66
349	12	9	7.89
827	1231	4	53.92
280	148	10	73.43
1450	593	14	247.14
1331	14	5	10.92
269	283	7	63.21
141	5264	3	34.23
1631	190	5	56.45
101	1034	11	56.55
156	679	14	152.48
108	3588	4	31.8
774	249	11	135.92
6506	103	3	23.57
991	9	6	40.17
116	603	3	14.22
2	540	13	90.42
1296	14	4	6.96
121	486	6	37.38
2136	102	3	11.21
435	109	3	8.86
930	14	4	4.59
103	396	11	36.72
104	3685	3	15.76
162	14	34	36.56
623	120	5	31.68
1385	299	3	32.56
4640	1463	3	50.32
171	102	8	4.84
101	1975	5	23.66
1279	101	4	12.96
8	4723	3	27.33
115	260	8	38.01
104	287	7	12.59
104	219	10	19.13
1908	101	3	9.86
104	169	12	16.14
147	4404	5	65.49
675	12	5	5.32
3667	2342	3	51.83
110	2770	3	19.77
106	154	6	7.06
201	102	6	4.35
1134	102	3	7.88
1097	14	4	5.63
156	2732	3	29.94
114	727	4	21.6
6425	736	3	53
103	3528	3	15.37
101	6351	3	22.36
209	114	6	21.02
3053	361	3	39.1
101	1462	3	8.35
9	12	106	57.68
9	13	5	9.63
204	1830	4	44.77
1342	104	4	14.97
108	448	6	25.8
1961	4895	4	79.71
108	380	25	179.18
101	4030	3	15.73
108	584	4	15.7
339	120	3	11.93
2755	14	3	7.31
12	1083	4	5.46
109	740	3	11.66
1024	108	16	141.27
690	476	3	31.78
1699	101	4	14.93
1871	106	3	16.4
1843	278	4	47.85
1066	3945	4	69.09
3142	12	4	13.68
121	1757	5	43.49
4591	1114	3	49.03
666	9	7	43.67
790	106	4	17.58
255	12	16	18.7
846	175	3	24.78
8	3321	3	23.53
105	139	14	24.29
829	429	5	59.49
2	3440	3	23.15
4788	4902	3	62.6
4573	264	4	56.71
101	2808	5	29
277	1282	4	44.88
526	9	3	11.7
104	1068	3	8.3
521	2568	3	40.37
119	541	3	14.18
505	118	3	13.67
1753	14	4	9.47
2357	152	3	28.46
104	4197	4	26.99
255	222	8	68.73
2824	1267	7	134.48
101	1161	4	11.9
102	547	4	7.28
105	1537	5	29.48
1253	12	6	14.34
2778	101	3	12.02
1685	321	3	34.29
890	839	3	36.27
2653	103	3	13.18
126	3065	4	39.04
585	106	3	9.71
785	1725	3	40.02
607	208	16	197.09
2323	12	3	6.41
232	610	4	36.9
102	174	18	34.59
354	706	3	29.96
136	2097	3	25.63
336	979	6	71.88
2461	8	4	31.38
122	581	3	15.48
719	14	6	8.84
312	831	3	29.68
2	1945	4	28.52
238	483	3	24.62
119	2518	6	59.95
7414	1144	3	55.76
215	1325	3	29.78
6700	101	3	22.36
869	103	7	28.07
2141	9	3	20.46
4308	110	3	23.59
109	1259	3	14.68
12	1405	8	27.36
136	2973	3	28.28
12	268	74	413.36
158	473	13	127.85
721	120	4	24.65
2365	14	3	6.55
12	137	216	882.22
809	3809	6	108.48
115	135	6	9.95
103	522	13	55.98
911	101	4	10.2
596	368	4	41.03
128	3506	3	28.48
108	2439	4	27.12
612	12	7	9.76
101	2045	8	49.74
401	303	40	629.44
103	6353	3	23.57
1468	12	4	7.31
103	265	20	71.26
127	296	17	131.55
103	341	25	119.66
7190	12	3	17.16
967	4906	3	50.19
117	3576	3	25.49
278	14	14	16.55
767	109	6	32.61
1487	1787	3	44.67
130	498	4	24.5
232	563	12	139.2
121	2722	4	35.82
896	14	7	15.28
112	2508	4	30.67
1435	803	14	258.4
5221	471	3	45.95
3948	558	3	44.58
299	8	5	18.09
531	104	3	4.68
865	14	4	4.29
372	162	3	18.26
4909	8	3	27.33
107	2595	4	28.05
115	1360	3	18.54
984	101	9	40.12
104	2712	7	49.94
474	235	10	108.74
101	1080	3	6.87
118	168	5	13.49
4634	9	4	37.49
156	753	3	22.21
148	488	24	268.59
121	3977	5	58.61
101	2147	8	53.42
425	1579	3	35.95
1166	101	3	7.2
204	136	3	10.95
2556	12	3	7.17
3617	12	3	9.2
931	14	6	11.23
118	142	20	89.47
57	434	3	14.68
233	8	10	44.83
305	14	26	67.12
198	107	4	6.44
227	814	5	51.43
103	1499	6	29.47
141	3166	4	42.1
4882	8	4	42.43
3238	14	4	15.68
4404	974	3	47.96
106	1131	3	13.54
124	153	4	9.71
711	110	8	48.95
1666	12	3	4.73
674	12	5	5.32
684	617	8	107.03
12	123	409	2156.89
3530	12	3	9.2
1552	12	3	4.3
102	641	5	12.91
1100	14	4	5.63
12	2991	4	13.68
1639	109	3	16.57
188	14	17	11.86
404	183	3	20.85
107	887	4	18.49
57	281	10	62.79
101	604	9	30.83
410	1520	3	35.66
3317	8	3	23.53
366	171	22	240.48
1487	670	3	38.72
3291	6383	3	63.28
104	143	12	7.84
800	110	4	19.02
1517	12	5	12.22
2350	12	3	6.41
116	4165	4	39.98
101	298	14	37.88
1763	118	4	31.33
378	101	6	10.39
511	14	6	5.64
661	14	5	5.23
3156	1852	4	69.19
101	4967	3	17.91
120	1053	4	27.86
1883	113	5	39
103	2271	5	27.07
3922	8	4	37.43
2414	117	3	22.37
7290	103	3	23.57
117	1437	7	59.52
102	132	21	18.74
112	560	4	17.41
103	728	7	25.46
2231	12	3	6.41
3161	12	3	8.07
1310	12	4	6.78
262	12	12	9.46
101	1114	4	11.9
1197	104	4	14.41
7751	821	3	53.79
746	907	3	36.03
105	1522	3	14.13
604	158	10	96.76
113	104	51	60.77
763	14	8	16.79
3681	14	3	9.34
326	954	3	30.88
1404	423	7	97.95
104	4290	3	17.31
702	9	11	81.65
754	106	3	11.16
6635	3656	3	63.28
5530	4752	3	62.6
2487	142	3	28.27
441	14	14	31.28
2562	14	5	18.62
8	2142	4	30.11
929	12	11	35.05
497	372	9	106.85
1519	103	4	15.73
101	1566	10	60.67
2278	110	3	18.91
545	101	4	6.45
3065	12	7	40.05
142	212	3	12.31
960	12	5	7.88
8364	12	3	17.16
796	3856	3	46.79
814	14	4	4.02
1415	102	3	9.05
741	9	5	28.29
8	1949	5	39.23
5390	103	4	31.42
101	428	17	71.31
4638	246	3	39.06
1833	513	6	87.29
1295	419	7	96.27
5031	1356	3	52.09
102	397	4	5.31
112	226	3	5.87
8	599	5	25.91
8	811	15	129.66
102	517	13	54.13
828	101	3	5.53
161	12	30	25.24
4402	731	4	65.84
2806	14	4	13.87
104	7993	3	23.97
591	14	5	4.23
1523	14	3	4.42
115	861	3	16.07
196	111	39	260.78
101	4118	5	37.28
108	6700	3	29.56
8	4634	4	37.43
144	137	3	6.11
470	1599	3	36.41
153	351	3	17.08
2695	2847	3	51.46
416	201	7	65.33
104	4034	3	17.31
1341	103	4	14.46
124	127	9	25.5
7958	121	3	35.16
16	1268	5	42.26
130	388	3	15.02
12	345	55	305.01
260	103	5	4.94
400	108	3	8
540	114	3	12.59
105	800	3	10.3
105	680	5	21.19
210	8	4	9.87
350	979	9	118.85
222	107	3	4.22
4865	3924	3	60.37
311	632	3	27.9
7644	1209	3	56.16
4109	6771	3	64.87
8	1184	4	24.55
101	805	3	5.3
106	238	3	4.43
383	162	3	18.38
1742	104	4	16.98
114	134	6	8.57
7324	200	3	44.24
119	766	3	16.24
115	296	3	9.36
684	664	7	92.82
120	1180	5	38.76
146	3738	4	44.48
153	107	112	813.71
102	824	3	6.17
1198	232	3	30.07
883	14	5	7.23
2	196	14	63.76
103	552	17	87.16
2221	452	4	54.8
939	283	4	42.38
121	2928	3	25.62
2	284	4	11.85
2812	2470	4	72.52
1144	101	3	7.2
139	2695	3	27.78
102	755	13	66.14
205	191	5	33.05
2176	948	3	43.24
1491	890	10	170.23
1420	12	3	3.91
350	6823	3	48.43
104	220	6	6.58
7838	14	3	17.32
2167	14	3	6.55
132	117	4	4.12
110	148	24	89.1
1130	14	4	6.03
147	841	5	41.46
294	134	11	78
118	169	3	5.51
6931	6441	3	71.6
575	12	8	12.16
1047	14	5	8.57
200	3393	6	88.65
7368	338	3	47.99
175	14	36	56.53
202	137	4	16.85
431	407	4	39.77
589	8	6	33.03
161	140	5	18.84
103	826	4	10.93
1270	363	15	247.93
2116	12	3	5.77
346	103	5	7.61
4229	3649	4	80.52
136	4392	4	45.44
3021	12	3	8.07
110	658	6	31.79
2469	14	3	7.31
107	111	66	179.38
4184	14	3	10.82
610	14	5	4.46
479	102	5	10.36
107	407	3	7.9
107	355	3	7.01
2515	107	3	18.8
114	2406	3	21.39
848	2874	7	127.68
1332	12	5	10.69
382	446	10	120.03
169	124	3	7.22
117	5179	4	45.05
3352	3797	3	54.97
1182	309	5	59.27
3204	12	6	28.7
656	101	4	8.02
2358	108	8	72.58
104	2082	3	12.01
263	156	3	15.25
332	1246	3	32.55
6249	369	3	48.9
3691	14	3	9.34
2237	109	4	27.64
119	5845	3	29.96
836	14	4	4.02
103	4096	4	26.46
107	4377	3	22.61
583	101	3	3.86
3212	467	5	75.98
101	6903	3	22.36
3508	358	3	40.23
121	1446	7	62.72
1373	3889	3	50.32
354	208	7	63.01
679	103	3	5.68
102	610	3	4.61
1756	4690	3	54.21
5631	108	3	25.07
112	901	4	21.45
317	12	8	4.45
3270	109	5	44.53
104	1388	4	15.58
1483	8	6	45.78
119	1830	5	42.31
1542	102	3	9.51
2209	2167	8	162.68
124	172	3	7.56
105	2066	3	15.9
2173	1461	6	104.31
108	7224	3	29.56
548	992	3	34.56
1089	12	5	8.87
108	2166	3	18.19
1064	492	4	48.75
463	134	3	16.54
287	108	3	5.69
599	175	5	43.17
103	5963	4	31.42
5878	454	3	45.79
2854	162	3	31.3
749	1299	3	38.25
1574	12	4	7.9
2069	330	7	100.01
1607	12	3	4.3
601	12	6	6.81
134	14	87	153.46
101	1295	3	7.94
122	192	3	7.97
402	139	4	24.29
141	4999	3	34.23
2	799	3	13.57
3134	14	3	8.22
392	109	47	470.99
115	716	5	30.48
101	3843	5	37.28
375	490	7	79.14
111	1517	3	17.03
126	3149	3	26.89
3229	208	6	83.63
3016	103	3	14.17
150	168	15	100.14
1440	12	3	3.91
111	163	20	82.07
1053	9	5	31.97
995	3347	6	111.18
427	149	8	65.55
1842	12	4	9.29
4143	371	5	81.72
3213	14	4	13.87
6458	104	3	23.97
103	1733	3	10.43
860	14	4	4.29
113	434	3	11.19
151	220	3	13.56
3261	102	3	14.94
3282	14	3	9.34
852	12	5	7.03
331	686	5	54.12
990	1528	4	57.56
234	258	18	191.65
332	386	6	60.16
993	395	5	60.48
2890	431	5	75.19
741	426	4	44.77
165	296	3	16.73
2	644	8	49.93
288	106	4	9.15
821	12	4	3.87
2662	12	4	12.26
1267	127	3	21.6
415	12	9	11.38
482	113	6	32.07
232	853	4	39.87
848	1113	4	53.76
314	102	6	9.23
104	8251	3	23.97
333	14	18	36.67
112	2786	3	21.77
179	1518	3	28.62
1319	259	7	87.2
3154	671	3	43.2
122	217	5	20.07
172	106	7	13.72
282	136	3	13.21
1727	114	3	19.38
206	21	3	10.73
510	2085	5	71.35
1545	12	3	4.3
219	2374	3	33.51
1271	101	3	7.94
103	2092	6	33.84
107	143	8	10.55
1400	108	12	106.85
2449	12	3	7.17
509	4938	4	68.05
248	1540	3	31.75
3636	190	3	35.28
111	516	4	16.53
1322	176	4	39.06
4650	14	3	10.82
106	344	13	66.48
6032	5	3	44.36
998	12	4	5.1
110	298	6	20.81
7251	691	3	52.76
102	4219	3	16.48
109	339	7	28.12
109	132	10	14.55
1027	12	4	5.1
101	7908	3	22.36
380	158	11	97.23
127	327	4	19.75
121	340	5	25.03
101	2072	6	31.47
144	378	3	16.45
504	731	9	120.44
330	209	3	21
354	243	9	89.57
639	1090	3	36.09
112	2152	3	19.89
115	233	7	30.01
247	12	14	12.91
8	4774	4	42.43
909	12	4	4.44
12	155	207	1188.39
2768	330	3	37.3
8175	651	3	52.31
3729	307	3	39.07
114	276	15	91.02
101	2522	5	26.84
104	128	30	44.62
1991	12	3	5.77
577	1098	14	228.08
3886	3266	5	108.82
120	2791	3	25.59
770	14	5	6.14
2113	104	6	34.63
227	949	4	40.35
4912	12	4	22.88
105	2096	3	15.9
414	112	10	57.55
119	1876	8	79.07
104	1345	8	43.45
163	343	6	43.97
8	225	4	10.48
102	959	3	6.94
103	279	56	365.15
145	1072	3	22.76
135	425	10	80.11
857	855	22	437.4
452	14	7	7.1
1268	111	6	41.84
1811	14	3	5.35
101	1078	7	28.67
118	320	15	103.94
1039	5573	3	50.53
8391	5566	3	67.1
2397	101	3	11.2
2453	9	4	31.43
12	1253	7	19.18
551	103	6	16.56
1260	12	4	6.3
2192	12	9	51.49
120	426	3	13.74
218	124	3	10.08
1107	12	4	5.87
4009	12	3	10.67
7378	1412	3	57.05
345	118	3	11.23
1123	12	4	5.87
1657	14	5	13.37
101	609	5	11.15
5467	5212	3	62.6
103	1127	4	13.39
1929	139	3	26.16
155	111	5	6.81
110	4837	3	25.81
103	1305	4	14.46
166	654	6	53.09
8	362	9	48.4
205	109	3	4.23
5196	14	4	23.09
103	432	6	14.12
103	536	3	4.36
2159	104	3	12.73
140	149	14	76.93
319	110	3	7.11
1078	12	4	5.46
148	3827	3	32.57
115	280	11	61.71
4460	4627	4	83.16
12	226	30	63.5
103	878	7	28.07
1702	12	4	8.55
126	106	15	24.66
235	101	6	5.01
12	692	20	84.37
192	1076	4	39.25
4260	505	3	44.05
8	2158	5	40.71
368	5309	4	65.12
2969	14	3	8.22
3850	111	4	36.29
2372	14	4	11.3
104	765	3	6.44
110	1062	3	14.27
1025	14	5	8.57
1593	12	3	4.3
473	12	11	20.39
189	6899	3	43.54
249	163	3	15.31
101	307	20	71.81
983	112	9	66.5
4338	128	3	30.06
114	4221	3	26.08
101	564	14	59.31
107	136	6	4.04
5996	821	3	49.29
113	107	11	3.91
477	104	3	4.28
4497	14	5	28.86
892	102	4	10.74
113	232	3	7.11
101	2646	3	12.02
105	238	5	10.03
3203	14	3	8.22
1197	107	3	14.06
116	131	5	6.57
375	327	6	59.68
946	8	5	30.7
565	1910	5	70.68
3810	1357	3	48.27
206	323	3	20.84
102	585	4	7.92
3674	12	3	9.2
102	381	11	34.25
129	153	3	6.6
182	103	8	7.01
176	587	9	89.33
119	1238	7	58.56
884	8	7	46.9
101	1223	9	45.52
145	405	4	25.05
811	162	8	79.47
137	142	3	6.07
107	288	4	9.32
107	220	4	7.36
173	107	7	14.08
123	122	4	3.92
173	160	3	11.65
105	321	9	34.23
112	3727	4	34.1
105	153	9	13.41
101	4794	3	17.91
1421	12	5	11.42
105	406	3	6.74
372	1066	6	75.28
1469	1572	6	97.82
111	121	8	6.6
104	750	3	6.44
1949	9	5	39.3
110	957	3	13.6
3993	14	3	10.82
107	543	3	9.32
1019	8	5	31.28
101	148	102	440.02
3490	683	3	44.45
127	1837	5	45.83
1052	534	4	48.74
2045	14	3	5.9
136	2086	3	25.63
6496	14	3	17.32
128	1302	3	21.82
2615	103	7	49.01
162	114	7	18.35
119	3172	5	49.07
8082	112	3	31.28
2985	12	3	8.07
109	350	4	12.1
203	611	4	35.29
130	236	18	136.52
1066	1943	6	98.51
649	102	3	4.95
101	5248	4	29.82
2807	8	4	32.9
5138	14	4	23.09
7110	14	3	17.32
104	156	24	52.06
489	14	20	66.39
104	111	41	22.72
1439	387	6	79.6
104	304	4	4.17
117	2562	7	72.86
775	107	13	94.17
101	4687	3	17.91
106	269	7	22.79
106	187	9	25.05
938	171	4	35.92
2273	1003	3	43.57
101	838	3	5.53
421	318	8	86.68
131	130	4	7.6
101	1017	4	10.99
2719	5303	4	82.08
143	128	3	5.16
102	1817	3	10.58
167	425	4	29.02
104	355	4	5.41
278	1433	3	32.12
372	102	4	4.93
7197	14	3	17.32
120	338	4	18.05
103	2998	3	14.17
110	1409	5	32.36
274	354	3	23.64
139	2934	4	41.6
323	149	11	89.35
101	1788	9	56.77
1303	189	3	28.55
102	1048	3	7.24
