21	3164	3	11.21
1221	260	3	34.57
151	318	3	18.68
141	441	5	39.19
975	21	11	41.1
919	114	6	52.57
106	173	3	5.6
806	12	11	50.82
113	405	4	22.58
753	542	3	36.34
1583	2321	4	80.01
546	12	8	20.4
162	107	4	8.52
684	12	5	10.21
1097	21	7	14.94
2938	21	3	11.21
1174	21	9	33.62
13	114	4	4.58
371	122	5	33.17
148	126	4	12.52
120	164	5	19.45
118	334	6	38.06
624	267	3	29.99
12	128	44	52.87
3439	21	3	11.21
112	160	3	6.52
215	145	4	21.6
121	444	3	17.86
102	110	11	8.12
102	158	5	6.49
492	21	21	78.47
793	21	13	48.57
2762	21	4	14.94
1447	21	7	26.15
997	14	4	11.76
215	1266	3	32.76
1782	21	6	22.41
3753	21	3	11.21
21	327	23	46.83
223	221	3	19.99
1119	333	4	50.91
334	12	17	51.7
102	155	7	12.42
179	135	3	11.07
101	873	3	8.78
3540	21	3	11.21
132	123	14	68.53
1515	21	7	26.15
106	1665	3	22.81
701	21	15	56.05
284	14	9	17.52
172	131	3	10.42
12	112	131	318.1
120	658	4	29.27
157	116	3	6.87
21	3536	3	11.21
134	104	13	39.32
101	360	13	54.36
1203	21	9	33.62
2867	12	3	12.46
307	153	3	18.64
21	1097	5	6.49
476	12	5	7
417	181	3	23.13
12	1714	4	15.05
1998	21	4	10.27
874	21	12	44.83
3123	21	3	11.21
1338	21	8	29.89
21	1943	3	5.15
21	1995	3	5.15
119	249	3	12.42
2162	21	5	18.68
216	448	4	36.75
451	12	10	26.25
262	511	3	28.39
12	3374	3	16.83
481	1544	4	57.63
104	151	4	6.37
12	820	4	7.52
1123	21	9	33.62
1107	21	10	37.36
2956	21	3	11.21
21	792	5	4.04
170	1961	3	34.03
2188	106	4	36.47
1156	21	9	33.62
3389	21	3	11.21
2068	21	3	5.15
21	198	30	26.94
16	2	10	25.49
1708	21	6	22.41
236	14	6	4.71
704	395	3	33.62
3429	21	3	11.21
256	735	3	30.48
12	361	5	4.14
464	151	3	21.59
768	106	7	54.72
114	158	6	21.24
3460	21	3	11.21
398	106	4	19.38
228	110	7	34.02
12	310	6	4.97
118	105	16	45.69
118	161	6	23.48
1344	12	3	6.87
112	197	3	8.56
327	326	3	26.89
2748	21	4	14.94
1457	21	7	26.15
2572	21	4	14.94
147	364	3	19.48
808	21	13	48.57
540	21	9	10.69
1536	21	5	10.97
1673	21	4	7.98
2803	21	4	14.94
117	672	3	19.43
332	828	5	61.93
165	101	12	18.34
573	21	18	67.26
2438	21	4	14.94
111	316	3	12.7
21	795	6	6.82
637	12	4	5.95
127	157	3	8.57
101	277	4	4.68
1860	14	3	11.13
500	200	4	36.64
2365	21	4	14.94
1947	21	5	18.68
458	123	4	26.85
270	21	44	164.48
1327	21	8	29.89
758	12	4	6.94
976	146	11	141.85
12	1937	3	10.35
105	1549	6	55.58
1976	21	3	5.15
1360	21	8	29.89
3260	21	3	11.21
1943	21	5	18.68
535	261	7	80.98
331	107	4	17.46
411	135	3	18.62
429	12	7	12.42
3229	21	3	11.21
2168	21	5	18.68
255	114	3	11.69
1252	21	8	29.89
102	125	7	6
196	129	3	11.33
285	106	20	152.75
154	114	4	10.73
12	1235	3	6.87
2014	21	5	18.68
697	12	7	19.55
12	515	5	7.43
2918	21	3	11.21
1352	14	3	9.03
21	2014	3	5.15
133	110	7	17.72
2505	21	4	14.94
1587	21	4	7.98
986	101	3	9.33
1630	509	3	42.23
185	1389	3	31.07
101	137	20	31.92
21	690	7	8.11
611	21	17	63.52
2239	14	3	12.63
21	734	7	9.09
1734	21	6	22.41
699	151	3	24.08
169	617	3	24.88
277	12	8	8.23
2773	21	4	14.94
1839	21	6	22.41
2627	21	4	14.94
1434	21	7	26.15
3618	21	3	11.21
109	2734	3	27.82
3764	21	3	11.21
1164	14	3	8.24
565	987	9	147.22
164	105	5	12.17
21	1037	5	6.49
2534	21	4	14.94
12	1955	3	10.35
815	21	13	48.57
111	672	3	18
2778	21	4	14.94
106	258	4	14.58
934	2370	4	73.22
536	215	4	38.31
131	123	11	48.06
1526	21	7	26.15
117	145	4	10.28
2809	21	4	14.94
3344	21	3	11.21
109	741	3	17.86
3803	101	3	21.8
596	121	3	19.8
2072	21	5	18.68
3313	21	3	11.21
3159	21	3	11.21
2238	21	5	18.68
612	14	3	4.52
268	195	3	20.2
1697	776	3	45.1
118	103	36	147.94
21	1210	4	4.25
889	21	12	44.83
148	1731	3	30.42
725	14	3	5.56
3034	21	3	11.21
3239	21	3	11.21
341	21	32	119.6
813	12	3	4.03
118	176	6	25.76
3361	21	3	11.21
187	21	81	303
510	1352	3	39.97
989	12	7	25.36
194	783	5	52.87
1362	14	3	9.03
210	123	12	80.6
3416	21	3	11.21
2858	21	4	14.94
3851	21	3	11.21
1744	21	6	22.41
175	123	3	9.79
901	14	5	16.27
483	21	21	78.47
181	513	3	24.56
263	12	11	15.49
119	105	11	24.75
509	359	4	44.08
3717	21	3	11.21
12	990	3	4.94
1035	14	3	7.56
3684	21	3	11.21
3570	21	3	11.21
245	101	15	49.84
21	724	6	5.98
1080	589	4	55.12
2579	21	4	14.94
262	291	3	24.16
106	113	8	11.8
2693	21	4	14.94
329	419	11	142.47
2544	21	4	14.94
2662	21	4	14.94
1788	21	6	22.41
797	21	13	48.57
12	903	3	4.46
1226	122	3	25.01
651	151	3	23.65
807	9	6	54.79
1136	12	4	10.7
2394	21	4	14.94
1537	21	7	26.15
553	21	19	71
2796	21	4	14.94
1686	21	6	22.41
104	121	5	5.26
691	21	15	56.05
1	2	4	8.75
1508	21	7	26.15
584	21	18	67.26
21	354	10	5.42
452	440	3	31.84
1005	21	11	41.1
21	2864	4	14.94
366	14	6	10.74
2094	21	5	18.68
1034	21	10	37.36
3299	21	3	11.21
1178	21	9	33.62
617	12	14	63.11
160	126	4	13.94
21	1192	6	11.96
751	12	10	39.87
105	2185	4	35.87
1956	21	5	18.68
900	21	12	44.83
517	14	4	6.91
1573	14	3	9.97
867	21	12	44.83
2219	21	5	18.68
914	267	6	76.11
1833	12	4	15.05
272	157	3	17.9
1269	21	8	29.89
139	441	6	49.32
204	139	4	19.96
149	153	3	10.94
132	2702	3	32.19
1376	12	7	33.38
2	231	3	7.95
136	330	3	17.23
3035	21	3	11.21
1510	14	4	16.28
109	848	9	83.59
2154	21	5	18.68
1068	21	10	37.36
1916	16	5	60.82
120	116	5	9.93
1148	21	9	33.62
121	407	3	17.09
102	126	6	4.12
564	12	18	101.04
1099	21	10	37.36
2307	21	4	14.94
3364	21	3	11.21
107	203	3	6.96
490	21	21	78.47
111	914	5	39.77
3589	168	3	40.57
1025	12	9	44.13
519	21	20	74.73
2470	106	3	26.6
170	845	11	143.53
838	488	4	51.92
206	144	3	13.71
2609	21	4	14.94
3606	21	3	11.21
1484	21	5	10.97
3712	21	3	11.21
1853	21	6	22.41
101	187	6	4.84
138	113	3	4.94
2657	21	4	14.94
1787	21	6	22.41
632	214	8	94.07
267	117	4	19.1
2384	930	4	73.22
145	144	3	9.57
2169	12	5	28.05
764	934	3	40.52
297	12	12	23.83
231	520	5	51.34
726	1216	4	58.53
119	234	3	11.86
2580	21	4	14.94
314	14	5	5.56
727	21	14	52.31
602	104	7	47.68
453	2526	3	45.15
2	2385	4	40.81
1083	12	6	20.71
174	137	23	187.88
698	21	15	56.05
430	347	7	83.46
1041	21	10	37.36
1586	12	3	8.89
1700	12	3	8.89
153	107	3	4.22
2342	21	4	14.94
335	512	3	30.46
156	573	4	33.54
3103	280	3	45.99
402	14	7	16.08
662	14	3	4.83
1368	21	8	29.89
520	14	6	15.12
1592	921	5	86.76
103	166	4	7.15
2593	12	3	12.46
949	959	3	41.68
3176	21	3	11.21
278	21	42	157
169	580	4	35.27
12	1323	5	17.84
489	14	5	10.27
101	738	3	7.84
325	2374	3	42.67
160	139	4	16.34
243	550	3	28.08
166	108	22	131.96
156	448	3	21.65
1288	21	8	29.89
107	185	9	37.34
827	12	4	7.52
465	12	8	17.8
583	12	8	21.41
3407	21	3	11.21
173	21	93	347.96
136	116	3	4.91
3378	21	3	11.21
692	12	6	14.6
3028	12	3	16.83
618	21	7	6.47
647	21	16	59.78
1698	21	6	22.41
249	12	15	27.46
110	281	4	17.39
12	1965	5	28.05
1470	21	7	26.15
3734	21	3	11.21
123	242	9	60.04
269	890	3	32.07
104	178	3	5.16
2679	21	4	14.94
814	21	13	48.57
3654	21	3	11.21
2529	21	4	14.94
426	451	3	31.57
102	605	3	11.64
1167	14	4	13.64
333	110	3	12.61
1920	12	5	28.05
101	322	13	49.5
1523	21	7	26.15
2781	21	4	14.94
2174	14	3	12.63
117	221	7	37.39
570	21	18	67.26
124	618	3	19.96
114	647	5	36.6
188	12	10	4.42
133	112	3	3.98
1897	115	3	27.2
21	3740	3	11.21
2387	21	4	14.94
3012	21	3	11.21
988	21	11	41.1
141	888	3	24.42
102	348	3	8.07
21	2661	3	7.04
21	2797	3	7.04
106	1057	4	28.07
3195	21	3	11.21
648	14	4	8.6
106	953	3	18.29
882	21	12	44.83
264	21	43	145.05
1317	21	8	29.89
113	1795	3	25.25
21	1081	5	6.49
116	256	3	11.85
3042	21	3	11.21
1297	21	8	29.89
1644	14	3	11.13
109	516	4	23.22
159	1680	4	45.21
119	146	6	21.09
473	14	21	126.41
213	132	3	12.82
1766	14	5	26.67
982	108	3	19.31
145	116	17	90.16
229	105	4	12.67
358	243	3	25.17
3424	21	3	11.21
858	14	3	6.45
147	110	3	4.86
106	2084	3	24.38
9	235	3	13.37
119	655	3	19.47
1609	685	3	44.13
316	122	6	39.3
130	361	5	33.95
102	1185	3	15.85
12	127	185	877.93
404	21	24	76.26
3676	21	3	11.21
132	271	7	47.34
373	21	28	104.64
2606	21	4	14.94
215	144	4	21.33
111	449	5	30.94
918	183	4	41.07
107	172	3	5.57
101	2293	4	29.06
1796	21	6	22.41
1427	21	7	26.15
3661	21	3	11.21
474	21	22	82.21
103	490	3	12.54
208	105	6	21.47
12	483	5	7
1500	21	7	26.15
149	171	3	12.47
215	1191	5	60.03
124	143	19	114.34
135	145	3	8.39
1560	533	3	40.99
121	171	9	47.85
2402	21	4	14.94
380	153	3	20.43
563	112	3	17.16
3291	21	3	11.21
152	343	10	91.24
365	111	5	28.42
105	166	4	8.43
560	122	5	38.12
12	802	8	28.19
3220	21	3	11.21
2227	21	3	5.15
1983	21	5	18.68
3108	21	3	11.21
21	1739	3	3.9
271	21	33	77.54
1948	21	5	18.68
304	267	3	24.8
319	21	35	130.82
167	139	4	17.23
123	429	4	26.1
1935	21	5	18.68
106	216	4	12.45
337	267	4	36.56
1061	21	10	37.36
164	104	6	15.88
1173	21	9	33.62
267	371	3	26.37
689	12	4	6.42
175	109	4	11.06
102	2122	3	20.49
712	413	4	48.91
824	14	3	5.98
3475	21	3	11.21
117	974	6	53.66
630	8	3	21.05
21	590	7	5.78
475	445	3	32.13
2513	21	4	14.94
880	14	3	6.45
638	21	16	59.78
3808	21	3	11.21
1847	21	6	22.41
3335	14	3	19.19
788	21	13	48.57
101	739	3	7.84
107	426	3	13.28
2229	12	3	10.35
1563	168	6	75.59
1120	440	7	107.74
1475	21	7	26.15
718	125	9	89.22
2734	21	4	14.94
8	1637	5	55.36
3789	21	3	11.21
421	21	25	93.43
2526	21	4	14.94
3077	12	3	16.83
764	579	3	37.2
21	3696	3	11.21
857	21	12	44.83
3610	21	3	11.21
289	14	38	234.28
115	543	3	17.46
1518	21	7	26.15
590	21	18	67.26
2455	21	4	14.94
1637	9	5	55.16
118	149	4	11.05
12	206	16	21.67
1122	12	8	38.74
12	258	7	4.71
120	121	10	37.49
1551	21	7	26.15
555	21	19	71
148	169	3	12.26
2080	21	5	18.68
3001	21	3	11.21
360	14	6	10.37
21	1761	3	3.9
12	2566	3	12.46
132	728	4	32.22
1127	146	5	51.9
104	107	11	12.47
21	998	5	5.53
212	126	3	11.87
2921	146	3	38.51
122	21	226	847.54
101	457	3	5.29
637	14	4	8.6
250	621	3	29.06
169	1071	3	28.49
101	129	12	6.56
3564	12	3	16.83
192	367	4	32.76
910	21	12	44.83
3151	21	3	11.21
103	980	3	16.72
104	103	20	33.07
12	651	9	29.45
1985	21	5	18.68
231	104	5	17.54
148	108	4	8.1
1954	21	5	18.68
406	2	8	49.81
846	2741	3	49.46
21	2230	3	5.15
116	190	5	19.78
184	153	3	13.62
170	1912	5	68.04
2088	21	5	18.68
113	132	3	4.14
1184	21	9	33.62
734	14	3	5.56
2642	14	3	14.78
1323	106	5	41.29
109	9	4	5.66
156	101	10	9.72
130	547	5	39.03
13	2144	4	39.97
582	21	14	34.58
114	143	3	5.45
2825	21	4	14.94
1543	21	7	26.15
965	14	11	70.4
2396	21	4	14.94
21	221	25	23.65
154	183	3	13.65
2255	261	3	40.65
112	222	3	9.89
2550	21	4	14.94
332	1857	3	39.04
1024	577	3	39.02
1786	21	6	22.41
139	113	6	17.32
2656	21	4	14.94
3781	21	3	11.21
120	182	5	21.3
3634	21	3	11.21
834	21	13	48.57
275	121	26	255.27
143	122	6	21.59
130	124	3	5.75
12	142	31	34.69
1728	190	3	33.56
153	105	4	6.97
228	12	10	9.3
130	187	3	11.18
3572	21	3	11.21
102	136	6	5.91
102	187	5	9.42
107	111	6	5.4
248	1853	4	52.13
140	12	21	11.76
2860	21	4	14.94
3849	21	3	11.21
121	158	3	8.32
2458	21	4	14.94
12	349	5	3.91
136	160	3	10.07
103	101	25	4.06
991	12	4	8.9
103	299	3	9.17
2359	12	4	22.44
1007	215	3	31.13
119	180	5	20.32
459	14	8	23.52
1098	21	10	37.36
21	855	6	7.79
151	116	3	6.44
1559	12	4	13.26
12	1781	3	8.89
101	429	3	4.84
721	1361	3	42.33
964	21	11	41.1
116	125	4	6.83
104	266	3	8.73
104	318	4	15.84
689	111	7	56.21
444	12	5	6.21
533	14	4	6.91
3116	21	3	11.21
21	657	6	4.6
234	21	55	205.64
1347	21	8	29.89
1027	495	10	171.72
111	624	4	26
142	301	4	25.31
1485	12	4	13.26
1972	21	5	18.68
3149	21	3	11.21
105	2649	3	26.15
1729	14	3	11.13
152	332	6	47.14
2386	21	4	14.94
1170	465	3	38.48
134	163	5	21.48
489	939	3	37.35
134	107	5	7.93
194	2580	3	37.53
1439	14	3	9.97
184	114	3	8.58
2353	21	4	14.94
600	21	17	63.52
107	287	3	10.23
12	171	16	13.5
1403	21	5	10.97
237	584	10	124.31
1804	21	6	22.41
3494	108	3	32.12
450	21	23	85.95
3620	21	3	11.21
1775	21	6	22.41
786	21	13	48.57
107	455	4	20.47
169	2854	3	36.2
107	591	4	22.6
1440	21	7	26.15
111	197	3	8.24
135	105	14	46.56
130	350	3	16.91
1807	1194	3	47.68
1866	21	4	7.98
3733	21	3	11.21
1469	21	7	26.15
3835	21	3	11.21
3465	21	3	11.21
12	340	7	8.78
181	2548	3	36.93
112	101	29	30.45
1567	8	3	26.89
2873	21	4	14.94
1290	338	3	36.97
2043	21	5	18.68
3515	12	3	16.83
148	114	3	6.02
203	21	72	269.29
539	336	3	30.79
12	650	16	89.81
105	253	6	25.4
253	114	3	11.57
12	956	7	25.36
3079	21	3	11.21
3130	146	3	38.51
500	261	7	80.1
21	814	6	6.82
3258	21	3	11.21
101	216	6	7.17
3107	21	3	11.21
656	14	3	4.83
241	21	44	126.03
1354	21	8	29.89
1413	123	6	65.75
247	383	3	25.95
135	103	8	15.62
3142	21	3	11.21
1949	21	5	18.68
3190	21	3	11.21
2369	16	4	48.63
1325	21	8	29.89
2103	21	5	18.68
1187	21	9	33.62
112	163	3	6.77
102	157	7	12.82
12	1476	3	7.77
21	2860	3	7.04
192	613	3	26.13
106	3611	3	31.09
254	190	8	69
448	2384	3	45.15
12	277	9	10.97
2989	21	3	11.21
120	104	8	13.91
1205	343	4	51.17
3325	21	3	11.21
2747	14	3	14.78
108	21	333	911.61
21	1180	4	4.25
21	1332	4	5.19
13	697	3	18.79
12	787	3	4.03
105	264	3	9.1
293	333	5	49.68
13	183	32	251.5
194	1968	3	35.3
109	518	4	23.22
2403	21	4	14.94
333	14	5	6.25
21	2607	3	7.04
1021	286	6	79.33
3768	21	3	11.21
195	14	12	15.32
12	2314	4	22.44
536	289	3	29.75
1079	14	3	7.56
3675	21	3	11.21
2746	21	4	14.94
133	187	6	31.13
2210	12	3	10.35
1965	12	4	17.56
2713	21	3	7.04
2607	21	4	14.94
374	21	28	104.64
3860	21	3	11.21
1599	21	4	7.98
116	110	5	6.03
101	361	4	6.9
155	12	14	5.2
174	155	7	42.77
124	984	3	22.88
123	12	104	294.17
106	1214	4	29.15
655	21	16	59.78
369	106	3	12.09
2502	21	4	14.94
217	123	3	12.08
1158	21	9	33.62
12	186	54	201.65
228	185	3	18.35
593	630	5	66.85
2199	21	5	18.68
163	106	3	4.94
1529	14	7	44.79
2016	168	5	67.72
3646	12	3	16.83
1378	12	6	24.92
850	12	3	4.46
125	1195	3	24.3
2	147	4	6.37
21	3724	3	11.21
1992	21	4	10.27
102	129	6	4.71
101	953	4	15.02
3152	21	3	11.21
166	173	5	28.86
603	14	15	83.87
1311	21	8	29.89
101	1766	5	30.98
208	115	3	9.78
1743	12	3	8.89
620	12	11	40.41
103	107	12	13.01
136	167	8	44.25
394	14	4	4.86
1442	14	3	9.97
2114	21	5	18.68
163	116	4	11.96
111	104	35	130.86
2350	21	3	7.04
101	112	16	4.99
589	21	13	28.98
561	189	5	48.67
703	21	15	56.05
126	264	3	14.04
972	14	11	70.4
142	117	3	5.77
1261	12	3	6.87
336	12	33	185.33
1225	122	3	25.01
315	101	4	5.66
109	548	5	32.1
422	21	22	69.11
104	207	3	6.41
3609	21	3	11.21
1776	21	6	22.41
3406	14	3	19.19
21	897	5	4.73
252	121	32	320.53
856	21	10	27.22
434	107	3	13.54
1387	366	4	53.29
1961	346	4	58.8
266	311	3	24.8
1441	21	7	26.15
105	1552	3	21.13
12	718	14	78.58
117	2726	3	29.87
12	2564	3	12.46
104	161	7	20.05
104	105	20	39.45
304	122	6	38.93
604	21	17	63.52
2246	14	3	12.63
1962	14	3	12.63
2385	2	3	26.12
127	158	6	25.2
1014	12	8	35.13
164	520	4	33.76
1172	21	9	33.62
183	21	84	314.23
1060	21	10	37.36
132	1339	3	26.12
147	290	3	17.65
3372	21	3	11.21
1139	21	9	33.62
218	21	61	228.1
1091	21	10	37.36
2904	189	3	41.87
192	692	4	38.61
12	204	63	309.52
21	1131	8	23.94
1901	21	5	18.68
1274	21	8	29.89
107	320	3	11.01
194	239	4	27.81
102	229	4	8.55
102	185	5	9.21
2240	21	5	18.68
1964	21	3	5.15
21	493	8	6.34
778	12	5	11.73
108	243	3	9.76
226	21	29	37.69
103	2830	4	39.34
3124	21	3	11.21
12	202	67	341
2345	21	4	14.94
12	457	6	9.88
136	132	3	7.18
2974	21	3	11.21
387	14	4	4.86
103	195	3	5.17
2468	12	3	12.46
606	101	3	6.7
836	122	4	32.21
16	8	3	6.31
1202	21	9	33.62
2788	21	4	14.94
216	101	5	4.62
195	12	17	21.23
127	112	4	6.24
101	155	18	34.61
504	509	6	77.74
702	21	15	56.05
104	369	3	11.28
106	1574	3	21.57
944	14	3	6.97
133	171	7	36.28
2701	21	4	14.94
2555	21	3	7.04
105	144	4	5.87
773	146	12	147.79
333	12	19	63.41
2670	21	4	14.94
212	14	8	7.45
3783	21	3	11.21
332	1212	6	83.85
1097	14	3	7.56
423	21	21	61.39
1737	260	3	36.83
1921	2344	4	82.64
357	21	30	112.12
759	21	14	52.31
242	12	8	5.94
379	1378	3	38.04
859	12	7	23.6
388	21	27	100.9
2763	21	4	14.94
1841	21	6	22.41
3440	21	3	11.21
526	21	19	63.39
1691	21	6	22.41
21	1941	4	10.27
138	12	28	25.5
909	14	3	6.45
101	158	8	5.7
491	21	9	8.97
101	309	4	5.66
117	1479	3	24.83
424	14	4	5.63
3369	21	3	11.21
1144	21	9	33.62
140	114	3	5.32
101	751	3	7.84
121	126	5	12.93
1645	12	5	22.77
12	486	4	4.11
2051	21	5	18.68
182	21	86	321.73
12	13	79	122.29
117	1098	5	43.47
3628	12	3	16.83
186	103	3	4.92
111	371	3	14.05
102	153	6	8.88
113	869	3	20.12
112	151	3	5.83
771	123	9	91.33
1898	21	5	18.68
974	21	11	41.1
3231	21	3	11.21
1246	21	8	29.89
106	904	4	26.27
471	450	3	32.13
359	12	28	142.78
21	3774	3	11.21
3183	21	3	11.21
103	237	5	16.58
109	806	8	68.98
894	21	12	44.83
1946	21	5	18.68
1878	630	5	87.45
251	132	3	14.31
3106	21	3	11.21
1977	21	5	18.68
558	122	7	59.12
102	534	3	10.64
121	303	5	30.19
528	12	5	7.43
141	664	5	43.38
3180	106	3	31.09
2131	21	5	18.68
742	14	5	14.49
107	1577	3	21.61
1192	21	9	33.62
1048	21	10	37.36
106	1676	3	22.81
12	157	51	134.48
118	107	10	21.42
1672	21	6	22.41
2404	21	3	7.04
134	121	3	5.85
21	964	7	13.07
262	461	4	39.62
939	12	3	4.94
1517	168	6	75.59
290	12	24	84.64
21	794	6	6.82
3740	21	3	11.21
168	14	19	31.46
3626	21	3	11.21
2573	21	4	14.94
1076	14	4	12.63
468	21	22	82.21
105	554	4	21.48
3773	21	3	11.21
12	872	5	12.63
12	1008	3	5.49
104	507	4	20.5
21	1990	4	10.27
1049	14	3	7.56
2600	21	4	14.94
13	362	4	21.6
1193	14	4	13.64
16	839	4	33.39
3674	21	3	11.21
113	386	3	14.89
134	135	5	16.3
2982	200	3	42.43
181	123	5	21.81
104	160	4	7.26
2868	21	4	14.94
231	161	4	24.88
120	176	14	88.73
540	425	3	32.81
130	114	3	4.21
179	104	3	5.16
1077	21	10	37.36
2189	106	3	24.38
1157	21	9	33.62
159	337	4	28.81
199	1063	5	57.01
344	157	4	29.01
3284	21	3	11.21
1291	21	8	29.89
956	21	11	41.1
1884	21	5	18.68
124	293	8	56.5
3253	21	3	11.21
2192	21	5	18.68
3062	343	3	47.55
563	142	5	41.99
1605	102	4	28.65
1319	21	8	29.89
21	732	6	5.98
103	725	3	15.11
105	2694	3	26.15
3113	21	3	11.21
105	195	5	14.82
1230	21	8	29.89
3343	21	3	11.21
990	21	11	41.1
3556	14	3	19.19
2106	21	5	18.68
116	273	6	33.52
375	1184	3	36.94
2389	21	4	14.94
102	805	3	13.35
267	536	4	41.11
101	393	3	4.24
101	445	5	13.21
205	101	5	3.88
101	2243	5	36.33
179	160	3	13.92
682	21	15	56.05
2779	21	4	14.94
169	110	6	20.74
3530	21	3	11.21
711	21	8	11.51
143	121	3	6.94
120	233	3	12.38
458	742	3	35.39
8	1880	3	29.71
1404	2277	3	53.4
152	747	3	24.59
1768	21	6	22.41
3763	21	3	11.21
101	700	3	7.43
102	376	3	8.65
1406	21	7	26.15
21	122	54	10.94
903	12	4	8.16
1955	12	4	17.56
107	498	3	14.1
1869	21	3	3.9
140	14	12	4.32
211	113	4	15.14
2772	21	4	14.94
12	350	6	6.32
118	164	4	12.81
2504	21	4	14.94
107	110	93	564.16
3468	21	3	11.21
2845	21	4	14.94
102	137	9	15.37
1185	12	3	6.12
102	188	6	13.22
112	135	6	15.2
110	150	4	8.73
2948	21	3	11.21
12	2037	3	10.35
2044	21	5	18.68
2288	21	4	14.94
2123	575	3	44.51
109	442	6	38.41
803	105	3	16.71
1942	21	5	18.68
131	173	4	16.2
101	173	19	47.94
131	559	3	20.43
280	21	41	153.26
2249	21	5	18.68
566	144	4	31.9
329	146	3	18.5
752	12	6	15.54
164	115	4	12.03
21	1032	5	6.49
785	12	4	7.52
1990	21	5	18.68
866	21	12	44.83
1212	21	9	33.62
101	304	4	5.66
2645	14	3	14.78
1004	21	11	41.1
106	277	6	28.17
2444	572	4	68.57
126	195	3	10.82
1623	12	5	22.77
101	1441	3	12.45
1179	21	9	33.62
3300	21	3	11.21
365	14	5	7.33
224	1658	3	35.43
1687	21	6	22.41
107	1203	4	29.2
2797	21	4	14.94
2395	21	4	14.94
2275	101	4	29.06
192	1749	5	64.64
239	710	5	55.12
159	561	3	23.43
2830	21	4	14.94
1507	21	7	26.15
21	571	7	5.78
2578	21	4	14.94
3635	21	3	11.21
12	172	24	36.64
1907	12	5	28.05
143	144	3	9.26
1255	12	4	11.85
152	1101	3	26.91
103	554	3	13.16
3776	21	3	11.21
12	339	17	53.05
12	187	20	29.32
12	136	107	382.26
2721	21	4	14.94
3718	21	3	11.21
295	1238	3	36.05
917	12	11	61.73
1627	13	4	37.35
395	21	27	100.9
2125	14	3	12.63
1032	1644	4	66.55
475	109	4	22.39
101	3323	3	21.8
103	270	4	13.11
1607	21	6	22.41
3450	21	3	11.21
1121	21	9	33.62
2309	21	4	14.94
101	1542	3	12.45
794	1353	5	79.42
466	14	4	6.23
1150	21	9	33.62
193	273	3	20.26
379	143	4	28.18
2156	21	5	18.68
842	12	3	4.46
1055	168	9	115.78
527	1134	3	39.1
104	175	3	5
159	371	4	29.94
139	384	3	19.02
140	103	6	10.48
1974	21	5	18.68
111	156	3	5.82
113	686	4	27.42
3163	21	3	11.21
12	421	9	19.83
232	21	55	205.64
3198	21	3	11.21
103	243	8	35.04
114	103	13	24.99
120	458	5	35.53
247	168	3	17.98
228	166	6	43.18
12	104	106	112.64
12	167	69	270.21
124	451	4	26.5
102	132	9	13.18
1196	21	9	33.62
467	207	4	36.26
959	367	4	49.96
506	101	3	5.8
442	1277	3	39.06
485	12	4	4.11
101	433	3	4.84
1668	21	6	22.41
1108	200	3	30.99
1257	14	3	9.03
139	641	5	43.18
1522	21	7	26.15
1639	21	6	22.41
2813	21	4	14.94
117	474	4	25.08
587	996	3	38.35
944	334	3	34.47
3622	21	3	11.21
1773	21	6	22.41
1657	106	3	22.81
3760	21	3	11.21
1401	21	7	26.15
3651	21	3	11.21
811	21	13	48.57
764	3559	3	53.41
101	178	6	4.18
328	101	4	6.24
2738	21	4	14.94
3731	21	3	11.21
3585	21	3	11.21
113	1470	3	24.01
2769	21	4	14.94
2631	21	4	14.94
3552	21	3	11.21
1365	12	3	6.87
21	1708	4	7.98
904	803	3	39.92
104	12	83	58.14
1591	21	6	22.41
3434	21	3	11.21
3837	21	3	11.21
21	2226	5	18.68
134	128	7	25.57
3463	21	3	11.21
21	887	5	4.73
215	9	6	33.34
327	103	3	9.66
693	12	4	6.42
1273	168	8	108.61
102	176	5	8.62
107	150	6	15.13
2010	21	5	18.68
3410	21	3	11.21
2041	21	5	18.68
2560	14	4	25.59
298	103	3	9.17
2	13	7	8.32
1287	21	8	29.89
1939	21	5	18.68
115	119	145	1375.77
984	21	11	41.1
3081	21	3	11.21
1125	338	4	51.17
239	819	5	56.89
154	115	7	26.43
488	14	5	10.27
3129	21	3	11.21
102	166	4	4.73
266	685	4	43.26
106	1051	8	73
871	21	12	44.83
21	423	9	6.9
21	347	10	5.42
1009	21	10	37.36
163	140	3	10.95
2	109	10	13.79
147	104	4	5.98
114	132	6	15.84
2090	21	5	18.68
103	273	4	13.29
695	21	15	56.05
1682	21	6	22.41
21	2090	3	5.15
2107	645	3	45.29
21	1954	3	5.15
178	12	12	6.71
1163	12	3	6.12
594	621	4	50.55
1512	21	7	26.15
101	212	6	6.74
174	300	3	20.27
3632	21	3	11.21
1146	14	3	8.24
296	12	32	151.02
116	144	3	5.69
978	12	3	4.94
1910	12	5	28.05
320	746	6	75.41
12	782	12	60.42
3665	21	3	11.21
2548	21	4	14.94
801	21	13	48.57
530	108	3	15.38
731	21	14	52.31
875	2623	4	72.37
105	159	3	4.16
259	12	22	61.65
1351	12	7	33.38
1046	111	3	20.75
1216	14	7	35.43
3574	21	3	11.21
101	299	4	5.48
726	1165	3	41.46
1748	21	6	22.41
2376	128	4	48.11
136	186	4	17.99
3365	21	3	11.21
2304	21	4	14.94
428	14	24	153.69
121	116	4	6.65
2063	21	4	10.27
117	1803	4	38.2
2153	21	5	18.68
446	12	8	17.04
107	115	10	19.59
687	111	6	45.76
205	139	3	13.33
535	122	5	37.5
1880	9	3	29.59
1266	21	8	29.89
3067	21	3	11.21
550	14	3	3.95
162	153	3	12.14
101	417	3	4.63
1601	333	3	39.04
110	1471	3	22.92
3119	21	3	11.21
2214	21	5	18.68
221	21	60	224.36
1342	21	8	29.89
2112	21	5	18.68
228	999	6	73.31
3337	21	3	11.21
1845	14	3	11.13
115	662	3	18.57
3000	21	3	11.21
1031	21	10	37.36
12	1313	7	33.38
2423	21	4	14.94
2785	21	4	14.94
1659	21	5	13.61
424	103	3	11.72
1284	111	5	44.32
21	1427	4	6.39
152	783	7	73.55
103	183	4	8.35
3505	21	3	11.21
2818	21	4	14.94
149	121	10	48.67
705	21	15	56.05
12	182	36	91.47
3607	21	3	11.21
1553	106	5	43.48
1382	21	8	29.89
132	122	6	19.03
338	12	8	11.89
139	144	3	9.01
1223	122	3	25.01
3087	101	3	21.8
2525	21	4	14.94
109	1748	4	35.47
251	561	3	28.68
2587	21	4	14.94
362	21	30	112.12
255	101	5	6.56
154	352	3	19.67
268	12	23	70.83
3855	168	3	40.57
12	1480	4	13.26
163	461	3	22.68
1117	617	3	40.16
143	242	3	15.4
12	281	7	6.04
12	130	151	651.32
789	21	13	48.57
1844	21	6	22.41
3549	21	3	11.21
1443	21	7	26.15
120	349	4	23.5
2514	21	4	14.94
438	431	3	31.57
2	12	48	8.45
154	164	3	12.4
3840	21	3	11.21
2021	21	5	18.68
158	163	3	12.58
12	963	3	4.94
1058	21	10	37.36
12	842	3	4.46
287	21	40	149.52
13	115	4	4.68
114	894	3	20.39
2243	905	3	47.23
104	13	8	10.39
116	151	3	6.44
343	8	8	61.47
1903	21	4	10.27
161	151	3	11.95
3140	21	3	11.21
934	1006	4	58.8
623	14	4	8.13
3109	21	3	11.21
113	278	4	18.6
2224	21	5	18.68
726	542	3	36.34
561	122	3	19.43
109	1363	4	32.03
164	259	4	26.48
230	129	4	19.89
325	367	7	78.93
2144	125	4	42.66
148	104	12	41.87
131	535	3	20.08
298	105	3	10.23
12	149	59	159.14
12	252	20	49.61
822	1294	5	79.42
1677	21	6	22.41
686	21	15	56.05
233	286	15	171.65
107	212	4	12.14
1646	21	6	22.41
715	21	13	41.7
12	1481	4	13.26
102	117	13	18.74
121	144	6	21.82
1930	12	5	28.05
306	101	4	5.66
106	607	8	59.58
21	288	11	4.09
2034	14	3	12.63
2653	21	4	14.94
3770	21	3	11.21
219	1162	3	32.09
12	403	24	120.89
114	105	16	42.05
2715	21	4	14.94
746	21	14	52.31
2100	14	3	12.63
1496	21	7	26.15
372	21	28	104.64
775	21	13	48.57
101	625	6	22.97
876	12	3	4.46
140	105	4	5.57
139	270	5	32
111	561	3	16.82
657	21	16	59.78
3345	200	3	42.43
101	949	3	9.33
12	235	10	9.85
3862	21	3	11.21
1739	21	6	22.41
118	110	4	4.08
2471	21	4	14.94
1597	21	6	22.41
630	9	3	20.92
103	361	3	10.39
120	340	3	15.63
117	407	11	90.98
198	21	73	262.77
2035	21	5	18.68
1160	21	8	23.94
21	893	6	7.79
184	104	9	34.76
138	119	68	592.14
2166	21	5	18.68
1294	21	8	29.89
301	21	37	138.3
578	14	5	11.8
1498	14	4	16.28
194	1096	3	29.82
3250	21	3	11.21
171	108	4	10.53
431	131	11	101.57
3216	21	3	11.21
310	114	7	43.74
238	21	50	159.75
3104	21	3	11.21
1561	14	4	16.28
1979	21	5	18.68
863	21	12	44.83
21	2041	4	10.27
116	417	3	15.79
121	882	3	22.12
2098	21	4	10.27
21	2190	3	5.15
116	107	5	4.46
105	169	6	17.39
2129	21	5	18.68
1292	14	3	9.03
722	21	8	12.78
3490	21	3	11.21
117	890	5	41.05
12	181	13	9
144	112	18	92.08
200	14	16	30.38
3771	21	3	11.21
1792	21	5	13.61
107	374	6	33.44
1431	21	7	26.15
323	336	27	422.61
101	611	3	6.7
321	12	12	25.21
204	105	3	6.68
106	3400	3	31.09
2681	21	4	14.94
534	1176	3	39.1
1753	587	6	103.69
2575	21	4	14.94
1460	21	7	26.15
408	21	22	61.23
147	105	5	9.88
529	168	3	23.7
410	807	4	49.62
2602	21	3	7.04
1862	21	6	22.41
2464	21	4	14.94
479	21	20	67.03
112	110	5	5.16
21	2653	3	7.04
1740	21	6	22.41
621	21	17	63.52
2911	508	3	50.55
102	160	7	13.45
140	454	3	20.15
565	1351	4	57.49
1784	2398	3	54.64
283	930	4	47.22
1562	21	7	26.15
514	21	20	74.73
1711	21	6	22.41
2071	21	5	18.68
104	114	9	13.59
12	708	13	61.43
1359	396	3	38.28
671	12	5	9.55
1549	12	3	7.77
141	116	4	9.25
199	21	61	166.87
542	14	8	26.25
21	2550	3	7.04
2260	215	3	38.84
419	12	24	126.47
12	962	5	13.64
571	14	5	11.8
3286	21	3	11.21
1293	21	8	29.89
3126	21	3	11.21
877	21	12	44.83
2242	21	5	18.68
1306	21	8	29.89
109	524	5	31.52
161	466	4	32.61
109	388	9	62.85
783	665	5	70.13
105	190	4	10.02
21	3291	3	11.21
3309	21	3	11.21
293	580	3	30.26
133	104	11	29.69
114	662	8	68.19
3340	21	3	11.21
126	169	9	48.36
190	615	3	26.05
127	163	3	9.11
101	195	6	5.15
127	107	26	114.75
816	106	3	17.16
3508	21	3	11.21
2790	21	4	14.94
1660	21	6	22.41
3541	21	3	11.21
117	822	3	20.38
114	149	3	6.1
822	1295	3	42.83
320	101	7	17.34
172	111	5	16.55
2668	21	4	14.94
819	21	13	48.57
3643	21	3	11.21
2522	21	4	14.94
835	267	3	31.93
3752	21	3	11.21
1176	14	3	8.24
2703	21	3	7.04
3614	21	3	11.21
927	12	11	61.73
107	211	4	12.14
240	12	52	292.22
219	299	4	32.81
101	1052	3	9.95
792	21	13	48.57
1843	21	6	22.41
1479	21	7	26.15
3723	21	3	11.21
120	136	6	19.68
120	187	4	15.75
376	104	14	102.71
120	339	3	15.63
12	312	8	10.24
12	491	12	39.79
907	14	6	22.26
2486	21	4	14.94
493	21	21	78.47
1307	14	3	9.03
147	334	3	18.67
21	276	24	38.35
876	14	3	6.45
524	21	20	74.73
139	526	5	40.58
765	129	3	22.34
3812	21	3	11.21
223	14	8	8.61
642	21	13	34.13
1689	21	6	22.41
163	287	3	18.94
970	224	3	30.86
1703	9	3	28
1011	12	7	27.44
132	1779	4	41.3
101	232	5	5.5
920	1205	5	79.8
1065	21	10	37.36
2049	21	5	18.68
180	21	87	325.47
1094	21	10	37.36
117	203	7	34.77
101	3802	3	21.8
161	107	5	12.55
685	12	7	19.55
119	126	4	7.93
104	256	3	8.37
104	153	4	6.53
101	487	5	14.13
2151	21	5	18.68
124	384	6	43.05
666	14	6	18.05
21	1156	6	11.96
3132	21	3	11.21
485	14	4	6.56
21	2752	3	7.04
782	137	4	34.12
627	101	3	7.05
461	124	3	18.3
121	163	3	8.81
1731	12	5	22.77
127	658	3	20.52
116	882	4	30.1
3302	21	3	11.21
1037	21	10	37.36
109	1973	3	25.6
1210	21	9	33.62
3568	14	3	19.19
872	103	3	16.13
124	195	9	52
576	117	6	45.95
723	21	14	52.31
585	21	18	67.26
1505	21	7	26.15
117	218	3	10.81
117	143	20	113.33
1685	21	6	22.41
2799	21	4	14.94
145	218	3	14.65
1257	12	5	17.84
1791	21	6	22.41
3778	21	3	11.21
189	14	79	496.46
113	480	4	24.41
124	1049	3	23.55
257	155	6	43.07
148	161	5	24.45
103	1089	3	17.38
1818	21	6	22.41
2752	21	4	14.94
738	21	14	52.31
1849	21	6	22.41
3716	21	3	11.21
1315	12	4	11.85
110	111	8	13.35
3854	21	3	11.21
515	21	20	74.73
101	3776	3	21.8
133	160	3	9.63
104	349	3	10.88
247	576	5	53.56
12	521	5	7.43
1033	150	3	26.77
209	167	11	89.62
2027	21	5	18.68
135	114	4	7.91
558	200	6	62.23
251	185	3	19.16
236	465	3	26.78
309	21	36	134.56
1655	14	3	11.13
3271	21	3	11.21
2158	21	5	18.68
12	266	15	30.64
510	542	4	48.08
499	122	5	36.91
21	1141	4	4.25
3111	21	3	11.21
606	111	5	34.38
147	249	3	16.14
103	190	8	27.76
1321	21	8	29.89
260	21	47	175.71
921	21	11	41.1
3146	21	3	11.21
136	129	3	6.88
1199	21	9	33.62
394	1301	3	38.04
1023	21	10	37.36
353	14	4	4
130	104	5	6.39
172	126	3	9.76
1603	12	4	15.05
120	157	10	50.51
851	1893	4	67.36
2104	21	5	18.68
21	2718	4	14.94
102	104	26	38.01
371	289	4	38.9
2777	21	4	14.94
21	1782	3	3.9
978	14	3	6.97
818	21	8	14.24
207	14	11	14.68
3796	21	3	11.21
2187	12	3	10.35
167	236	3	17.52
145	172	9	56.46
1924	12	4	17.56
101	144	9	5.08
1770	21	6	22.41
1435	21	7	26.15
383	21	24	71.86
1836	21	6	22.41
2774	21	3	7.04
21	2448	3	7.04
12	1707	3	8.89
1366	12	7	33.38
12	2229	4	17.56
1466	21	7	26.15
3588	21	3	11.21
477	129	7	58.26
2473	21	4	14.94
614	21	17	63.52
21	1679	3	3.9
21	1028	5	6.49
181	1533	5	60.8
134	158	4	14.74
2506	21	4	14.94
3435	21	3	11.21
1299	3812	3	56.87
2567	14	3	14.78
1375	14	3	9.03
21	575	12	23.93
2167	338	3	40.82
21	395	15	22.97
1162	21	9	33.62
101	864	3	8.78
579	12	5	8.41
12	176	16	15.05
696	12	8	25.04
118	126	4	7.62
550	12	9	25.46
1085	21	10	37.36
113	3481	3	33.54
1133	21	4	4.25
817	14	3	5.98
2321	21	3	7.04
114	552	3	17.36
979	21	11	41.1
109	614	3	16.59
2171	21	5	18.68
12	551	14	57.3
2	324	3	10.69
149	115	3	6.18
204	103	3	5.71
105	1075	3	18.51
12	1247	3	6.87
12	1315	3	6.87
1940	21	5	18.68
948	21	11	41.1
363	123	10	82.06
1363	509	3	39.97
128	115	3	3.96
102	151	6	8.65
112	153	3	5.95
21	408	22	61.23
1887	21	4	10.27
955	21	11	41.1
541	14	5	11.26
1533	14	3	9.97
21	1274	4	5.19
2160	21	3	5.15
2282	2375	3	58.46
12	115	31	8.4
12	179	71	314.95
118	13	4	5.32
802	242	3	30.61
1550	12	6	28.05
999	899	3	41.07
626	354	7	90.5
138	101	9	4.26
1741	21	6	22.41
110	528	3	15.69
127	131	3	5.97
134	349	4	25.33
480	21	21	78.47
513	21	19	63.39
2498	21	4	14.94
3427	21	3	11.21
133	135	3	6.94
442	649	4	48.4
263	105	3	8.98
2348	12	4	22.44
878	12	3	4.46
146	105	7	17.65
257	137	10	77.19
1828	21	6	22.41
407	21	26	97.16
3565	21	3	11.21
371	189	5	43.68
740	21	14	52.31
1490	21	7	26.15
1108	261	3	33.69
110	172	3	6.69
413	8	3	18.18
116	207	4	15.22
2541	21	4	14.94
879	861	5	74.72
2574	21	3	7.04
3623	21	3	11.21
940	12	3	4.94
1503	21	7	26.15
2834	21	4	14.94
452	732	3	35.1
1675	21	6	22.41
470	1933	3	43.2
12	1871	4	15.05
1093	12	5	14.82
101	2560	4	29.06
16	9	21	123.6
1191	21	9	33.62
2985	21	3	11.21
176	116	5	18.74
443	234	4	37.74
153	393	3	20.43
562	1238	5	75.47
160	115	3	7.09
1358	21	8	29.89
2230	21	5	18.68
652	14	6	18.05
897	21	12	44.83
1329	21	8	29.89
626	656	6	84.26
205	13	5	20.82
3234	21	3	11.21
21	3803	3	11.21
159	536	4	33.33
1278	21	8	29.89
942	21	11	41.1
430	2443	4	66.02
1514	14	3	9.97
3055	21	3	11.21
190	108	13	69.14
853	14	3	6.45
2553	14	3	14.78
102	180	4	5.59
12	1603	3	8.89
120	294	3	14.58
282	1485	4	52.08
152	934	5	50.11
1143	21	7	17.29
3368	21	3	11.21
2319	21	4	14.94
2936	21	3	11.21
201	104	3	6.18
166	132	5	21.9
608	21	10	16.67
1723	21	6	22.41
106	1115	3	19.7
494	21	21	78.47
175	149	4	19.24
244	105	3	8.4
137	12	41	62.03
179	682	3	26.3
2623	727	4	70.89
641	21	16	59.78
1341	14	4	14.84
116	198	6	26.84
523	21	20	74.73
766	129	3	22.34
3693	21	3	11.21
379	451	4	43.75
2622	21	4	14.94
995	14	5	17.33
881	101	3	8.78
101	281	4	4.83
21	3241	3	11.21
453	1060	5	69.38
161	105	4	7.9
3039	12	3	16.83
206	242	4	29.13
113	288	6	33.9
852	21	12	44.83
2702	21	4	14.94
2450	21	4	14.94
1548	21	7	26.15
3542	21	3	11.21
670	21	16	59.78
1029	21	10	37.36
12	107	44	7.75
890	168	5	51.44
128	107	4	4.25
191	1256	7	92.23
2118	21	5	18.68
103	1182	3	18.13
177	114	5	18.59
125	21	139	257.9
3339	21	3	11.21
1340	21	8	29.89
163	185	3	14.54
135	139	6	23.54
121	103	8	12.73
1696	111	3	24.62
332	755	7	92.03
3088	3002	3	67.46
3241	21	3	11.21
1272	21	8	29.89
351	520	3	30.85
248	319	19	242.44
500	122	5	36.91
21	2059	3	5.15
192	446	9	95.8
142	125	3	6.94
829	14	3	5.98
2374	2324	3	58.46
679	991	4	55.83
104	259	3	8.49
147	899	3	25.22
152	579	3	22.93
567	12	9	26.67
184	163	3	14.54
548	101	5	15.18
212	195	3	17.82
21	957	5	5.53
184	107	3	6.21
300	1477	7	109.65
101	372	3	4.07
796	14	4	10.29
21	2240	4	10.27
2959	21	3	11.21
1102	21	10	37.36
3853	21	3	11.21
631	21	16	59.78
1746	21	6	22.41
3447	21	3	11.21
102	135	28	101.42
130	135	5	15.86
987	12	11	61.73
2139	144	3	31.45
152	920	5	50.11
1713	21	6	22.41
499	267	3	28.52
120	128	3	5.12
172	143	5	24.72
1819	21	6	22.41
2	199	5	15.39
121	105	9	18.97
2722	21	4	14.94
737	21	14	52.31
3667	21	3	11.21
795	21	13	48.57
1256	12	8	44.89
344	101	9	29.24
176	165	5	29.2
783	471	4	50.74
2695	21	4	14.94
830	21	13	48.57
1506	21	7	26.15
2829	21	4	14.94
120	112	9	25.46
205	12	9	4.55
1134	12	3	6.12
3517	21	3	11.21
551	21	19	71
112	171	4	11.9
420	338	5	54.58
21	2739	4	14.94
1036	21	10	37.36
2092	21	5	18.68
3301	21	3	11.21
1180	21	6	11.96
615	12	4	5.51
2478	12	3	12.46
101	447	4	8.83
148	163	4	17.92
2143	2282	3	56.23
532	12	4	4.42
13	104	6	5.28
141	1372	6	66.9
21	1711	3	3.9
1211	21	9	33.62
104	244	4	12.88
869	21	12	44.83
1989	21	5	18.68
227	104	11	56.09
12	2197	5	28.05
152	239	11	90.09
117	168	8	36.77
1218	495	5	71.91
898	21	12	44.83
1958	21	5	18.68
106	313	3	10.81
1805	101	4	21.53
123	151	3	7.94
427	12	7	12.42
237	667	3	28.86
109	406	22	215.73
1285	21	8	29.89
2497	234	4	58.97
109	1280	3	21.77
1889	633	4	64.65
101	470	6	18.67
134	153	3	9.04
220	115	4	16.24
127	176	4	15.67
2827	12	4	22.44
3412	21	3	11.21
109	1536	5	45.51
2047	21	5	18.68
170	716	9	104.63
791	1390	5	79.42
1132	21	9	33.62
1084	21	10	37.36
133	116	8	25.97
1541	12	3	7.77
147	101	17	27.69
349	103	3	10.2
9	12	20	4.65
2846	21	4	14.94
3831	21	3	11.21
1732	21	6	22.41
613	21	17	63.52
12	390	9	18.38
148	1001	4	37.27
3469	21	3	11.21
101	775	3	8.29
209	121	4	17.35
2507	21	4	14.94
538	21	19	71
115	101	17	8.28
448	1878	3	42.92
107	197	6	21.09
246	12	45	220.93
3696	21	3	11.21
1837	21	3	3.9
102	165	4	4.67
340	171	9	85.09
384	21	27	100.9
12	1468	6	28.05
143	14	12	4.65
3729	21	3	11.21
132	197	4	17.9
118	124	4	7.46
962	12	3	4.94
3795	21	3	11.21
2705	21	4	14.94
3766	21	3	11.21
21	2809	3	7.04
933	12	3	4.94
3038	12	3	16.83
2445	21	4	14.94
3498	21	3	11.21
177	425	3	23.25
1666	21	4	7.98
148	1100	4	38.23
2390	21	4	14.94
3311	21	3	11.21
993	21	11	41.1
127	132	5	14.65
101	250	5	6.39
145	273	4	24.71
749	270	4	44.09
116	166	5	17.62
101	557	4	10.31
643	14	3	4.83
2207	21	5	18.68
3145	21	3	11.21
3161	21	3	11.21
1320	21	8	29.89
2847	14	3	14.78
1695	111	3	24.62
104	141	6	11.7
3255	21	3	11.21
231	259	4	31.67
110	153	4	9.01
277	146	5	33.71
3226	21	3	11.21
821	131	3	22.58
324	21	30	88.83
2944	21	3	11.21
2011	21	5	18.68
193	302	35	490.99
2327	21	4	14.94
3376	21	3	11.21
248	260	17	197.7
170	621	3	24.95
191	123	64	704.64
2508	21	4	14.94
531	21	20	74.73
313	144	8	64.02
163	291	8	67.97
105	1764	4	33.24
2597	21	4	14.94
2739	21	4	14.94
101	988	3	9.33
899	12	9	37.38
103	426	3	11.72
1988	12	3	10.35
208	124	3	11.47
12	102	843	4397.02
12	165	14	8.12
1437	21	7	26.15
1006	300	6	78.65
2768	21	4	14.94
3701	21	3	11.21
12	211	9	5.2
144	142	47	424.72
21	2790	3	7.04
1134	14	4	13.64
2783	21	4	14.94
1472	576	3	41.68
2056	12	4	17.56
176	101	10	14.35
121	1429	4	37.9
2812	21	4	14.94
1638	21	6	22.41
707	21	15	56.05
103	143	7	14.38
2110	21	5	18.68
12	2196	4	17.56
1712	12	6	33.67
133	107	9	23.38
193	146	33	324.16
505	101	5	14.64
111	835	3	19.49
1197	21	9	33.62
145	21	78	117.66
127	104	6	8.46
195	180	4	23.79
615	14	8	28.44
3164	21	3	11.21
174	295	3	20.27
3148	21	3	11.21
101	600	3	6.7
21	1061	6	10.3
2330	3062	3	62.96
257	109	3	10.4
945	640	4	55.23
13	249	11	71.51
109	452	4	22.01
175	266	3	19.13
2200	21	5	18.68
884	21	12	44.83
158	103	5	9.58
932	21	11	41.1
101	214	5	4.51
2152	21	4	10.27
730	14	3	5.56
1895	21	5	18.68
1267	21	8	29.89
171	190	4	22.88
104	429	6	33.73
536	122	3	19.08
133	115	5	11.8
104	126	7	11.55
2	870	3	17.22
2305	21	4	14.94
1219	893	3	42.51
2931	21	3	11.21
101	573	3	6.38
2775	168	4	54.14
132	3712	3	36.68
102	164	5	7.34
3419	21	3	11.21
521	21	20	74.73
107	198	18	105.84
2457	21	4	14.94
120	158	11	57.93
2863	21	4	14.94
21	1273	4	5.19
130	164	3	9.76
130	101	40	101.95
12	135	24	12.47
3604	21	3	11.21
21	1527	4	6.39
9	14	31	40.04
2725	21	4	14.94
732	21	14	52.31
1855	21	5	13.61
223	276	3	22.18
2640	21	4	14.94
399	21	26	97.16
1217	14	3	8.24
1820	21	4	7.98
154	105	7	19.32
1147	142	4	38.2
308	101	6	12.76
111	113	8	15.78
2688	21	4	14.94
1754	21	6	22.41
101	675	4	12.25
1922	1366	5	96.74
2582	21	3	7.04
2	154	3	3.9
123	1078	4	34.19
3666	21	3	11.21
504	859	9	141.58
103	124	24	87.95
850	107	3	17.73
21	1288	4	5.19
9	518	3	19.48
120	206	5	23.49
924	111	11	120.93
12	121	61	99.68
1683	21	6	22.41
2399	21	4	14.94
1542	21	7	26.15
102	212	6	15.63
1301	14	3	9.03
128	121	4	8.99
101	1067	3	9.95
2428	21	4	14.94
107	181	3	6.03
107	117	5	4.9
134	157	4	14.68
1584	12	5	22.77
518	101	3	5.8
3728	944	3	54.57
1821	14	3	11.13
164	114	3	7.35
2120	21	5	18.68
129	21	199	745.93
838	325	3	33.68
257	129	3	14.23
2091	21	5	18.68
1619	12	5	22.77
157	126	3	8.54
1418	20	5	90.57
1733	12	3	8.89
142	560	3	21.72
794	415	6	81.1
12	883	3	4.46
188	214	13	118.77
3178	21	3	11.21
276	21	42	157
1953	21	5	18.68
193	119	5	21.27
107	999	3	18.33
192	1338	4	44.9
256	107	5	20.3
781	12	3	4.03
879	319	5	62.32
457	101	4	9.17
1398	12	5	19.93
316	189	5	41.26
101	1894	3	15.17
288	21	39	145.78
2145	21	5	18.68
149	219	3	15.08
594	271	3	29.72
111	173	4	11.63
2178	21	3	5.15
16	13	3	4.11
595	921	3	38.73
1024	488	5	70.41
102	253	3	5.6
128	116	4	7.2
1092	21	10	37.36
2020	21	5	18.68
2055	21	5	18.68
1525	131	5	52.66
118	114	6	12.13
186	21	46	71.56
2437	12	3	12.46
1504	12	3	7.77
153	126	3	8.22
231	335	3	24.1
3810	21	3	11.21
495	21	20	67.03
1724	21	6	22.41
110	137	3	3.99
1046	12	3	5.49
980	896	3	41.07
361	21	23	55.7
2586	21	4	14.94
410	267	3	27.09
21	666	6	4.6
3721	21	3	11.21
392	21	27	100.9
109	300	3	11.8
1928	101	5	36.33
1779	21	6	22.41
117	113	7	15.08
1554	106	3	21.57
3608	21	3	11.21
2559	21	4	14.94
825	21	13	48.57
1093	14	3	7.56
3075	12	3	16.83
954	12	4	8.9
126	124	4	8.94
567	9	3	20.16
2784	21	4	14.94
557	21	19	71
706	21	14	45.3
588	21	18	67.26
1520	21	7	26.15
109	572	8	61.62
130	107	7	14.51
130	163	4	15.07
150	21	129	482.95
102	163	7	14.01
21	2858	3	7.04
154	103	7	16.94
760	101	4	12.85
12	1222	3	6.87
558	261	4	41.23
106	688	7	51.96
3169	21	3	11.21
1295	482	3	39.65
3153	21	3	11.21
1343	21	8	29.89
1195	106	3	19.7
2215	21	5	18.68
177	129	3	10.56
1497	14	3	9.97
853	12	3	4.46
21	2777	3	7.04
12	330	26	112.75
197	21	58	139.68
1547	12	3	7.77
113	2070	3	26.83
135	126	5	14.91
1081	21	10	37.36
2922	21	3	11.21
236	318	3	23.85
2363	2332	4	87.64
3426	21	3	11.21
185	3869	3	41.65
3005	12	3	16.83
109	346	11	78.55
134	1290	4	37.99
1738	21	6	22.41
2864	21	4	14.94
1856	21	3	3.9
21	1765	3	3.9
12	2562	4	22.44
906	12	9	37.38
194	747	3	27.5
21	874	7	11.53
116	197	13	78.57
101	2829	4	29.06
378	189	3	23.08
406	21	13	16.89
134	187	4	17.53
134	136	5	16.83
776	21	13	48.57
1594	806	3	45.1
2745	21	4	14.94
1396	21	7	26.15
2569	21	4	14.94
101	370	3	3.9
105	124	17	56.78
1798	21	6	22.41
2806	21	4	14.94
3525	21	3	11.21
1142	12	4	10.7
101	285	4	4.98
101	233	6	8.32
163	740	3	25.63
1647	21	6	22.41
2290	875	4	72.37
8	410	5	35.84
163	114	3	7.25
121	104	6	7.95
2135	21	5	18.68
405	14	5	8.28
9	9	8	30.72
114	107	11	23.05
482	101	3	5.54
1044	21	10	37.36
12	313	6	4.97
201	214	4	27.05
2	598	3	14.93
166	175	3	14.34
3187	21	3	11.21
107	166	5	13.25
390	12	22	98.26
233	279	3	22.76
111	499	3	16.14
112	129	5	10.27
861	21	12	44.83
