540	1
1221	2
3384	3
2838	4
4902	5
8463	6
4699	7
9020	8
8668	9
7560	10
2651	11
4578	12
3947	13
7786	14
7940	15
924	16
726	17
8856	18
5315	19
210	20
5637	21
1992	22
3194	23
5466	24
1137	25
9130	26
2585	27
450	28
3460	29
4121	30
2490	31
7825	32
3673	33
5667	34
528	35
7791	36
2988	37
296	38
9184	39
5920	40
7165	41
7298	42
670	43
4591	44
802	45
2425	46
8810	47
405	48
7459	49
8931	50
929	51
6946	52
2530	53
3010	54
6590	55
1841	56
8135	57
9325	58
74	59
4079	60
9081	61
5870	62
9061	63
383	64
39	65
6790	66
8760	67
1819	68
5606	69
142	70
2071	71
732	72
7742	73
3287	74
985	75
1854	76
2362	77
1715	78
173	79
8202	80
5569	81
632	82
7356	83
2924	84
2130	85
5726	86
5465	87
9073	88
720	89
8215	90
5351	91
2771	92
3246	93
3281	94
8204	95
1607	96
4037	97
294	98
4668	99
675	100
479	101
8492	102
7853	103
1071	104
1727	105
88	106
3679	107
6095	108
112	109
2398	110
4191	111
4427	112
5693	113
2680	114
9173	115
1973	116
4463	117
4911	118
1870	119
5902	120
7846	121
7088	122
5050	123
6009	124
5796	125
1126	126
9041	127
8478	128
4264	129
4061	130
1866	131
2482	132
1048	133
8954	134
5891	135
5008	136
674	137
8550	138
267	139
2066	140
3700	141
2343	142
2559	143
9288	144
1095	145
992	146
5287	147
8568	148
5823	149
4449	150
5519	151
550	152
8536	153
110	154
9054	155
7659	156
2191	157
4252	158
4509	159
4546	160
7807	161
2942	162
4115	163
4743	164
168	165
5899	166
2986	167
7522	168
7399	169
3506	170
3060	171
6699	172
3603	173
6358	174
3967	175
4686	176
6034	177
5783	178
2445	179
1230	180
8490	181
4004	182
3999	183
8665	184
1042	185
48	186
5929	187
8920	188
3084	189
6414	190
8050	191
3276	192
6701	193
2912	194
1971	195
9195	196
5930	197
5003	198
6797	199
1329	200
5744	201
3316	202
3465	203
4899	204
2578	205
102	206
3940	207
6396	208
6081	209
3106	210
8782	211
4311	212
7300	213
2761	214
2579	215
4912	216
6914	217
6638	218
2533	219
1737	220
4090	221
2732	222
4617	223
1789	224
5867	225
7970	226
6097	227
6107	228
19	229
382	230
9223	231
7146	232
3981	233
2636	234
6057	235
2828	236
6419	237
1963	238
5001	239
4177	240
2814	241
2843	242
8220	243
5291	244
5791	245
98	246
1991	247
1419	248
8070	249
2735	250
5554	251
5216	252
5152	253
1393	254
770	255
1693	256
3436	257
3088	258
1077	259
780	260
2041	261
333	262
7542	263
8105	264
6330	265
9327	266
6953	267
1544	268
5511	269
1993	270
7915	271
3535	272
8625	273
1788	274
2469	275
147	276
508	277
509	278
5231	279
8420	280
3108	281
6367	282
443	283
137	284
4002	285
3372	286
6828	287
6524	288
2166	289
8016	290
2499	291
8814	292
7993	293
920	294
7903	295
7988	296
1577	297
9009	298
6661	299
5377	300
6711	301
4381	302
9085	303
4346	304
1411	305
2494	306
6399	307
6529	308
2333	309
381	310
7956	311
4939	312
6155	313
21	314
7892	315
5826	316
4354	317
3780	318
6567	319
2710	320
7839	321
8693	322
8737	323
8681	324
2259	325
7376	326
565	327
3366	328
5196	329
5028	330
5771	331
3552	332
8103	333
8962	334
5965	335
5285	336
2216	337
8197	338
5172	339
6656	340
266	341
7893	342
4118	343
6262	344
4153	345
1222	346
162	347
2734	348
3994	349
9040	350
2842	351
8426	352
5765	353
4995	354
4012	355
345	356
2021	357
4143	358
3951	359
561	360
3725	361
9219	362
4074	363
6581	364
6452	365
4562	366
722	367
431	368
8264	369
3578	370
8803	371
1197	372
1729	373
6410	374
2798	375
5357	376
8575	377
8587	378
3168	379
642	380
443	381
3006	382
4468	383
4765	384
5889	385
1844	386
7134	387
6444	388
4538	389
4836	390
8205	391
2357	392
227	393
7608	394
263	395
1362	396
2204	397
7353	398
5157	399
4499	400
3358	401
8379	402
3087	403
4520	404
6077	405
3709	406
7154	407
6552	408
2434	409
9319	410
6812	411
348	412
1960	413
8892	414
3486	415
349	416
472	417
108	418
1087	419
6913	420
2681	421
2172	422
1485	423
1985	424
4782	425
1318	426
7492	427
8177	428
5175	429
8590	430
5047	431
7027	432
764	433
213	434
386	435
1112	436
2784	437
4370	438
1893	439
5211	440
7424	441
6114	442
8577	443
328	444
4877	445
835	446
7781	447
4411	448
6585	449
8365	450
175	451
7256	452
346	453
488	454
8339	455
5873	456
58	457
6662	458
7735	459
790	460
1967	461
3766	462
4039	463
257	464
8352	465
8669	466
8424	467
2659	468
4973	469
2374	470
3721	471
2167	472
2875	473
5359	474
380	475
7144	476
489	477
8731	478
599	479
8461	480
7898	481
1166	482
983	483
4759	484
472	485
1628	486
3049	487
9338	488
2208	489
3863	490
2886	491
5431	492
6964	493
6931	494
829	495
427	496
60	497
494	498
3134	499
213	500
481	501
686	502
266	503
8304	504
2438	505
8514	506
6413	507
6950	508
6109	509
5559	510
2271	511
183	512
8152	513
1704	514
194	515
2708	516
6387	517
8451	518
7028	519
2976	520
446	521
4127	522
4799	523
1158	524
8611	525
6117	526
5411	527
1638	528
5400	529
6018	530
364	531
8282	532
4202	533
7007	534
2861	535
6805	536
4930	537
4920	538
7003	539
6156	540
48	541
7521	542
4581	543
1997	544
5976	545
417	546
4872	547
4069	548
2569	549
449	550
412	551
7008	552
7628	553
389	554
8134	555
8131	556
6361	557
5081	558
1090	559
8732	560
446	561
37	562
490	563
9168	564
3957	565
1371	566
3170	567
7752	568
1923	569
43	570
4443	571
2821	572
615	573
7114	574
426	575
660	576
7093	577
5568	578
9275	579
9335	580
1700	581
477	582
5778	583
8386	584
2600	585
8801	586
1565	587
683	588
7889	589
3200	590
7225	591
6249	592
7042	593
7063	594
703	595
3808	596
4862	597
5206	598
1366	599
1017	600
8616	601
4545	602
4488	603
8774	604
9039	605
7069	606
3322	607
4453	608
283	609
8067	610
6364	611
4419	612
8186	613
2592	614
2706	615
7190	616
3964	617
3982	618
7821	619
6814	620
3844	621
5238	622
5257	623
8822	624
7174	625
3349	626
2168	627
4721	628
2108	629
4154	630
2660	631
1532	632
3944	633
3815	634
2582	635
258	636
1682	637
5004	638
189	639
6017	640
4173	641
2887	642
3705	643
3642	644
131	645
4119	646
3347	647
5042	648
1224	649
6332	650
1124	651
4602	652
2943	653
2406	654
3421	655
9010	656
6074	657
5913	658
1811	659
6684	660
8119	661
7706	662
1372	663
8208	664
760	665
3099	666
1948	667
1207	668
3854	669
9360	670
1728	671
4618	672
1460	673
3359	674
2373	675
5189	676
7024	677
3096	678
6351	679
3728	680
7452	681
7310	682
4286	683
6093	684
7717	685
5115	686
4638	687
4457	688
182	689
2702	690
987	691
1697	692
2859	693
7201	694
6223	695
6283	696
9087	697
4355	698
2341	699
1476	700
8528	701
2505	702
3509	703
7793	704
4828	705
7167	706
1396	707
6894	708
7824	709
949	710
6865	711
8776	712
6276	713
2742	714
8127	715
83	716
6039	717
2760	718
1479	719
5552	720
2415	721
6614	722
6144	723
5486	724
6133	725
7193	726
7654	727
525	728
1668	729
6621	730
6944	731
7515	732
8687	733
3189	734
9278	735
837	736
2156	737
2142	738
6307	739
147	740
1592	741
5336	742
13	743
7147	744
2500	745
3143	746
1629	747
6030	748
14	749
2546	750
7117	751
4317	752
8110	753
7773	754
7429	755
1132	756
9274	757
2929	758
4151	759
431	760
6990	761
2917	762
3212	763
6958	764
8364	765
902	766
2311	767
4126	768
1954	769
7840	770
4244	771
78	772
7929	773
2507	774
7243	775
2844	776
7080	777
377	778
66	779
3791	780
507	781
181	782
5825	783
2777	784
2394	785
3	786
3332	787
5801	788
3830	789
8200	790
2960	791
3852	792
6541	793
2301	794
738	795
469	796
4322	797
3716	798
3093	799
7872	800
223	801
8914	802
57	803
5424	804
8529	805
8535	806
1061	807
2959	808
7051	809
8340	810
7266	811
7324	812
3890	813
5289	814
8195	815
9299	816
5757	817
428	818
428	819
609	820
4727	821
64	822
454	823
6099	824
9098	825
4473	826
2834	827
3599	828
2309	829
4361	830
4533	831
6159	832
2152	833
6766	834
4172	835
689	836
9176	837
8857	838
7906	839
7551	840
2816	841
2414	842
3000	843
8763	844
7764	845
6768	846
9077	847
6543	848
1326	849
8015	850
7169	851
9262	852
1806	853
7177	854
5918	855
1438	856
7612	857
437	858
191	859
3447	860
1587	861
3032	862
3438	863
2994	864
4636	865
1549	866
503	867
1167	868
3190	869
307	870
7809	871
9266	872
6260	873
1400	874
7842	875
4236	876
8899	877
2360	878
4613	879
369	880
4755	881
41	882
3350	883
2513	884
89	885
5023	886
704	887
690	888
6773	889
49	890
85	891
3817	892
8906	893
1205	894
3747	895
5438	896
2908	897
695	898
1147	899
562	900
6863	901
2029	902
1900	903
6551	904
1609	905
4825	906
1976	907
8318	908
2461	909
1522	910
1559	911
8835	912
2171	913
701	914
3184	915
4178	916
6818	917
277	918
3261	919
5499	920
4230	921
347	922
1226	923
8231	924
8354	925
452	926
4654	927
4475	928
8375	929
5262	930
7740	931
2914	932
2201	933
6405	934
3727	935
7559	936
7528	937
2124	938
6771	939
3231	940
6318	941
513	942
2026	943
3275	944
2342	945
4442	946
3320	947
9254	948
800	949
2237	950
7477	951
2047	952
5117	953
85	954
2539	955
1695	956
467	957
1092	958
3155	959
351	960
2064	961
2898	962
7539	963
3783	964
482	965
1804	966
1796	967
9349	968
7004	969
1302	970
6834	971
133	972
7076	973
6432	974
1159	975
903	976
6652	977
323	978
8871	979
7772	980
2485	981
2793	982
3357	983
6092	984
1074	985
5103	986
3463	987
3452	988
3906	989
4116	990
6360	991
2641	992
2998	993
2664	994
356	995
1636	996
3385	997
512	998
4850	999
114	1000
3899	1001
2296	1002
2032	1003
292	1004
2640	1005
2250	1006
2862	1007
409	1008
9240	1009
589	1010
7333	1011
4217	1012
5701	1013
6719	1014
2213	1015
2257	1016
6935	1017
2562	1018
401	1019
8709	1020
7922	1021
4889	1022
7635	1023
6560	1024
7555	1025
5005	1026
3065	1027
5456	1028
961	1029
1533	1030
5210	1031
298	1032
4908	1033
7658	1034
1001	1035
238	1036
4508	1037
302	1038
2985	1039
282	1040
7974	1041
1177	1042
2928	1043
6489	1044
281	1045
47	1046
5185	1047
6912	1048
5256	1049
467	1050
7771	1051
8563	1052
6951	1053
3469	1054
8588	1055
8970	1056
4216	1057
1571	1058
7179	1059
1085	1060
5410	1061
7159	1062
9232	1063
2430	1064
3165	1065
1122	1066
4732	1067
9181	1068
3765	1069
7653	1070
6947	1071
3381	1072
1554	1073
8510	1074
8332	1075
9151	1076
4741	1077
8982	1078
6809	1079
50	1080
6072	1081
4183	1082
7571	1083
80	1084
548	1085
1013	1086
1161	1087
3500	1088
513	1089
2809	1090
8216	1091
6745	1092
156	1093
8058	1094
973	1095
3993	1096
7990	1097
8755	1098
8696	1099
249	1100
396	1101
5901	1102
8601	1103
576	1104
6582	1105
3973	1106
3188	1107
3257	1108
4316	1109
7320	1110
9245	1111
3175	1112
1748	1113
249	1114
100	1115
8449	1116
8068	1117
4444	1118
2583	1119
6821	1120
2537	1121
4470	1122
4166	1123
4673	1124
6726	1125
2535	1126
8547	1127
3296	1128
6007	1129
1557	1130
944	1131
8981	1132
5048	1133
7176	1134
7068	1135
138	1136
5329	1137
7194	1138
746	1139
4458	1140
4487	1141
2350	1142
3910	1143
2251	1144
2220	1145
1035	1146
1795	1147
620	1148
8260	1149
7500	1150
6313	1151
950	1152
3687	1153
8598	1154
4910	1155
4691	1156
3662	1157
1921	1158
8786	1159
8997	1160
694	1161
1325	1162
1827	1163
8593	1164
3855	1165
8356	1166
981	1167
809	1168
3565	1169
2144	1170
6389	1171
692	1172
3462	1173
785	1174
493	1175
3931	1176
6356	1177
3832	1178
3416	1179
1241	1180
6900	1181
7790	1182
8952	1183
768	1184
436	1185
1335	1186
1190	1187
2389	1188
1287	1189
4099	1190
3773	1191
7518	1192
2475	1193
7558	1194
7326	1195
1649	1196
130	1197
461	1198
3793	1199
4592	1200
5031	1201
7228	1202
5200	1203
2318	1204
5330	1205
125	1206
7343	1207
5297	1208
4868	1209
2504	1210
5498	1211
4393	1212
5828	1213
8778	1214
182	1215
4806	1216
3613	1217
3881	1218
3050	1219
2018	1220
1223	1221
83	1222
3984	1223
2849	1224
5138	1225
7736	1226
1323	1227
8721	1228
3818	1229
9398	1230
2228	1231
1717	1232
133	1233
5328	1234
7692	1235
495	1236
3498	1237
8771	1238
7332	1239
5264	1240
7910	1241
5306	1242
6615	1243
1428	1244
7543	1245
4579	1246
8935	1247
8554	1248
448	1249
261	1250
7217	1251
8219	1252
67	1253
3778	1254
5337	1255
5325	1256
7084	1257
2046	1258
6325	1259
4379	1260
7202	1261
7841	1262
4542	1263
1175	1264
5409	1265
976	1266
2479	1267
67	1268
6505	1269
4887	1270
2217	1271
8402	1272
5993	1273
6392	1274
1576	1275
6087	1276
6472	1277
6618	1278
38	1279
8132	1280
6941	1281
404	1282
3129	1283
3418	1284
7683	1285
1659	1286
1651	1287
8008	1288
6999	1289
9090	1290
9	1291
2212	1292
5130	1293
2146	1294
214	1295
7021	1296
9267	1297
5858	1298
465	1299
174	1300
984	1301
5723	1302
5064	1303
3874	1304
3344	1305
9017	1306
7482	1307
161	1308
1415	1309
3481	1310
7255	1311
2780	1312
9201	1313
5740	1314
8758	1315
6317	1316
465	1317
9075	1318
8201	1319
7219	1320
304	1321
3307	1322
5539	1323
5455	1324
6754	1325
8394	1326
478	1327
6908	1328
7295	1329
8770	1330
2317	1331
423	1332
351	1333
3057	1334
9321	1335
8363	1336
3371	1337
7963	1338
8090	1339
7316	1340
3528	1341
8716	1342
2195	1343
6334	1344
2145	1345
6331	1346
7624	1347
3237	1348
7138	1349
9030	1350
7444	1351
3485	1352
4269	1353
515	1354
4011	1355
7954	1356
3865	1357
4983	1358
22	1359
3369	1360
595	1361
1835	1362
3653	1363
2550	1364
5090	1365
3202	1366
5372	1367
4110	1368
2716	1369
9088	1370
7152	1371
1129	1372
7091	1373
5089	1374
164	1375
9068	1376
9408	1377
2565	1378
5641	1379
2617	1380
4689	1381
6891	1382
7312	1383
2083	1384
6187	1385
2236	1386
824	1387
5184	1388
3517	1389
9384	1390
7851	1391
209	1392
5697	1393
1000	1394
7397	1395
4716	1396
6753	1397
6669	1398
4136	1399
237	1400
154	1401
2214	1402
3647	1403
5468	1404
5332	1405
8606	1406
4338	1407
1220	1408
2993	1409
4028	1410
7384	1411
59	1412
7232	1413
1863	1414
4664	1415
9264	1416
7623	1417
4656	1418
3315	1419
5952	1420
8349	1421
306	1422
7170	1423
2269	1424
532	1425
2290	1426
5537	1427
6853	1428
4451	1429
6397	1430
3282	1431
2040	1432
1823	1433
2433	1434
9208	1435
2826	1436
5489	1437
522	1438
4313	1439
1114	1440
710	1441
5651	1442
1456	1443
1514	1444
13	1445
2783	1446
580	1447
8273	1448
66	1449
5708	1450
6633	1451
170	1452
1044	1453
714	1454
5159	1455
8921	1456
5483	1457
2120	1458
5492	1459
940	1460
2863	1461
7697	1462
6980	1463
7378	1464
6829	1465
6625	1466
8683	1467
3031	1468
4192	1469
3028	1470
3807	1471
237	1472
7909	1473
9153	1474
3064	1475
3285	1476
3711	1477
2788	1478
6804	1479
6920	1480
5593	1481
3492	1482
6591	1483
5925	1484
6329	1485
8638	1486
275	1487
285	1488
2302	1489
8080	1490
3579	1491
3501	1492
6791	1493
8565	1494
4856	1495
286	1496
2854	1497
4260	1498
6875	1499
2459	1500
5596	1501
8028	1502
2421	1503
2764	1504
6265	1505
847	1506
7215	1507
947	1508
3352	1509
5911	1510
3803	1511
8762	1512
4018	1513
357	1514
7978	1515
8446	1516
7245	1517
6019	1518
6627	1519
4901	1520
2207	1521
8374	1522
1820	1523
5158	1524
673	1525
8114	1526
3022	1527
8190	1528
7927	1529
7966	1530
6379	1531
29	1532
8581	1533
2707	1534
5083	1535
7423	1536
3205	1537
5654	1538
422	1539
5874	1540
541	1541
4112	1542
375	1543
139	1544
6292	1545
9058	1546
3965	1547
1136	1548
2937	1549
1468	1550
7296	1551
32	1552
953	1553
8353	1554
8011	1555
2418	1556
1624	1557
8292	1558
9095	1559
9003	1560
7934	1561
5785	1562
4277	1563
4175	1564
4026	1565
1108	1566
1941	1567
7641	1568
4623	1569
6796	1570
8678	1571
9062	1572
321	1573
4080	1574
464	1575
7156	1576
3342	1577
1184	1578
496	1579
6593	1580
4643	1581
1309	1582
6685	1583
5500	1584
4064	1585
2512	1586
5522	1587
1999	1588
7616	1589
5534	1590
1495	1591
1356	1592
7043	1593
7579	1594
6975	1595
7760	1596
1852	1597
568	1598
8171	1599
8686	1600
4680	1601
6423	1602
5905	1603
6801	1604
9233	1605
3160	1606
8540	1607
6549	1608
6104	1609
5558	1610
2765	1611
6134	1612
1367	1613
7688	1614
7784	1615
8470	1616
5842	1617
1681	1618
9371	1619
1111	1620
3247	1621
7180	1622
497	1623
1266	1624
6431	1625
4841	1626
6972	1627
873	1628
8603	1629
1414	1630
1142	1631
28	1632
8145	1633
2895	1634
644	1635
7731	1636
3658	1637
5198	1638
4203	1639
8992	1640
5150	1641
4187	1642
4819	1643
1404	1644
6003	1645
1845	1646
5735	1647
4620	1648
5033	1649
5177	1650
1510	1651
1480	1652
5822	1653
2601	1654
415	1655
8586	1656
6447	1657
5505	1658
18	1659
1430	1660
2973	1661
7662	1662
6288	1663
5054	1664
5069	1665
6270	1666
7339	1667
265	1668
4653	1669
938	1670
2286	1671
4929	1672
6182	1673
8398	1674
5717	1675
7516	1676
2945	1677
5164	1678
5921	1679
199	1680
7284	1681
4561	1682
7171	1683
186	1684
68	1685
8701	1686
7341	1687
8388	1688
7632	1689
4157	1690
1339	1691
8086	1692
8229	1693
5513	1694
5936	1695
2491	1696
365	1697
8619	1698
3223	1699
4404	1700
1065	1701
8467	1702
9046	1703
1884	1704
4021	1705
4218	1706
22	1707
750	1708
6709	1709
6359	1710
1671	1711
2879	1712
1075	1713
798	1714
4135	1715
155	1716
6228	1717
2095	1718
3572	1719
8002	1720
7053	1721
511	1722
7306	1723
7016	1724
7723	1725
2329	1726
6480	1727
8729	1728
881	1729
5625	1730
8385	1731
6343	1732
7126	1733
5880	1734
2965	1735
217	1736
2866	1737
2272	1738
8893	1739
3443	1740
3363	1741
6449	1742
6340	1743
1696	1744
4134	1745
2232	1746
4960	1747
6258	1748
3979	1749
5705	1750
9368	1751
6734	1752
5371	1753
8558	1754
3697	1755
5536	1756
410	1757
5129	1758
5793	1759
1340	1760
9015	1761
6603	1762
7704	1763
6121	1764
1785	1765
2541	1766
6378	1767
6076	1768
3199	1769
2668	1770
248	1771
3654	1772
1390	1773
6925	1774
5352	1775
4988	1776
6471	1777
998	1778
7726	1779
214	1780
3	1781
6051	1782
8481	1783
7386	1784
2995	1785
9166	1786
4088	1787
2627	1788
8265	1789
2222	1790
6108	1791
2451	1792
1081	1793
3148	1794
1047	1795
6373	1796
5165	1797
6924	1798
374	1799
9156	1800
6456	1801
2036	1802
7696	1803
1233	1804
729	1805
6565	1806
6219	1807
6128	1808
5926	1809
3688	1810
6461	1811
59	1812
3562	1813
1491	1814
4775	1815
4015	1816
4577	1817
398	1818
4607	1819
5878	1820
1712	1821
3265	1822
4000	1823
154	1824
410	1825
3034	1826
6380	1827
5027	1828
6124	1829
1011	1830
5112	1831
1527	1832
6049	1833
2416	1834
5197	1835
6546	1836
7419	1837
7415	1838
608	1839
7099	1840
6222	1841
8957	1842
269	1843
9006	1844
6257	1845
3052	1846
3908	1847
3833	1848
1545	1849
5768	1850
6116	1851
1620	1852
474	1853
8904	1854
1050	1855
8609	1856
6168	1857
275	1858
6720	1859
9174	1860
6780	1861
167	1862
8915	1863
8656	1864
69	1865
8018	1866
6175	1867
5824	1868
8173	1869
5578	1870
3340	1871
3062	1872
6747	1873
1790	1874
8387	1875
6297	1876
8046	1877
4358	1878
23	1879
342	1880
1749	1881
3471	1882
2089	1883
8937	1884
7734	1885
3085	1886
167	1887
2276	1888
1283	1889
59	1890
1627	1891
7564	1892
1134	1893
7867	1894
4014	1895
1798	1896
3676	1897
2676	1898
6703	1899
2997	1900
3254	1901
5502	1902
6949	1903
6682	1904
1722	1905
2294	1906
8142	1907
6499	1908
6647	1909
6040	1910
6008	1911
6261	1912
5970	1913
6613	1914
1298	1915
7750	1916
6890	1917
4044	1918
8614	1919
1442	1920
9022	1921
8274	1922
8447	1923
4723	1924
9291	1925
7904	1926
259	1927
4865	1928
8041	1929
8785	1930
5628	1931
2779	1932
3625	1933
1818	1934
3094	1935
8750	1936
3409	1937
4374	1938
1754	1939
4631	1940
6131	1941
5417	1942
8733	1943
234	1944
1139	1945
1840	1946
7030	1947
7081	1948
6888	1949
5898	1950
7469	1951
5587	1952
2972	1953
5919	1954
9313	1955
3251	1956
1113	1957
7620	1958
2224	1959
9044	1960
313	1961
3267	1962
4990	1963
4517	1964
4975	1965
3020	1966
2678	1967
1741	1968
6052	1969
1882	1970
6267	1971
5026	1972
1946	1973
4103	1974
5480	1975
1494	1976
6140	1977
8084	1978
1646	1979
2614	1980
1377	1981
4586	1982
7732	1983
8745	1984
3292	1985
7056	1986
3796	1987
7364	1988
5951	1989
685	1990
7026	1991
851	1992
271	1993
3073	1994
2672	1995
1254	1996
7196	1997
2677	1998
730	1999
6272	2000
8515	2001
2381	2002
8193	2003
1316	2004
4917	2005
5308	2006
8441	2007
991	2008
1449	2009
7868	2010
706	2011
3270	2012
3846	2013
267	2014
6681	2015
16	2016
7350	2017
4848	2018
2452	2019
353	2020
1067	2021
3589	2022
6587	2023
407	2024
7758	2025
4144	2026
5317	2027
5302	2028
207	2029
6634	2030
4307	2031
8408	2032
1738	2033
4219	2034
3732	2035
8708	2036
5849	2037
9080	2038
7619	2039
5076	2040
6026	2041
5149	2042
400	2043
6630	2044
56	2045
8278	2046
1582	2047
7483	2048
5831	2049
2730	2050
5284	2051
8520	2052
6808	2053
354	2054
7236	2055
239	2056
3208	2057
8825	2058
1322	2059
3531	2060
1115	2061
3972	2062
4326	2063
963	2064
8779	2065
4407	2066
4068	2067
8268	2068
8718	2069
7207	2070
4293	2071
7389	2072
497	2073
8908	2074
6876	2075
8891	2076
3650	2077
484	2078
8499	2079
294	2080
2774	2081
4258	2082
5862	2083
9259	2084
1526	2085
6082	2086
423	2087
1168	2088
1304	2089
8466	2090
6939	2091
6171	2092
1944	2093
197	2094
5938	2095
8133	2096
1259	2097
2813	2098
489	2099
3875	2100
7881	2101
8122	2102
753	2103
2900	2104
4162	2105
5134	2106
4340	2107
7729	2108
8655	2109
388	2110
3605	2111
7789	2112
4630	2113
6690	2114
392	2115
1099	2116
3298	2117
604	2118
7569	2119
58	2120
7749	2121
2188	2122
3904	2123
352	2124
2186	2125
8357	2126
8047	2127
5451	2128
189	2129
7103	2130
1670	2131
4676	2132
2422	2133
5571	2134
4718	2135
4133	2136
2384	2137
23	2138
1	2139
5774	2140
6474	2141
6496	2142
7038	2143
5739	2144
4704	2145
801	2146
244	2147
4131	2148
1	2149
5467	2150
1642	2151
8710	2152
7556	2153
7946	2154
114	2155
5803	2156
5225	2157
4207	2158
280	2159
5349	2160
4712	2161
755	2162
3305	2163
7360	2164
4474	2165
8518	2166
5043	2167
6165	2168
7250	2169
2159	2170
668	2171
5681	2172
4486	2173
6874	2174
748	2175
5331	2176
1596	2177
9358	2178
216	2179
7863	2180
7373	2181
9191	2182
1830	2183
7908	2184
622	2185
2447	2186
5957	2187
7746	2188
2545	2189
9099	2190
6196	2191
7390	2192
23	2193
5827	2194
8486	2195
3546	2196
6563	2197
4598	2198
4431	2199
8646	2200
402	2201
2407	2202
2549	2203
9247	2204
2575	2205
1631	2206
3785	2207
6957	2208
5634	2209
509	2210
978	2211
3278	2212
9315	2213
5703	2214
1689	2215
3553	2216
5155	2217
7135	2218
6043	2219
2791	2220
7512	2221
4456	2222
8938	2223
4397	2224
1023	2225
852	2226
3750	2227
5673	2228
5885	2229
1	2230
7070	2231
5953	2232
6244	2233
500	2234
5094	2235
1307	2236
6518	2237
16	2238
204	2239
4518	2240
5814	2241
3053	2242
7034	2243
995	2244
44	2245
9137	2246
4047	2247
8036	2248
8567	2249
1181	2250
5877	2251
5669	2252
3921	2253
2085	2254
6576	2255
8331	2256
8396	2257
5376	2258
3735	2259
5570	2260
5658	2261
3294	2262
6493	2263
6191	2264
5777	2265
4690	2266
9366	2267
4066	2268
236	2269
3004	2270
8157	2271
298	2272
8713	2273
4446	2274
6840	2275
7828	2276
2114	2277
9097	2278
3887	2279
6628	2280
1901	2281
8751	2282
7288	2283
3139	2284
5379	2285
4471	2286
1069	2287
2758	2288
180	2289
9187	2290
1898	2291
1170	2292
5986	2293
5300	2294
6199	2295
1361	2296
9197	2297
1	2298
5017	2299
1051	2300
2698	2301
4697	2302
101	2303
248	2304
4744	2305
185	2306
8805	2307
1978	2308
7120	2309
1891	2310
4348	2311
7590	2312
8788	2313
6152	2314
5988	2315
4375	2316
870	2317
4268	2318
8181	2319
4502	2320
9276	2321
2966	2322
8112	2323
1467	2324
8279	2325
4635	2326
1193	2327
140	2328
5547	2329
3399	2330
3335	2331
3181	2332
4253	2333
5235	2334
1483	2335
1286	2336
8033	2337
5865	2338
3719	2339
5538	2340
5313	2341
7803	2342
350	2343
2576	2344
32	2345
2121	2346
1543	2347
2153	2348
3568	2349
4923	2350
5010	2351
3839	2352
543	2353
70	2354
3898	2355
8097	2356
1733	2357
4541	2358
3490	2359
6477	2360
7434	2361
4937	2362
8108	2363
1643	2364
6786	2365
1769	2366
495	2367
9221	2368
2646	2369
2984	2370
4903	2371
3538	2372
6245	2373
7722	2374
2982	2375
5961	2376
8735	2377
9239	2378
6285	2379
4742	2380
1746	2381
577	2382
1447	2383
6398	2384
6020	2385
4706	2386
219	2387
5888	2388
5445	2389
2571	2390
5462	2391
6327	2392
6893	2393
5635	2394
3209	2395
6495	2396
6118	2397
1860	2398
9314	2399
6300	2400
5724	2401
6467	2402
3243	2403
9284	2404
6569	2405
2518	2406
1481	2407
566	2408
8307	2409
3288	2410
3218	2411
1826	2412
4596	2413
7629	2414
5266	2415
7985	2416
6750	2417
6022	2418
2910	2419
8685	2420
9370	2421
6357	2422
6363	2423
35	2424
6955	2425
4646	2426
1690	2427
5624	2428
7920	2429
3220	2430
3703	2431
4194	2432
709	2433
1261	2434
8187	2435
6691	2436
43	2437
510	2438
6044	2439
8081	2440
6645	2441
387	2442
1160	2443
1408	2444
7639	2445
8241	2446
447	2447
4642	2448
9394	2449
6439	2450
1275	2451
9261	2452
6650	2453
51	2454
8829	2455
7747	2456
8670	2457
7674	2458
9363	2459
385	2460
737	2461
5912	2462
3891	2463
1669	2464
4864	2465
3850	2466
5762	2467
6075	2468
890	2469
1243	2470
5426	2471
1974	2472
473	2473
3162	2474
7900	2475
2845	2476
8748	2477
8694	2478
1930	2479
887	2480
7125	2481
4032	2482
5941	2483
2819	2484
3635	2485
1101	2486
5731	2487
5618	2488
7218	2489
4476	2490
1548	2491
393	2492
2331	2493
8527	2494
5378	2495
3279	2496
5840	2497
4833	2498
460	2499
408	2500
128	2501
8246	2502
8418	2503
6469	2504
5135	2505
7079	2506
6299	2507
3609	2508
4701	2509
2005	2510
1088	2511
1239	2512
9379	2513
340	2514
3945	2515
6424	2516
2135	2517
505	2518
1213	2519
7223	2520
4399	2521
9019	2522
7089	2523
7856	2524
8411	2525
611	2526
1080	2527
1907	2528
6310	2529
1604	2530
3493	2531
8502	2532
6774	2533
653	2534
6376	2535
3145	2536
7253	2537
453	2538
3063	2539
318	2540
3775	2541
1324	2542
8296	2543
876	2544
37	2545
409	2546
3387	2547
6013	2548
523	2549
4065	2550
6802	2551
2568	2552
6386	2553
1905	2554
5162	2555
2952	2556
5850	2557
2476	2558
4678	2559
1851	2560
204	2561
549	2562
7645	2563
3334	2564
223	2565
7455	2566
4951	2567
4628	2568
1059	2569
1203	2570
6462	2571
7583	2572
6870	2573
3958	2574
7006	2575
7268	2576
1772	2577
8879	2578
7391	2579
3083	2580
7371	2581
5450	2582
2590	2583
1284	2584
1817	2585
1626	2586
260	2587
3932	2588
3468	2589
4221	2590
4025	2591
2014	2592
291	2593
4953	2594
7457	2595
6415	2596
144	2597
9002	2598
5018	2599
9269	2600
2235	2601
94	2602
4947	2603
1657	2604
8065	2605
4447	2606
5670	2607
7311	2608
8335	2609
1623	2610
1097	2611
5080	2612
6969	2613
279	2614
3361	2615
1258	2616
8605	2617
6015	2618
6665	2619
1488	2620
8746	2621
4006	2622
791	2623
676	2624
8501	2625
5304	2626
2808	2627
5577	2628
6428	2629
9376	2630
62	2631
4728	2632
7359	2633
4547	2634
8150	2635
7289	2636
9265	2637
1848	2638
6139	2639
5524	2640
8645	2641
1094	2642
5252	2643
3476	2644
4943	2645
9292	2646
2670	2647
2711	2648
9303	2649
241	2650
783	2651
5	2652
3902	2653
38	2654
1464	2655
6885	2656
5861	2657
6269	2658
449	2659
6819	2660
6058	2661
3047	2662
2436	2663
7885	2664
2700	2665
8630	2666
6820	2667
8636	2668
5650	2669
7618	2670
7160	2671
8647	2672
3737	2673
7802	2674
3595	2675
9167	2676
1676	2677
3003	2678
1761	2679
3593	2680
4544	2681
4795	2682
986	2683
3888	2684
3746	2685
3263	2686
4210	2687
2841	2688
1654	2689
4308	2690
4168	2691
8044	2692
2950	2693
5290	2694
2718	2695
5923	2696
7345	2697
4416	2698
4334	2699
6514	2700
7075	2701
4055	2702
6111	2703
2266	2704
1497	2705
4425	2706
9228	2707
740	2708
3067	2709
8162	2710
2277	2711
1605	2712
252	2713
3884	2714
8599	2715
9281	2716
3768	2717
438	2718
8425	2719
5461	2720
859	2721
3027	2722
4731	2723
1784	2724
3752	2725
7187	2726
4886	2727
86	2728
5484	2729
366	2730
4490	2731
3066	2732
545	2733
215	2734
7646	2735
4748	2736
3997	2737
9103	2738
846	2739
6251	2740
3845	2741
2644	2742
2200	2743
4940	2744
6253	2745
3502	2746
8666	2747
4948	2748
8968	2749
9336	2750
5436	2751
8101	2752
338	2753
2827	2754
4395	2755
4869	2756
303	2757
3310	2758
7116	2759
5249	2760
2141	2761
948	2762
4987	2763
168	2764
5752	2765
8507	2766
1465	2767
2110	2768
6067	2769
4959	2770
4600	2771
3007	2772
3196	2773
6417	2774
4760	2775
891	2776
4985	2777
8075	2778
3293	2779
7874	2780
5712	2781
7212	2782
6153	2783
3893	2784
402	2785
6149	2786
7487	2787
3989	2788
5615	2789
6544	2790
1585	2791
5403	2792
5469	2793
1862	2794
2478	2795
6831	2796
3694	2797
9026	2798
6740	2799
9122	2800
2487	2801
5057	2802
3055	2803
1896	2804
885	2805
4550	2806
9119	2807
5243	2808
7157	2809
4495	2810
314	2811
6527	2812
60	2813
17	2814
1983	2815
2723	2816
4327	2817
2980	2818
6558	2819
11	2820
4781	2821
7238	2822
416	2823
5894	2824
455	2825
2055	2826
794	2827
2719	2828
2058	2829
2031	2830
5240	2831
255	2832
4674	2833
4605	2834
6599	2835
3870	2836
129	2837
8505	2838
5820	2839
4384	2840
7106	2841
9182	2842
605	2843
8875	2844
2354	2845
7739	2846
6169	2847
8524	2848
7642	2849
8321	2850
8378	2851
7725	2852
4108	2853
3914	2854
2322	2855
3284	2856
4859	2857
3585	2858
4278	2859
3503	2860
8742	2861
2492	2862
1363	2863
4854	2864
429	2865
3136	2866
4750	2867
7627	2868
8062	2869
7962	2870
4479	2871
1016	2872
4945	2873
5630	2874
8612	2875
9035	2876
3491	2877
2794	2878
3622	2879
6254	2880
8343	2881
914	2882
367	2883
9236	2884
9023	2885
5392	2886
5680	2887
7606	2888
369	2889
2824	2890
3513	2891
3377	2892
6450	2893
8682	2894
7173	2895
3396	2896
3588	2897
6974	2898
8362	2899
1496	2900
617	2901
5136	2902
7242	2903
331	2904
8519	2905
2006	2906
8239	2907
462	2908
3722	2909
503	2910
1060	2911
3274	2912
9334	2913
1305	2914
8991	2915
1617	2916
317	2917
6446	2918
7757	2919
6520	2920
3596	2921
8183	2922
6981	2923
3990	2924
438	2925
439	2926
2810	2927
3411	2928
1846	2929
329	2930
2839	2931
772	2932
1045	2933
7895	2934
7730	2935
1550	2936
932	2937
1123	2938
179	2939
4485	2940
3059	2941
2078	2942
2825	2943
7427	2944
5279	2945
241	2946
4733	2947
830	2948
459	2949
1303	2950
3348	2951
4299	2952
1405	2953
5604	2954
4584	2955
1953	2956
1538	2957
5684	2958
8940	2959
4955	2960
5413	2961
2	2962
5393	2963
5917	2964
231	2965
1639	2966
7527	2967
7651	2968
2987	2969
7292	2970
6481	2971
417	2972
8843	2973
2753	2974
2789	2975
7269	2976
4261	2977
8512	2978
3039	2979
626	2980
9013	2981
7719	2982
4049	2983
6995	2984
57	2985
7111	2986
2591	2987
8994	2988
5065	2989
148	2990
5789	2991
5095	2992
2778	2993
5288	2994
5516	2995
6166	2996
6859	2997
9093	2998
2080	2999
316	3000
7488	3001
6208	3002
1189	3003
5772	3004
4070	3005
3533	3006
8024	3007
1072	3008
7001	3009
340	3010
4683	3011
30	3012
954	3013
960	3014
6163	3015
4030	3016
7443	3017
1665	3018
3567	3019
2633	3020
6743	3021
4823	3022
344	3023
4763	3024
2652	3025
5800	3026
1878	3027
212	3028
8427	3029
81	3030
8692	3031
173	3032
1702	3033
9295	3034
4413	3035
8359	3036
312	3037
7149	3038
6096	3039
592	3040
5275	3041
8929	3042
7813	3043
476	3044
1429	3045
2081	3046
6173	3047
5091	3048
3649	3049
8780	3050
8691	3051
6660	3052
8355	3053
1865	3054
5110	3055
7224	3056
363	3057
4933	3058
176	3059
2598	3060
6677	3061
8658	3062
941	3063
2536	3064
4667	3065
3193	3066
4459	3067
2673	3068
1351	3069
5668	3070
2417	3071
7050	3072
252	3073
8037	3074
1297	3075
2897	3076
5520	3077
6889	3078
8534	3079
7077	3080
2911	3081
4935	3082
2	3083
6445	3084
8073	3085
6846	3086
2371	3087
107	3088
5314	3089
1786	3090
4998	3091
343	3092
6246	3093
8945	3094
4853	3095
7128	3096
8513	3097
2227	3098
121	3099
4247	3100
16	3101
3114	3102
2847	3103
6271	3104
4594	3105
1961	3106
5434	3107
2759	3108
4941	3109
1296	3110
9079	3111
504	3112
6542	3113
4111	3114
959	3115
980	3116
3975	3117
1354	3118
5541	3119
7714	3120
4145	3121
7594	3122
169	3123
6220	3124
2804	3125
5892	3126
7523	3127
6150	3128
1653	3129
6186	3130
8164	3131
8544	3132
5232	3133
6172	3134
8966	3135
6596	3136
4803	3137
8121	3138
231	3139
8344	3140
235	3141
8368	3142
1418	3143
7950	3144
1679	3145
9356	3146
63	3147
8324	3148
2864	3149
2860	3150
2717	3151
3740	3152
4387	3153
1799	3154
7596	3155
8566	3156
2150	3157
7308	3158
8570	3159
2221	3160
6221	3161
4084	3162
2074	3163
8996	3164
9007	3165
1506	3166
7648	3167
8076	3168
5939	3169
4608	3170
9129	3171
2050	3172
2749	3173
5364	3174
564	3175
3574	3176
3505	3177
4962	3178
5229	3179
6348	3180
4789	3181
9339	3182
6112	3183
5838	3184
274	3185
6060	3186
4783	3187
2704	3188
4652	3189
6857	3190
7377	3191
4857	3192
466	3193
3365	3194
774	3195
6698	3196
7445	3197
15	3198
5629	3199
6915	3200
211	3201
7667	3202
4777	3203
3637	3204
5167	3205
7315	3206
1829	3207
2650	3208
7017	3209
4855	3210
3426	3211
2348	3212
8423	3213
2439	3214
3916	3215
635	3216
7327	3217
7328	3218
7334	3219
2999	3220
4677	3221
7939	3222
1698	3223
13	3224
8243	3225
5320	3226
6320	3227
2589	3228
5589	3229
7227	3230
5998	3231
1911	3232
2345	3233
6457	3234
7344	3235
1027	3236
4703	3237
5790	3238
2556	3239
2279	3240
6832	3241
3739	3242
4176	3243
7965	3244
8116	3245
8428	3246
9188	3247
1399	3248
4981	3249
177	3250
2675	3251
8419	3252
7857	3253
4671	3254
6296	3255
7546	3256
5038	3257
862	3258
9378	3259
4228	3260
2621	3261
636	3262
4412	3263
1832	3264
5212	3265
4398	3266
6712	3267
7982	3268
7297	3269
205	3270
5794	3271
1745	3272
2030	3273
1291	3274
54	3275
6538	3276
1020	3277
4295	3278
5644	3279
8919	3280
648	3281
5622	3282
9310	3283
4045	3284
7702	3285
5975	3286
7878	3287
8300	3288
2524	3289
7931	3290
8289	3291
5035	3292
8972	3293
7471	3294
6068	3295
8456	3296
1711	3297
4847	3298
5116	3299
5079	3300
8128	3301
3900	3302
4034	3303
6962	3304
8600	3305
4916	3306
6504	3307
2812	3308
840	3309
4043	3310
5471	3311
3450	3312
6226	3313
7958	3314
9206	3315
6881	3316
2573	3317
2836	3318
6094	3319
5207	3320
7850	3321
2344	3322
4489	3323
3532	3324
8806	3325
8267	3326
187	3327
2603	3328
3360	3329
6497	3330
2423	3331
2002	3332
8410	3333
234	3334
2850	3335
8791	3336
1924	3337
1015	3338
9243	3339
1831	3340
6306	3341
3107	3342
9353	3343
6238	3344
321	3345
1365	3346
5743	3347
7209	3348
8986	3349
4567	3350
3494	3351
1608	3352
4905	3353
483	3354
5362	3355
176	3356
836	3357
6910	3358
195	3359
374	3360
811	3361
3976	3362
1699	3363
8346	3364
8347	3365
1567	3366
2405	3367
5859	3368
91	3369
493	3370
1227	3371
5209	3372
9402	3373
6174	3374
8573	3375
4428	3376
1165	3377
6464	3378
8726	3379
9326	3380
5319	3381
6864	3382
5955	3383
3927	3384
3252	3385
3318	3386
6606	3387
2618	3388
6713	3389
4229	3390
447	3391
243	3392
8804	3393
1847	3394
4503	3395
796	3396
4756	3397
4801	3398
1435	3399
769	3400
8345	3401
7716	3402
1388	3403
311	3404
2612	3405
458	3406
9345	3407
2510	3408
14	3409
48	3410
1270	3411
7318	3412
793	3413
838	3414
7913	3415
6654	3416
2639	3417
6132	3418
3816	3419
854	3420
6848	3421
2206	3422
5202	3423
1989	3424
6757	3425
3726	3426
5581	3427
1247	3428
3526	3429
7508	3430
4421	3431
5632	3432
5404	3433
2970	3434
9224	3435
4254	3436
1109	3437
5452	3438
8012	3439
2242	3440
7396	3441
4389	3442
1443	3443
3179	3444
5676	3445
4056	3446
1750	3447
34	3448
1664	3449
1825	3450
9354	3451
8390	3452
8165	3453
7270	3454
1012	3455
7387	3456
2818	3457
30	3458
816	3459
386	3460
9055	3461
51	3462
5782	3463
7329	3464
7684	3465
718	3466
1655	3467
4770	3468
3594	3469
8946	3470
1966	3471
2092	3472
9024	3473
1010	3474
7891	3475
739	3476
6391	3477
141	3478
421	3479
765	3480
65	3481
5485	3482
3300	3483
5258	3484
8422	3485
3953	3486
8000	3487
6064	3488
4223	3489
2921	3490
9133	3491
6025	3492
4077	3493
8504	3494
8907	3495
5108	3496
7671	3497
8212	3498
270	3499
9386	3500
803	3501
8043	3502
8837	3503
1421	3504
7783	3505
3033	3506
8066	3507
5787	3508
6736	3509
3897	3510
7192	3511
3457	3512
1498	3513
464	3514
434	3515
1183	3516
6443	3517
416	3518
2392	3519
9253	3520
6407	3521
8644	3522
7677	3523
2012	3524
6508	3525
5449	3526
395	3527
193	3528
2196	3529
5237	3530
8469	3531
158	3532
5348	3533
2703	3534
7252	3535
7141	3536
3422	3537
3382	3538
3749	3539
454	3540
7240	3541
792	3542
9154	3543
8556	3544
418	3545
696	3546
491	3547
5270	3548
307	3549
1903	3550
4279	3551
1347	3552
5817	3553
2448	3554
2658	3555
8078	3556
3250	3557
5614	3558
6752	3559
4272	3560
8828	3561
4866	3562
3824	3563
5163	3564
1632	3565
6442	3566
6902	3567
4297	3568
6843	3569
475	3570
5060	3571
7584	3572
3974	3573
3499	3574
5482	3575
3306	3576
9178	3577
488	3578
284	3579
8440	3580
1440	3581
1752	3582
1662	3583
5339	3584
3708	3585
3554	3586
1588	3587
7406	3588
7994	3589
8903	3590
6066	3591
2247	3592
2157	3593
628	3594
4341	3595
4106	3596
6787	3597
2971	3598
94	3599
1093	3600
2177	3601
634	3602
7601	3603
4922	3604
3880	3605
6533	3606
242	3607
2508	3608
6080	3609
254	3610
6583	3611
1240	3612
7013	3613
8690	3614
7971	3615
3226	3616
7938	3617
4519	3618
3570	3619
26	3620
5551	3621
1409	3622
8405	3623
5203	3624
8767	3625
5263	3626
7917	3627
9380	3628
4139	3629
6932	3630
2111	3631
2622	3632
6788	3633
8392	3634
2323	3635
2806	3636
7660	3637
4426	3638
3952	3639
979	3640
90	3641
8956	3642
5389	3643
2555	3644
7581	3645
4970	3646
1219	3647
6547	3648
2889	3649
2656	3650
1232	3651
8823	3652
5691	3653
2129	3654
1915	3655
7782	3656
4900	3657
7155	3658
6577	3659
716	3660
1009	3661
8627	3662
5643	3663
1834	3664
1940	3665
4054	3666
5363	3667
5779	3668
7513	3669
6119	3670
1110	3671
5333	3672
194	3673
671	3674
3623	3675
8924	3676
3024	3677
2909	3678
933	3679
106	3680
3873	3681
118	3682
8671	3683
2830	3684
61	3685
1201	3686
3634	3687
7754	3688
7918	3689
3448	3690
534	3691
1780	3692
6629	3693
9364	3694
7924	3695
8168	3696
5227	3697
2483	3698
299	3699
3009	3700
6346	3701
6374	3702
6183	3703
7011	3704
4603	3705
7585	3706
5346	3707
5009	3708
3751	3709
2401	3710
10	3711
8003	3712
6658	3713
2308	3714
9180	3715
4624	3716
1637	3717
7145	3718
3219	3719
7923	3720
1562	3721
3464	3722
4097	3723
4950	3724
643	3725
3941	3726
6188	3727
6945	3728
8744	3729
9170	3730
5188	3731
251	3732
1459	3733
2883	3734
4167	3735
7082	3736
256	3737
9213	3738
1086	3739
9001	3740
4971	3741
9082	3742
5013	3743
188	3744
2104	3745
45	3746
3928	3747
7877	3748
6637	3749
6089	3750
4826	3751
381	3752
9296	3753
5420	3754
5360	3755
2190	3756
2404	3757
6595	3758
462	3759
3403	3760
3805	3761
8160	3762
6555	3763
524	3764
4968	3765
5907	3766
4729	3767
378	3768
7707	3769
7805	3770
7979	3771
8448	3772
1407	3773
8310	3774
215	3775
2043	3776
6764	3777
1853	3778
7687	3779
140	3780
8989	3781
3929	3782
4693	3783
2073	3784
4058	3785
4746	3786
73	3787
3702	3788
105	3789
4639	3790
8855	3791
336	3792
8022	3793
5784	3794
198	3795
5832	3796
4991	3797
5475	3798
180	3799
421	3800
935	3801
5443	3802
5848	3803
2176	3804
8207	3805
49	3806
1382	3807
5144	3808
303	3809
174	3810
7496	3811
4460	3812
7544	3813
7743	3814
1810	3815
9216	3816
7797	3817
5750	3818
4086	3819
7203	3820
5109	3821
7352	3822
8071	3823
8060	3824
8800	3825
8433	3826
414	3827
72	3828
1125	3829
6588	3830
7937	3831
44	3832
7321	3833
3600	3834
7020	3835
7905	3836
6748	3837
9021	3838
103	3839
8248	3840
1594	3841
553	3842
8870	3843
4256	3844
6345	3845
4529	3846
2525	3847
5432	3848
5758	3849
8166	3850
2907	3851
915	3852
2757	3853
1558	3854
2580	3855
4501	3856
5044	3857
108	3858
6792	3859
425	3860
9042	3861
8841	3862
6997	3863
6663	3864
122	3865
2253	3866
1188	3867
3346	3868
2532	3869
1955	3870
5530	3871
3516	3872
4735	3873
3271	3874
125	3875
6959	3876
190	3877
5219	3878
7866	3879
2378	3880
4394	3881
3229	3882
7992	3883
4129	3884
3213	3885
2594	3886
638	3887
1726	3888
8194	3889
3428	3890
7630	3891
2542	3892
5909	3893
6670	3894
3203	3895
5868	3896
1742	3897
7490	3898
569	3899
1775	3900
6316	3901
8880	3902
5007	3903
6479	3904
5423	3905
5649	3906
8506	3907
3128	3908
7014	3909
7100	3910
9400	3911
2484	3912
7248	3913
2944	3914
4367	3915
892	3916
8548	3917
3353	3918
1386	3919
2815	3920
2140	3921
2599	3922
5487	3923
7768	3924
6418	3925
728	3926
8341	3927
2715	3928
6021	3929
8443	3930
7277	3931
5024	3932
6813	3933
1766	3934
1064	3935
7409	3936
8253	3937
700	3938
184	3939
2661	3940
2100	3941
8196	3942
8584	3943
1805	3944
305	3945
6755	3946
7959	3947
4736	3948
289	3949
969	3950
9031	3951
4582	3952
2182	3953
5638	3954
8794	3955
1828	3956
4507	3957
3712	3958
6795	3959
8978	3960
3788	3961
3186	3962
2597	3963
1675	3964
4684	3965
8312	3966
6586	3967
4798	3968
28	3969
4698	3970
2034	3971
3667	3972
9107	3973
1812	3974
8325	3975
6029	3976
9053	3977
7282	3978
5369	3979
4645	3980
6176	3981
7294	3982
6453	3983
2648	3984
4627	3985
5582	3986
4472	3987
9393	3988
4883	3989
6206	3990
2696	3991
273	3992
1098	3993
6321	3994
217	3995
4844	3996
2892	3997
232	3998
39	3999
5194	4000
967	4001
100	4002
2363	4003
2956	4004
5601	4005
4082	4006
8230	4007
9149	4008
6688	4009
8342	4010
1383	4011
468	4012
3598	4013
9205	4014
6239	4015
8964	4016
4342	4017
1349	4018
6837	4019
4042	4020
3575	4021
5061	4022
277	4023
4810	4024
5631	4025
3911	4026
3786	4027
990	4028
2368	4029
8159	4030
9359	4031
5137	4032
8322	4033
7921	4034
7728	4035
4534	4036
1380	4037
5995	4038
6406	4039
2385	4040
5872	4041
8711	4042
388	4043
8115	4044
4390	4045
3520	4046
6371	4047
5104	4048
7285	4049
7083	4050
5205	4051
2410	4052
40	4053
2831	4054
5602	4055
1875	4056
9226	4057
1890	4058
3149	4059
2268	4060
5491	4061
6326	4062
8660	4063
9306	4064
9322	4065
8821	4066
6440	4067
6545	4068
8082	4069
1078	4070
8287	4071
435	4072
1767	4073
4142	4074
8707	4075
2613	4076
6091	4077
1635	4078
8299	4079
3933	4080
5309	4081
5058	4082
8987	4083
7032	4084
8476	4085
3255	4086
6695	4087
185	4088
3720	4089
1212	4090
3512	4091
3431	4092
2725	4093
5286	4094
8498	4095
4098	4096
7009	4097
7502	4098
2657	4099
3321	4100
8302	4101
3330	4102
777	4103
3671	4104
687	4105
7401	4106
6210	4107
226	4108
1630	4109
4117	4110
2057	4111
514	4112
6213	4113
3557	4114
4907	4115
3061	4116
9331	4117
6451	4118
463	4119
3518	4120
4323	4121
2435	4122
220	4123
1842	4124
1958	4125
6102	4126
7197	4127
4722	4128
579	4129
6676	4130
433	4131
7293	4132
6200	4133
8983	4134
538	4135
4007	4136
5521	4137
5114	4138
109	4139
9301	4140
3959	4141
8473	4142
8259	4143
126	4144
293	4145
3439	4146
1246	4147
9263	4148
5755	4149
6037	4150
8330	4151
324	4152
8061	4153
2143	4154
6896	4155
4780	4156
3018	4157
207	4158
3115	4159
834	4160
5608	4161
8792	4162
342	4163
6988	4164
7888	4165
878	4166
8951	4167
4233	4168
3192	4169
3591	4170
1229	4171
1267	4172
7102	4173
144	4174
1857	4175
3133	4176
8169	4177
2468	4178
8188	4179
6383	4180
2939	4181
7440	4182
5493	4183
4513	4184
8555	4185
175	4186
2990	4187
2151	4188
2951	4189
8850	4190
3743	4191
4369	4192
2126	4193
6693	4194
6333	4195
5307	4196
5347	4197
4071	4198
1373	4199
9118	4200
8595	4201
5640	4202
32	4203
8397	4204
5994	4205
2223	4206
6263	4207
9385	4208
7822	4209
6069	4210
5982	4211
867	4212
3837	4213
244	4214
3025	4215
7195	4216
559	4217
347	4218
115	4219
434	4220
7262	4221
9362	4222
2750	4223
4665	4224
2229	4225
5195	4226
2501	4227
5208	4228
2557	4229
8589	4230
1057	4231
1747	4232
2946	4233
807	4234
8249	4235
2729	4236
4484	4237
4100	4238
1395	4239
6498	4240
699	4241
3826	4242
5886	4243
8864	4244
117	4245
55	4246
3035	4247
2131	4248
383	4249
3530	4250
6372	4251
2602	4252
1962	4253
5025	4254
3584	4255
6943	4256
6954	4257
6388	4258
4383	4259
4284	4260
4549	4261
3918	4262
7589	4263
2752	4264
1076	4265
279	4266
3002	4267
3611	4268
8235	4269
7854	4270
6905	4271
7875	4272
9158	4273
6279	4274
5154	4275
2339	4276
420	4277
376	4278
8007	4279
1194	4280
2202	4281
1546	4282
6255	4283
8664	4284
9372	4285
4885	4286
5440	4287
4895	4288
1934	4289
7066	4290
7290	4291
7928	4292
4152	4293
5448	4294
27	4295
5545	4296
931	4297
5928	4298
1569	4299
1950	4300
5845	4301
4776	4302
842	4303
8714	4304
348	4305
5113	4306
4083	4307
1036	4308
8795	4309
4979	4310
4003	4311
4597	4312
2079	4313
2009	4314
1314	4315
425	4316
5416	4317
8769	4318
5295	4319
747	4320
4566	4321
4762	4322
4298	4323
6256	4324
3800	4325
9123	4326
8453	4327
6491	4328
4876	4329
384	4330
4614	4331
2962	4332
288	4333
971	4334
4271	4335
2274	4336
8869	4337
6437	4338
6231	4339
5903	4340
146	4341
5711	4342
3856	4343
5532	4344
7317	4345
4160	4346
5528	4347
5282	4348
337	4349
2526	4350
218	4351
3756	4352
1843	4353
6783	4354
203	4355
150	4356
8199	4357
1719	4358
6689	4359
7261	4360
7532	4361
2891	4362
286	4363
908	4364
7281	4365
4356	4366
9164	4367
574	4368
536	4369
4831	4370
8172	4371
7222	4372
319	4373
7609	4374
6259	4375
9320	4376
330	4377
1813	4378
8301	4379
7065	4380
1771	4381
7405	4382
7031	4383
4213	4384
6298	4385
9373	4386
3016	4387
912	4388
2174	4389
210	4390
2	4391
1539	4392
6148	4393
7115	4394
7367	4395
498	4396
494	4397
4289	4398
5374	4399
2869	4400
8263	4401
8298	4402
856	4403
2833	4404
3825	4405
2372	4406
4163	4407
2820	4408
4439	4409
6476	4410
498	4411
7652	4412
93	4413
9177	4414
7393	4415
832	4416
8329	4417
5230	4418
8256	4419
6971	4420
3718	4421
2731	4422
6800	4423
5512	4424
7871	4425
8450	4426
8136	4427
864	4428
4894	4429
4871	4430
2412	4431
4081	4432
7049	4433
6162	4434
8523	4435
2738	4436
1401	4437
7330	4438
76	4439
5683	4440
3045	4441
1803	4442
3391	4443
403	4444
1007	4445
4392	4446
2361	4447
46	4448
4400	4449
957	4450
1927	4451
8437	4452
3813	4453
3630	4454
6940	4455
7348	4456
8602	4457
4180	4458
5	4459
2233	4460
6275	4461
218	4462
4465	4463
4964	4464
7363	4465
4510	4466
5204	4467
4114	4468
2655	4469
3362	4470
262	4471
896	4472
8064	4473
3214	4474
5375	4475
5092	4476
9198	4477
8922	4478
4051	4479
6101	4480
1663	4481
7158	4482
2125	4483
69	4484
9324	4485
353	4486
4873	4487
6381	4488
7139	4489
3812	4490
6731	4491
4711	4492
151	4493
583	4494
1541	4495
5942	4496
1534	4497
3037	4498
4890	4499
4343	4500
4199	4501
5958	4502
1781	4503
3996	4504
3633	4505
3510	4506
3795	4507
9196	4508
4551	4509
5039	4510
3956	4511
8985	4512
8189	4513
268	4514
2088	4515
6568	4516
2367	4517
5356	4518
669	4519
3051	4520
4843	4521
1732	4522
6065	4523
5481	4524
1032	4525
459	4526
4319	4527
5322	4528
8198	4529
8635	4530
1026	4531
463	4532
4536	4533
9147	4534
7257	4535
7886	4536
817	4537
7967	4538
7188	4539
5361	4540
4259	4541
2506	4542
339	4543
8942	4544
3755	4545
3440	4546
5128	4547
397	4548
4371	4549
5056	4550
7952	4551
2016	4552
508	4553
2304	4554
1312	4555
4281	4556
2464	4557
8624	4558
8262	4559
5373	4560
6063	4561
4784	4562
2775	4563
8056	4564
1753	4565
7538	4566
3119	4567
526	4568
4820	4569
1028	4570
3269	4571
6033	4572
537	4573
3230	4574
3508	4575
4347	4576
8126	4577
1764	4578
1919	4579
1450	4580
5012	4581
1914	4582
9125	4583
2619	4584
7249	4585
5627	4586
2977	4587
7366	4588
6036	4589
9282	4590
1708	4591
2919	4592
3312	4593
4957	4594
8768	4595
1551	4596
1376	4597
5098	4598
2015	4599
4067	4600
3686	4601
3753	4602
4949	4603
7184	4604
1169	4605
1793	4606
8654	4607
7012	4608
6871	4609
8865	4610
8757	4611
501	4612
3936	4613
4616	4614
4170	4615
2947	4616
7680	4617
7029	4618
8640	4619
12	4620
1499	4621
4148	4622
3044	4623
6917	4624
4351	4625
2390	4626
2726	4627
4587	4628
1528	4629
6436	4630
6562	4631
7960	4632
8836	4633
1463	4634
4360	4635
6605	4636
2930	4637
1650	4638
4321	4639
2521	4640
5386	4641
3339	4642
8409	4643
1735	4644
6553	4645
6886	4646
5857	4647
4849	4648
3540	4649
8925	4650
139	4651
162	4652
6738	4653
4454	4654
1599	4655
3105	4656
3156	4657
2052	4658
2238	4659
8934	4660
4198	4661
5612	4662
300	4663
4568	4664
4936	4665
8407	4666
6195	4667
6482	4668
1018	4669
3693	4670
848	4671
975	4672
7598	4673
4364	4674
2781	4675
8560	4676
1578	4677
6046	4678
6478	4679
7370	4680
5	4681
1889	4682
3185	4683
4184	4684
2275	4685
3754	4686
19	4687
5394	4688
141	4689
7385	4690
1611	4691
8138	4692
1102	4693
6455	4694
818	4695
3074	4696
5133	4697
1975	4698
9135	4699
8430	4700
6336	4701
7882	4702
9100	4703
1245	4704
1661	4705
5174	4706
1678	4707
619	4708
2024	4709
8873	4710
2337	4711
2797	4712
53	4713
8143	4714
3761	4715
362	4716
1107	4717
8487	4718
4710	4719
8651	4720
201	4721
546	4722
8704	4723
8910	4724
7072	4725
3821	4726
9286	4727
7247	4728
7168	4729
4802	4730
2685	4731
4734	4732
72	4733
9144	4734
2904	4735
3301	4736
4621	4737
8009	4738
925	4739
6624	4740
1920	4741
3042	4742
2858	4743
3048	4744
6308	4745
6816	4746
2489	4747
3511	4748
2605	4749
2712	4750
9060	4751
3859	4752
99	4753
1956	4754
1353	4755
61	4756
678	4757
2630	4758
1394	4759
3556	4760
9220	4761
2486	4762
3244	4763
4113	4764
4023	4765
4805	4766
9238	4767
9029	4768
7724	4769
1392	4770
4435	4771
5689	4772
5881	4773
1149	4774
7701	4775
7926	4776
1434	4777
5620	4778
7524	4779
3147	4780
3901	4781
3132	4782
8069	4783
335	4784
7700	4785
972	4786
5761	4787
2148	4788
898	4789
2669	4790
3925	4791
2181	4792
5182	4793
7436	4794
6561	4795
8178	4796
1033	4797
151	4798
1916	4799
2805	4800
2210	4801
624	4802
5099	4803
3514	4804
7998	4805
2551	4806
5871	4807
2481	4808
3495	4809
8591	4810
7276	4811
8811	4812
8158	4813
4846	4814
8455	4815
5910	4816
6143	4817
6010	4818
2770	4819
1925	4820
7663	4821
3757	4822
8221	4823
7852	4824
1957	4825
2180	4826
4041	4827
3079	4828
3404	4829
8724	4830
5179	4831
7136	4832
7537	4833
6395	4834
202	4835
5265	4836
5143	4837
2553	4838
2429	4839
7976	4840
399	4841
3198	4842
3158	4843
9033	4844
1040	4845
5125	4846
8435	4847
6710	4848
8851	4849
4915	4850
4008	4851
3390	4852
6438	4853
254	4854
7142	4855
2701	4856
6782	4857
8238	4858
1005	4859
155	4860
208	4861
9401	4862
5253	4863
921	4864
4248	4865
5142	4866
584	4867
5943	4868
1943	4869
5652	4870
4768	4871
6248	4872
3304	4873
2683	4874
9084	4875
2137	4876
5311	4877
3235	4878
24	4879
7418	4880
3731	4881
2316	4882
1445	4883
6867	4884
6328	4885
8055	4886
826	4887
3488	4888
5725	4889
38	4890
5096	4891
2376	4892
7267	4893
6869	4894
2424	4895
8979	4896
7199	4897
9391	4898
4804	4899
3461	4900
24	4901
922	4902
6530	4903
3522	4904
3748	4905
6741	4906
4692	4907
6762	4908
7264	4909
5479	4910
7479	4911
6770	4912
5509	4913
3043	4914
7591	4915
8214	4916
733	4917
1613	4918
4829	4919
4821	4920
8217	4921
6366	4922
7239	4923
8130	4924
184	4925
4185	4926
297	4927
5011	4928
7520	4929
8607	4930
7480	4931
1225	4932
398	4933
6860	4934
1762	4935
5459	4936
8999	4937
911	4938
7568	4939
4292	4940
7755	4941
8820	4942
1106	4943
7214	4944
7763	4945
6393	4946
8309	4947
1228	4948
34	4949
7545	4950
4860	4951
5147	4952
8861	4953
8434	4954
3303	4955
143	4956
143	4957
3607	4958
4078	4959
9340	4960
3253	4961
5598	4962
9165	4963
6850	4964
7140	4965
6192	4966
1868	4967
9389	4968
8155	4969
3222	4970
828	4971
225	4972
181	4973
2154	4974
1451	4975
4838	4976
4837	4977
7379	4978
3256	4979
1253	4980
4898	4981
322	4982
6602	4983
377	4984
5250	4985
1970	4986
5496	4987
6130	4988
8684	4989
1677	4990
4020	4991
3861	4992
6525	4993
7402	4994
3827	4995
866	4996
5506	4997
7536	4998
2314	4999
2244	5000
7074	5001
153	5002
8840	5003
5180	5004
7045	5005
2852	5006
7058	5007
4303	5008
7565	5009
3663	5010
3669	5011
786	5012
2383	5013
8266	5014
4235	5015
6833	5016
5254	5017
4892	5018
3666	5019
6978	5020
4928	5021
6704	5022
955	5023
2874	5024
6337	5025
372	5026
4255	5027
9179	5028
7428	5029
2978	5030
3376	5031
6158	5032
3699	5033
7631	5034
426	5035
7234	5036
8597	5037
4096	5038
6739	5039
2138	5040
1154	5041
930	5042
396	5043
1570	5044
7884	5045
6215	5046
1257	5047
9244	5048
1432	5049
127	5050
1056	5051
3691	5052
9008	5053
1378	5054
5546	5055
9112	5056
6377	5057
3872	5058
7453	5059
2528	5060
31	5061
5756	5062
3610	5063
201	5064
4105	5065
7945	5066
962	5067
4525	5068
7831	5069
5837	5070
9190	5071
56	5072
5653	5073
163	5074
8833	5075
5053	5076
7244	5077
3286	5078
3563	5079
5071	5080
4480	5081
2631	5082
6756	5083
5563	5084
461	5085
5260	5086
3706	5087
322	5088
9110	5089
3127	5090
8923	5091
6607	5092
1255	5093
1744	5094
7460	5095
5353	5096
2419	5097
8643	5098
90	5099
8559	5100
3479	5101
3769	5102
37	5103
10	5104
2183	5105
2474	5106
1998	5107
1256	5108
4287	5109
956	5110
1895	5111
3621	5112
3678	5113
2256	5114
6732	5115
2953	5116
3920	5117
7358	5118
7098	5119
27	5120
6714	5121
1263	5122
7737	5123
9230	5124
6138	5125
857	5126
8583	5127
9229	5128
3414	5129
1089	5130
95	5131
4330	5132
4107	5133
4309	5134
8161	5135
2773	5136
5666	5137
7517	5138
5385	5139
3715	5140
741	5141
7550	5142
9140	5143
5419	5144
3628	5145
5948	5146
1555	5147
5579	5148
8107	5149
1038	5150
8592	5151
6225	5152
5370	5153
344	5154
2076	5155
3804	5156
4881	5157
4874	5158
8715	5159
7302	5160
1833	5161
573	5162
5272	5163
4896	5164
3559	5165
8039	5166
8830	5167
6201	5168
148	5169
8960	5170
8494	5171
1237	5172
2194	5173
5945	5174
2113	5175
2028	5176
2109	5177
1996	5178
6683	5179
5146	5180
499	5181
5294	5182
9000	5183
3268	5184
7578	5185
8621	5186
8495	5187
4961	5188
7685	5189
89	5190
3102	5191
4575	5192
3432	5193
4772	5194
3	5195
2053	5196
4532	5197
9074	5198
478	5199
1268	5200
1518	5201
7346	5202
251	5203
5141	5204
2466	5205
7291	5206
1332	5207
6872	5208
4033	5209
3858	5210
6454	5211
5882	5212
3389	5213
145	5214
306	5215
8781	5216
8454	5217
1579	5218
403	5219
9377	5220
7792	5221
1721	5222
9350	5223
7986	5224
7237	5225
8474	5226
2319	5227
2522	5228
6211	5229
5428	5230
5956	5231
5111	5232
6934	5233
1079	5234
8901	5235
1003	5236
3684	5237
5710	5238
159	5239
4906	5240
7580	5241
663	5242
6488	5243
115	5244
4352	5245
4186	5246
1455	5247
5854	5248
8192	5249
424	5250
3328	5251
1236	5252
7603	5253
5991	5254
702	5255
1280	5256
3524	5257
6179	5258
1951	5259
2359	5260
6000	5261
419	5262
8303	5263
3341	5264
6177	5265
3	5266
499	5267
8867	5268
594	5269
8140	5270
4234	5271
4851	5272
9396	5273
7957	5274
533	5275
1143	5276
3225	5277
6311	5278
4357	5279
5987	5280
2462	5281
4749	5282
855	5283
2444	5284
6324	5285
3135	5286
6054	5287
2991	5288
4075	5289
2184	5290
506	5291
4478	5292
6404	5293
8348	5294
334	5295
2411	5296
7485	5297
5543	5298
893	5299
3847	5300
6579	5301
5749	5302
9404	5303
1150	5304
8106	5305
7890	5306
1	5307
3019	5308
1751	5309
7830	5310
4130	5311
1348	5312
8930	5313
5439	5314
379	5315
5405	5316
2584	5317
7425	5318
2189	5319
2572	5320
3682	5321
2776	5322
7873	5323
5659	5324
2473	5325
7278	5326
3912	5327
233	5328
1004	5329
2477	5330
6956	5331
5408	5332
602	5333
1984	5334
5217	5335
8511	5336
5719	5337
405	5338
2876	5339
5890	5340
2241	5341
2123	5342
1561	5343
5665	5344
779	5345
3423	5346
166	5347
6409	5348
2431	5349
8932	5350
7678	5351
2263	5352
2158	5353
8366	5354
4062	5355
8809	5356
473	5357
7122	5358
5836	5359
7693	5360
1877	5361
6230	5362
230	5363
4441	5364
3624	5365
1384	5366
4294	5367
4220	5368
9161	5369
292	5370
2107	5371
6083	5372
3955	5373
8305	5374
2938	5375
6866	5376
7991	5377
6708	5378
8035	5379
7817	5380
1688	5381
8545	5382
9108	5383
5100	5384
7110	5385
109	5386
4125	5387
5507	5388
6180	5389
5280	5390
6098	5391
8571	5392
4535	5393
2001	5394
2936	5395
2851	5396
5843	5397
2880	5398
1338	5399
1589	5400
9374	5401
3760	5402
3154	5403
361	5404
5380	5405
3215	5406
5694	5407
7689	5408
7133	5409
2817	5410
799	5411
7347	5412
359	5413
5736	5414
7025	5415
5398	5416
120	5417
87	5418
7879	5419
7741	5420
4794	5421
697	5422
4767	5423
2498	5424
9294	5425
1249	5426
3988	5427
3525	5428
8734	5429
7454	5430
2853	5431
5120	5432
1	5433
1251	5434
163	5435
3153	5436
305	5437
5323	5438
5041	5439
376	5440
332	5441
7869	5442
715	5443
407	5444
2653	5445
222	5446
7787	5447
43	5448
358	5449
4138	5450
7540	5451
8838	5452
9104	5453
3082	5454
9293	5455
664	5456
6779	5457
3029	5458
4516	5459
4505	5460
3280	5461
1536	5462
7814	5463
7514	5464
9115	5465
5818	5466
6475	5467
5473	5468
4415	5469
1520	5470
7085	5471
6830	5472
2335	5473
5106	5474
4201	5475
735	5476
7475	5477
84	5478
5844	5479
5497	5480
4840	5481
2957	5482
1593	5483
3782	5484
2198	5485
8445	5486
7054	5487
2460	5488
7265	5489
4227	5490
8360	5491
6523	5492
7260	5493
2992	5494
1144	5495
5334	5496
4737	5497
6716	5498
1597	5499
5529	5500
7655	5501
1776	5502
7800	5503
39	5504
6434	5505
4150	5506
3823	5507
4337	5508
6460	5509
1791	5510
1021	5511
5093	5512
7503	5513
8594	5514
512	5515
7762	5516
2161	5517
3978	5518
6301	5519
6078	5520
7649	5521
3111	5522
6157	5523
6984	5524
2967	5525
5583	5526
8852	5527
3380	5528
6973	5529
1342	5530
5592	5531
1140	5532
1171	5533
560	5534
3862	5535
1734	5536
4104	5537
7774	5538
3651	5539
11	5540
4648	5541
1210	5542
6589	5543
3612	5544
484	5545
4120	5546
4572	5547
3238	5548
7883	5549
9185	5550
6644	5551
6349	5552
22	5553
272	5554
9199	5555
4595	5556
8697	5557
1022	5558
3617	5559
7380	5560
707	5561
1505	5562
4249	5563
3393	5564
7246	5565
7033	5566
7400	5567
3180	5568
2855	5569
5802	5570
5345	5571
8753	5572
8051	5573
440	5574
8688	5575
3970	5576
107	5577
2441	5578
999	5579
4897	5580
6785	5581
2352	5582
3689	5583
7221	5584
759	5585
364	5586
1084	5587
3772	5588
5776	5589
7047	5590
575	5591
8234	5592
2007	5593
2280	5594
55	5595
8272	5596
8399	5597
8380	5598
7681	5599
5072	5600
5906	5601
82	5602
3086	5603
9241	5604
4637	5605
404	5606
8561	5607
916	5608
9234	5609
6268	5610
6384	5611
3187	5612
6998	5613
5344	5614
1231	5615
1959	5616
4190	5617
394	5618
1928	5619
3961	5620
9403	5621
1202	5622
36	5623
6679	5624
6515	5625
4976	5626
1988	5627
2456	5628
1529	5629
570	5630
2035	5631
4491	5632
3290	5633
3801	5634
2608	5635
4022	5636
4764	5637
2133	5638
8019	5639
4306	5640
6573	5641
871	5642
8125	5643
1252	5644
1293	5645
2355	5646
804	5647
97	5648
7614	5649
8250	5650
7210	5651
8793	5652
2893	5653
7640	5654
3113	5655
1952	5656
4265	5657
8819	5658
6323	5659
9351	5660
8941	5661
401	5662
17	5663
316	5664
9	5665
7776	5666
3142	5667
9297	5668
1439	5669
208	5670
9257	5671
7673	5672
8622	5673
1994	5674
4641	5675
3819	5676
9127	5677
3336	5678
4496	5679
7097	5680
3056	5681
6904	5682
7338	5683
6994	5684
600	5685
1606	5686
3323	5687
3710	5688
9209	5689
4273	5690
3317	5691
135	5692
2969	5693
5118	5694
9138	5695
200	5696
390	5697
9302	5698
9160	5699
471	5700
841	5701
4574	5702
9277	5703
8032	5704
8404	5705
50	5706
6580	5707
1910	5708
7213	5709
9290	5710
8847	5711
3641	5712
2588	5713
4325	5714
129	5715
8812	5716
15	5717
9114	5718
4310	5719
6394	5720
6680	5721
2162	5722
7942	5723
8271	5724
8475	5725
6164	5726
7456	5727
5904	5728
82	5729
3759	5730
7575	5731
6966	5732
8777	5733
7204	5734
3164	5735
7530	5736
9136	5737
4257	5738
1426	5739
7148	5740
3453	5741
211	5742
507	5743
7507	5744
3995	5745
7656	5746
8444	5747
1066	5748
8608	5749
3	5750
8787	5751
3915	5752
934	5753
6023	5754
5661	5755
8095	5756
5553	5757
8	5758
124	5759
6198	5760
5846	5761
7844	5762
5122	5763
4926	5764
7766	5765
8859	5766
2848	5767
2179	5768
4751	5769
1691	5770
7668	5771
6784	5772
6050	5773
6961	5774
7604	5775
2620	5776
7676	5777
7274	5778
122	5779
2164	5780
7526	5781
8316	5782
1289	5783
3724	5784
3714	5785
1260	5786
7137	5787
3159	5788
2388	5789
6776	5790
310	5791
6411	5792
2346	5793
4102	5794
238	5795
4189	5796
7414	5797
276	5798
8967	5799
6721	5800
7241	5801
9143	5802
3670	5803
6193	5804
233	5805
2649	5806
2832	5807
7775	5808
1644	5809
1692	5810
375	5811
9014	5812
6986	5813
7331	5814
5855	5815
468	5816
5327	5817
1211	5818
152	5819
8977	5820
1030	5821
385	5822
7105	5823
6617	5824
6823	5825
4583	5826
170	5827
1235	5828
7432	5829
6960	5830
437	5831
2264	5832
4417	5833
517	5834
6987	5835
7799	5836
767	5837
5444	5838
3497	5839
8747	5840
6123	5841
778	5842
6611	5843
988	5844
2330	5845
527	5846
756	5847
4557	5848
2056	5849
880	5850
3482	5851
4708	5852
2226	5853
8227	5854
9159	5855
2968	5856
3141	5857
3326	5858
2118	5859
3828	5860
7337	5861
8154	5862
247	5863
7505	5864
5748	5865
9387	5866
5247	5867
8471	5868
5119	5869
2643	5870
3091	5871
2197	5872
4714	5873
7647	5874
2737	5875
457	5876
5281	5877
1214	5878
10	5879
6181	5880
5215	5881
5213	5882
4914	5883
1200	5884
4301	5885
21	5886
389	5887
8939	5888
7691	5889
7325	5890
1492	5891
8928	5892
142	5893
8703	5894
5671	5895
7733	5896
833	5897
4009	5898
8846	5899
918	5900
9251	5901
6882	5902
7999	5903
7172	5904
2134	5905
3935	5906
7005	5907
7801	5908
270	5909
1879	5910
5934	5911
6282	5912
4994	5913
3487	5914
6824	5915
4858	5916
7467	5917
5605	5918
8541	5919
6390	5920
2744	5921
1524	5922
4164	5923
6103	5924
1856	5925
688	5926
3040	5927
5335	5928
7835	5929
8916	5930
1530	5931
7022	5932
2239	5933
1204	5934
6619	5935
5716	5936
680	5937
504	5938
228	5939
3264	5940
318	5941
8045	5942
5488	5943
2169	5944
1660	5945
3789	5946
372	5947
7309	5948
2395	5949
2243	5950
7718	5951
7533	5952
5895	5953
3626	5954
5978	5955
4946	5956
5192	5957
9183	5958
3882	5959
4422	5960
5977	5961
3781	5962
3879	5963
5732	5964
7943	5965
7071	5966
723	5967
5595	5968
2867	5969
1740	5970
3537	5971
33	5972
8089	5973
8491	5974
357	5975
5383	5976
3176	5977
724	5978
6055	5979
47	5980
9355	5981
789	5982
1552	5983
283	5984
8815	5985
814	5986
3331	5987
6807	5988
6793	5989
7862	5990
6727	5991
3161	5992
7283	5993
5470	5994
5446	5995
8797	5996
2692	5997
3325	5998
7404	5999
2450	6000
3860	6001
8637	6002
5815	6003
1625	6004
7101	6005
4610	6006
7657	6007
2935	6008
649	6009
2766	6010
6897	6011
2940	6012
7036	6013
7335	6014
4091	6015
6059	6016
4366	6017
3896	6018
9332	6019
314	6020
6385	6021
3539	6022
7980	6023
1618	6024
502	6025
5674	6026
8727	6027
5088	6028
6335	6029
6421	6030
284	6031
7198	6032
1416	6033
7086	6034
1328	6035
4559	6036
308	6037
6161	6038
5897	6039
12	6040
2547	6041
5971	6042
4649	6043
5576	6044
1515	6045
7534	6046
30	6047
8653	6048
752	6049
5742	6050
4	6051
1163	6052
6487	6053
7388	6054
8756	6055
5278	6056
2048	6057
1265	6058
982	6059
2800	6060
5340	6061
3946	6062
2175	6063
5523	6064
3674	6065
1683	6066
1105	6067
5525	6068
7392	6069
413	6070
4660	6071
7574	6072
2293	6073
4388	6074
1389	6075
8421	6076
6	6077
3763	6078
5223	6079
5727	6080
1068	6081
5087	6082
4913	6083
4214	6084
2324	6085
2544	6086
7351	6087
1519	6088
7349	6089
8286	6090
6235	6091
311	6092
5476	6093
7636	6094
280	6095
2762	6096
7607	6097
7933	6098
8334	6099
5763	6100
74	6101
8798	6102
8730	6103
8014	6104
4333	6105
116	6106
8092	6107
2245	6108
6694	6109
1531	6110
77	6111
8351	6112
776	6113
370	6114
627	6115
7968	6116
5366	6117
7812	6118
8377	6119
51	6120
1062	6121
946	6122
3547	6123
6655	6124
1595	6125
445	6126
7181	6127
411	6128
4494	6129
5685	6130
9059	6131
6100	6132
287	6133
1385	6134
7010	6135
1964	6136
2380	6137
7613	6138
708	6139
3767	6140
731	6141
3137	6142
5074	6143
8174	6144
4274	6145
121	6146
2219	6147
6620	6148
4967	6149
8862	6150
4467	6151
5682	6152
8802	6153
198	6154
7002	6155
261	6156
1586	6157
5193	6158
5946	6159
328	6160
9202	6161
2334	6162
8853	6163
1281	6164
5781	6165
3221	6166
6053	6167
7113	6168
1357	6169
3015	6170
3792	6171
8479	6172
8888	6173
2387	6174
253	6175
8436	6176
2721	6177
7413	6178
4938	6179
2796	6180
197	6181
7751	6182
4209	6183
5153	6184
2846	6185
2835	6186
6277	6187
4013	6188
5884	6189
5931	6190
53	6191
8283	6192
1466	6193
7183	6194
4925	6195
500	6196
4504	6197
6492	6198
905	6199
4437	6200
221	6201
8661	6202
633	6203
2248	6204
4336	6205
7458	6206
9072	6207
6490	6208
7795	6209
9116	6210
966	6211
7833	6212
6778	6213
4196	6214
2647	6215
1039	6216
1687	6217
4469	6218
3601	6219
46	6220
5310	6221
6521	6222
216	6223
6233	6224
899	6225
4543	6226
3036	6227
8295	6228
1906	6229
98	6230
367	6231
655	6232
8676	6233
5102	6234
7531	6235
2739	6236
1420	6237
8706	6238
1743	6239
8414	6240
1412	6241
8896	6242
1333	6243
6763	6244
7112	6245
2865	6246
315	6247
4918	6248
2801	6249
1674	6250
539	6251
6570	6252
183	6253
4681	6254
326	6255
8890	6256
5623	6257
195	6258
3614	6259
3152	6260
2307	6261
1402	6262
3249	6263
5458	6264
2736	6265
134	6266
442	6267
3963	6268
384	6269
3504	6270
146	6271
9271	6272
1271	6273
6146	6274
1117	6275
1634	6276
1601	6277
996	6278
5214	6279
7489	6280
2267	6281
1859	6282
4016	6283
2587	6284
3696	6285
8276	6286
6465	6287
8902	6288
2896	6289
1707	6290
8254	6291
8639	6292
2996	6293
2340	6294
1487	6295
1881	6296
7095	6297
3836	6298
46	6299
6765	6300
6047	6301
945	6302
567	6303
4740	6304
5741	6305
657	6306
104	6307
293	6308
2642	6309
1313	6310
5922	6311
7211	6312
4634	6313
8783	6314
327	6315
9092	6316
3451	6317
126	6318
5425	6319
2691	6320
5775	6321
9365	6322
392	6323
889	6324
5006	6325
3273	6326
4429	6327
8222	6328
5086	6329
8370	6330
136	6331
3950	6332
7695	6333
711	6334
3324	6335
612	6336
6604	6337
5367	6338
78	6339
4076	6340
5382	6341
271	6342
5170	6343
1146	6344
441	6345
9032	6346
8137	6347
1133	6348
2609	6349
325	6350
3604	6351
435	6352
5714	6353
3110	6354
2871	6355
8185	6356
2287	6357
7675	6358
7748	6359
2740	6360
4954	6361
8712	6362
1196	6363
5586	6364
7119	6365
5626	6366
41	6367
9045	6368
4231	6369
823	6370
2300	6371
894	6372
4832	6373
1684	6374
7279	6375
1814	6376
9083	6377
5729	6378
2663	6379
7433	6380
7682	6381
5283	6382
7061	6383
1321	6384
784	6385
7721	6386
6519	6387
8104	6388
5107	6389
1709	6390
8027	6391
4483	6392
3683	6393
1537	6394
5967	6395
3343	6396
1869	6397
9134	6398
591	6399
1364	6400
4240	6401
4565	6402
4827	6403
3395	6404
530	6405
3639	6406
1014	6407
6242	6408
6485	6409
8412	6410
8877	6411
7230	6412
4952	6413
1612	6414
2786	6415
5664	6416
5183	6417
4232	6418
2119	6419
2511	6420
5806	6421
3259	6422
7981	6423
1937	6424
8790	6425
8738	6426
1986	6427
4386	6428
9225	6429
3771	6430
7466	6431
9145	6432
5070	6433
6293	6434
3536	6435
4087	6436
607	6437
123	6438
8596	6439
6502	6440
4996	6441
3549	6442
2209	6443
1472	6444
9375	6445
9175	6446
5656	6447
6847	6448
6686	6449
262	6450
6312	6451
4085	6452
8613	6453
5226	6454
2626	6455
3616	6456
309	6457
4511	6458
5692	6459
1244	6460
259	6461
250	6462
4060	6463
8700	6464
6651	6465
2393	6466
2949	6467
1461	6468
1135	6469
7191	6470
5274	6471
3577	6472
4779	6473
8574	6474
5343	6475
7864	6476
1375	6477
8650	6478
3966	6479
2882	6480
598	6481
8784	6482
7254	6483
1838	6484
1073	6485
1573	6486
6209	6487
1731	6488
8372	6489
4662	6490
1452	6491
5585	6492
4808	6493
2667	6494
630	6495
8557	6496
2625	6497
202	6498
7231	6499
4158	6500
639	6501
1713	6502
4766	6503
1723	6504
4875	6505
815	6506
3236	6507
1756	6508
4726	6509
5299	6510
8943	6511
6540	6512
5032	6513
3308	6514
5747	6515
3227	6516
2155	6517
3338	6518
5599	6519
2382	6520
7949	6521
2443	6522
5259	6523
2635	6524
9152	6525
7495	6526
9146	6527
9050	6528
5000	6529
8918	6530
5049	6531
5916	6532
8005	6533
4834	6534
585	6535
6	6536
2523	6537
1198	6538
9328	6539
7	6540
5933	6541
5296	6542
5556	6543
5816	6544
3806	6545
6815	6546
849	6547
4761	6548
5709	6549
9150	6550
5151	6551
5616	6552
1633	6553
2654	6554
5597	6555
8482	6556
61	6557
6909	6558
4695	6559
432	6560
3412	6561
1174	6562
8944	6563
119	6564
8884	6565
2038	6566
6194	6567
6016	6568
3406	6569
9407	6570
4304	6571
875	6572
5883	6573
5950	6574
296	6575
2306	6576
281	6577
4433	6578
2051	6579
308	6580
4391	6581
1433	6582
4040	6583
5821	6584
4345	6585
5662	6586
8631	6587
1873	6588
6122	6589
8585	6590
936	6591
6468	6592
441	6593
3681	6594
8255	6595
40	6596
1474	6597
1918	6598
5251	6599
451	6600
6838	6601
6564	6602
1477	6603
1777	6604
5342	6605
5686	6606
6718	6607
6977	6608
1444	6609
3097	6610
3370	6611
492	6612
6594	6613
7638	6614
6899	6615
8995	6616
8040	6617
1949	6618
7280	6619
8818	6620
7484	6621
5191	6622
5610	6623
1816	6624
6344	6625
2402	6626
368	6627
3829	6628
5514	6629
1568	6630
2807	6631
7664	6632
8909	6633
1299	6634
1641	6635
91	6636
365	6637
1391	6638
1512	6639
7567	6640
7368	6641
4757	6642
2611	6643
8247	6644
2724	6645
9172	6646
6400	6647
5171	6648
3023	6649
2679	6650
1104	6651
2178	6652
6522	6653
751	6654
7951	6655
1192	6656
8849	6657
1285	6658
4661	6659
1043	6660
926	6661
4921	6662
6578	6663
2315	6664
274	6665
1801	6666
8831	6667
8542	6668
3398	6669
5893	6670
4659	6671
3742	6672
6012	6673
3809	6674
7130	6675
8034	6676
71	6677
2933	6678
2369	6679
1936	6680
2595	6681
5962	6682
3548	6683
5063	6684
1980	6685
6903	6686
7499	6687
1824	6688
1306	6689
4	6690
9141	6691
6799	6692
8139	6693
5672	6694
4717	6695
118	6696
2713	6697
9047	6698
199	6699
7834	6700
1453	6701
2741	6702
8048	6703
2132	6704
8314	6705
4372	6706
5463	6707
8063	6708
4824	6709
5722	6710
6835	6711
6382	6712
8096	6713
1768	6714
5833	6715
6851	6716
8313	6717
15	6718
4140	6719
923	6720
7226	6721
7461	6722
2086	6723
7849	6724
3138	6725
6429	6726
3655	6727
7067	6728
7000	6729
4599	6730
7745	6731
57	6732
75	6733
3841	6734
7666	6735
9162	6736
4123	6737
1345	6738
3333	6739
5248	6740
4242	6741
7476	6742
4528	6743
511	6744
7529	6745
239	6746
5704	6747
9012	6748
8429	6749
3150	6750
1182	6751
6746	6752
7510	6753
7661	6754
812	6755
2964	6756
354	6757
7944	6758
6427	6759
4615	6760
3480	6761
4050	6762
7586	6763
8001	6764
717	6765
6241	6766
8432	6767
1320	6768
2117	6769
8917	6770
9121	6771
5896	6772
8974	6773
951	6774
6926	6775
5875	6776
4878	6777
4482	6778
8913	6779
6084	6780
3121	6781
1469	6782
5407	6783
2772	6784
8816	6785
5127	6786
492	6787
102	6788
4593	6789
1614	6790
130	6791
1288	6792
18	6793
343	6794
587	6795
4181	6796
5132	6797
7301	6798
1413	6799
7902	6800
5390	6801
327	6802
8832	6803
9307	6804
3811	6805
5588	6806
8179	6807
4072	6808
7912	6809
9212	6810
9298	6811
240	6812
637	6813
3314	6814
4197	6815
8485	6816
8438	6817
7859	6818
3797	6819
3146	6820
8488	6821
2727	6822
6342	6823
5097	6824
5980	6825
415	6826
2185	6827
4974	6828
9063	6829
7439	6830
4380	6831
4349	6832
2857	6833
2666	6834
6759	6835
7449	6836
917	6837
6664	6838
7788	6839
1939	6840
2554	6841
4291	6842
3041	6843
8257	6844
4211	6845
3327	6846
6167	6847
3151	6848
4285	6849
1437	6850
942	6851
3648	6852
3394	6853
6856	6854
7286	6855
5542	6856
977	6857
4965	6858
7953	6859
7894	6860
4564	6861
7185	6862
264	6863
5900	6864
7161	6865
7448	6866
3677	6867
6510	6868
3576	6869
5804	6870
5075	6871
3177	6872
6767	6873
6609	6874
8013	6875
1603	6876
4171	6877
1055	6878
2634	6879
895	6880
2379	6881
8695	6882
7847	6883
3545	6884
3337	6885
3542	6886
5863	6887
8464	6888
858	6889
5746	6890
1774	6891
4774	6892
7738	6893
105	6894
5478	6895
8290	6896
1885	6897
1979	6898
6992	6899
4424	6900
8894	6901
8522	6902
5312	6903
8381	6904
7899	6905
5754	6906
5647	6907
3392	6908
8569	6909
7690	6910
5437	6911
2714	6912
1706	6913
4267	6914
3905	6915
3112	6916
8395	6917
9337	6918
6697	6919
8191	6920
9211	6921
7374	6922
4335	6923
943	6924
8562	6925
2748	6926
2645	6927
5019	6928
1300	6929
4791	6930
4688	6931
6626	6932
3934	6933
5454	6934
3519	6935
8431	6936
9016	6937
6430	6938
6512	6939
3938	6940
8752	6941
6006	6942
6559	6943
3038	6944
335	6945
24	6946
3868	6947
6004	6948
3319	6949
6952	6950
7765	6951
5969	6952
7150	6953
6916	6954
3968	6955
9410	6956
1218	6957
5430	6958
53	6959
3564	6960
8667	6961
436	6962
8113	6963
4747	6964
2102	6965
8338	6966
8213	6967
304	6968
909	6969
9273	6970
8953	6971
8672	6972
44	6973
1096	6974
1436	6975
7205	6976
5660	6977
6353	6978
1600	6979
8293	6980
9248	6981
2105	6982
7622	6983
825	6984
2364	6985
9139	6986
5548	6987
7563	6988
45	6989
3425	6990
2795	6991
4588	6992
5947	6993
9217	6994
3437	6995
4029	6996
6088	6997
1458	6998
4589	6999
4666	7000
5422	7001
7304	7002
8462	7003
6027	7004
3072	7005
7305	7006
6938	7007
7501	7008
5914	7009
295	7010
6280	7011
6557	7012
3587	7013
6302	7014
47	7015
6125	7016
4266	7017
3183	7018
8147	7019
2193	7020
4888	7021
3566	7022
1128	7023
3100	7024
5236	7025
2325	7026
3917	7027
8148	7028
457	7029
363	7030
3672	7031
265	7032
7403	7033
5915	7034
6045	7035
6352	7036
744	7037
7121	7038
5648	7039
5504	7040
1446	7041
7417	7042
6494	7043
7698	7044
1278	7045
3877	7046
4314	7047
2437	7048
6284	7049
6160	7050
3560	7051
5591	7052
5131	7053
8948	7054
8123	7055
9111	7056
5764	7057
9086	7058
8111	7059
4477	7060
506	7061
5037	7062
9346	7063
325	7064
345	7065
4560	7066
7669	7067
8244	7068
4604	7069
6933	7070
1808	7071
2252	7072
8526	7073
6305	7074
110	7075
4206	7076
7972	7077
27	7078
2699	7079
2915	7080
9348	7081
7708	7082
4263	7083
323	7084
4934	7085
603	7086
1187	7087
3116	7088
8936	7089
8350	7090
178	7091
3302	7092
7394	7093
501	7094
86	7095
4554	7096
7770	7097
5561	7098
7554	7099
390	7100
8508	7101
6705	7102
9018	7103
4725	7104
6368	7105
9126	7106
8674	7107
5698	7108
4622	7109
2320	7110
2684	7111
2147	7112
5949	7113
7778	7114
6535	7115
558	7116
5447	7117
5401	7118
795	7119
3840	7120
411	7121
6028	7122
606	7123
1049	7124
8673	7125
8854	7126
7410	7127
9194	7128
4980	7129
6635	7130
877	7131
4052	7132
334	7133
3210	7134
3586	7135
268	7136
1685	7137
4893	7138
7	7139
6137	7140
843	7141
7777	7142
6073	7143
3204	7144
35	7145
4038	7146
7474	7147
4670	7148
3419	7149
662	7150
8281	7151
3892	7152
1602	7153
439	7154
491	7155
4423	7156
7756	7157
2870	7158
9200	7159
1511	7160
3011	7161
50	7162
2270	7163
9235	7164
5584	7165
2751	7166
153	7167
332	7168
5738	7169
9330	7170
1710	7171
7819	7172
6898	7173
6930	7174
6777	7175
9076	7176
3787	7177
3853	7178
9105	7179
4818	7180
4296	7181
6996	7182
2745	7183
81	7184
3171	7185
2098	7186
1672	7187
8634	7188
7932	7189
2205	7190
97	7191
9171	7192
514	7193
54	7194
8882	7195
1990	7196
2954	7197
1932	7198
4027	7199
6190	7200
3424	7201
621	7202
8717	7203
1301	7204
9005	7205
9279	7206
3707	7207
9249	7208
4835	7209
1574	7210
4141	7211
278	7212
6024	7213
382	7214
3744	7215
6983	7216
698	7217
7843	7218
5690	7219
3831	7220
2022	7221
5964	7222
4870	7223
3266	7224
5121	7225
7610	7226
3695	7227
2165	7228
2837	7229
8328	7230
820	7231
7041	7232
3354	7233
2103	7234
1886	7235
652	7236
309	7237
3383	7238
3923	7239
6126	7240
8261	7241
4324	7242
152	7243
3930	7244
3477	7245
8026	7246
3798	7247
2347	7248
4548	7249
7914	7250
3569	7251
5562	7252
418	7253
913	7254
4720	7255
8149	7256
7163	7257
1938	7258
682	7259
6433	7260
845	7261
5992	7262
7845	7263
5242	7264
1935	7265
485	7266
1563	7267
5415	7268
483	7269
3507	7270
7322	7271
4556	7272
7182	7273
8887	7274
1369	7275
157	7276
4931	7277
8905	7278
92	7279
7837	7280
7299	7281
618	7282
413	7283
429	7284
352	7285
8144	7286
7273	7287
5607	7288
8323	7289
2440	7290
1765	7291
2747	7292
8021	7293
3211	7294
3581	7295
8211	7296
5642	7297
974	7298
8754	7299
7	7300
9120	7301
6274	7302
3123	7303
5014	7304
480	7305
2453	7306
2509	7307
8572	7308
5935	7309
2577	7310
7153	7311
3943	7312
6517	7313
3081	7314
3561	7315
7727	7316
5798	7317
7832	7318
5051	7319
8576	7320
5442	7321
3125	7322
7947	7323
6641	7324
6014	7325
111	7326
6070	7327
12	7328
2548	7329
111	7330
7548	7331
341	7332
302	7333
4809	7334
3919	7335
6892	7336
4663	7337
477	7338
7	7339
362	7340
2187	7341
341	7342
4204	7343
360	7344
6416	7345
7820	7346
2084	7347
6622	7348
4882	7349
7303	7350
6129	7351
3240	7352
8413	7353
7804	7354
9034	7355
4812	7356
3558	7357
4811	7358
4601	7359
8813	7360
3991	7361
8373	7362
6722	7363
7519	7364
900	7365
2961	7366
8270	7367
7955	7368
5852	7369
6769	7370
3309	7371
8679	7372
3466	7373
2082	7374
6289	7375
7896	7376
965	7377
572	7378
295	7379
2013	7380
4169	7381
5560	7382
4359	7383
6659	7384
3008	7385
7562	7386
4590	7387
6536	7388
8030	7389
4329	7390
9218	7391
6982	7392
4434	7393
6991	7394
9399	7395
269	7396
9304	7397
6810	7398
8876	7399
5293	7400
4146	7401
2192	7402
9067	7403
616	7404
1379	7405
3762	7406
2297	7407
4432	7408
6217	7409
4208	7410
6849	7411
1274	7412
6303	7413
158	7414
4368	7415
6290	7416
1216	7417
2574	7418
3475	7419
5830	7420
5046	7421
869	7422
2115	7423
3166	7424
7541	7425
1398	7426
4452	7427
1403	7428
2072	7429
1517	7430
7827	7431
8117	7432
641	7433
35	7434
6571	7435
7398	7436
3851	7437
8294	7438
3458	7439
8648	7440
5350	7441
1052	7442
3329	7443
5718	7444
378	7445
7794	7446
7547	7447
230	7448
9395	7449
1822	7450
9203	7451
496	7452
6375	7453
5062	7454
1566	7455
3118	7456
5156	7457
8503	7458
8224	7459
2629	7460
1556	7461
7672	7462
1199	7463
4909	7464
5974	7465
6425	7466
6038	7467
1173	7468
3774	7469
206	7470
476	7471
188	7472
721	7473
456	7474
4280	7475
7644	7476
7497	7477
775	7478
7911	7479
8604	7480
5555	7481
5395	7482
6350	7483
3523	7484
1783	7485
2391	7486
8623	7487
1580	7488
6513	7489
2560	7490
3242	7491
4769	7492
9272	7493
18	7494
4963	7495
2377	7496
6884	7497
6706	7498
7064	7499
5700	7500
901	7501
3429	7502
1448	7503
6675	7504
9028	7505
2019	7506
5301	7507
1590	7508
5734	7509
1981	7510
2033	7511
3802	7512
391	7513
132	7514
3467	7515
6501	7516
7897	7517
1083	7518
6147	7519
6922	7520
4462	7521
3130	7522
2128	7523
3869	7524
391	7525
4262	7526
1797	7527
650	7528
5527	7529
3313	7530
3529	7531
120	7532
6204	7533
8990	7534
2037	7535
4521	7536
5805	7537
8530	7538
2044	7539
6855	7540
590	7541
7977	7542
1410	7543
8610	7544
679	7545
8141	7546
7319	7547
5696	7548
6737	7549
734	7550
8743	7551
863	7552
3745	7553
8705	7554
2756	7555
2090	7556
4165	7557
9089	7558
1839	7559
3582	7560
7761	7561
4790	7562
2755	7563
7313	7564
8004	7565
6229	7566
7263	7567
2375	7568
4493	7569
7705	7570
8543	7571
5745	7572
9091	7573
4290	7574
8020	7575
1622	7576
5173	7577
2925	7578
8839	7579
7759	7580
7059	7581
422	7582
7860	7583
10	7584
8337	7585
3822	7586
6653	7587
1968	7588
7441	7589
2338	7590
6473	7591
2261	7592
76	7593
1294	7594
4128	7595
8538	7596
4999	7597
5540	7598
1234	7599
3131	7600
8775	7601
5573	7602
4927	7603
7208	7604
5963	7605
5812	7606
132	7607
6090	7608
7491	7609
4237	7610
1553	7611
993	7612
4193	7613
2025	7614
291	7615
6503	7616
7626	7617
380	7618
2310	7619
5402	7620
552	7621
805	7622
9163	7623
2059	7624
7442	7625
226	7626
7989	7627
5326	7628
884	7629
9215	7630
4611	7631
212	7632
8998	7633
7633	7634
278	7635
1186	7636
4745	7637
8317	7638
2769	7639
3515	7640
5477	7641
355	7642
9270	7643
613	7644
6048	7645
8866	7646
3068	7647
178	7648
3005	7649
4585	7650
3551	7651
2638	7652
3949	7653
1621	7654
3295	7655
3810	7656
3283	7657
5066	7658
5427	7659
1262	7660
3692	7661
8652	7662
787	7663
1535	7664
797	7665
4174	7666
7307	7667
7381	7668
4339	7669
3098	7670
1503	7671
1800	7672
2502	7673
7035	7674
6742	7675
6751	7676
586	7677
5255	7678
3101	7679
2061	7680
8497	7681
3144	7682
5517	7683
2020	7684
7395	7685
8389	7686
646	7687
7964	7688
87	7689
3777	7690
3977	7691
2170	7692
853	7693
3001	7694
1397	7695
5022	7696
7472	7697
9169	7698
7162	7699
3895	7700
123	7701
1656	7702
7670	7703
4523	7704
1024	7705
2606	7706
656	7707
5707	7708
9193	7709
4109	7710
240	7711
8245	7712
3889	7713
6005	7714
2878	7715
440	7716
4001	7717
4401	7718
9329	7719
96	7720
7983	7721
5990	7722
11	7723
7073	7724
41	7725
1837	7726
4481	7727
7823	7728
3736	7729
2628	7730
5932	7731
1172	7732
243	7733
4101	7734
6202	7735
625	7736
1787	7737
2581	7738
8074	7739
8401	7740
1185	7741
9300	7742
8885	7743
7650	7744
886	7745
5002	7746
6612	7747
315	7748
6506	7749
8403	7750
4288	7751
8649	7752
8578	7753
8087	7754
247	7755
1215	7756
7511	7757
9109	7758
6841	7759
5655	7760
6733	7761
26	7762
2615	7763
8662	7764
5303	7765
2799	7766
6218	7767
5835	7768
7468	7769
2877	7770
5773	7771
6534	7772
684	7773
1572	7774
7094	7775
819	7776
7710	7777
4956	7778
8102	7779
7712	7780
6877	7781
3483	7782
4647	7783
1640	7784
1360	7785
451	7786
4555	7787
366	7788
782	7789
6735	7790
3260	7791
7711	7792
17	7793
1417	7794
4019	7795
7493	7796
7486	7797
6120	7798
2365	7799
8232	7800
2116	7801
3939	7802
20	7803
6341	7804
338	7805
8477	7806
6668	7807
6281	7808
137	7809
2004	7810
4512	7811
531	7812
2054	7813
5679	7814
3814	7815
7709	7816
3104	7817
6968	7818
4679	7819
3983	7820
745	7821
3627	7822
7811	7823
127	7824
9405	7825
7411	7826
4498	7827
5168	7828
3207	7829
6873	7830
3173	7831
250	7832
1523	7833
7426	7834
2722	7835
2682	7836
3820	7837
888	7838
8947	7839
3764	7840
6845	7841
8275	7842
1116	7843
6687	7844
3415	7845
8023	7846
2449	7847
9341	7848
79	7849
3620	7850
3427	7851
7810	7852
1575	7853
713	7854
7200	7855
2397	7856
25	7857
3456	7858
6861	7859
7416	7860
5176	7861
1730	7862
8761	7863
1755	7864
28	7865
2027	7866
2282	7867
2868	7868
8085	7869
5228	7870
4537	7871
3197	7872
4455	7873
3987	7874
2637	7875
1359	7876
3478	7877
356	7878
8657	7879
487	7880
9383	7881
3241	7882
7599	7883
4124	7884
2008	7885
8054	7886
4839	7887
5972	7888
1343	7889
7588	7890
4137	7891
4438	7892
1292	7893
3401	7894
8170	7895
2905	7896
1457	7897
4942	7898
5068	7899
1290	7900
5813	7901
7131	7902
5657	7903
2289	7904
1470	7905
5166	7906
2517	7907
8845	7908
3030	7909
8740	7910
2529	7911
8842	7912
1610	7913
2149	7914
2231	7915
300	7916
5354	7917
187	7918
5879	7919
9	7920
2743	7921
445	7922
156	7923
370	7924
6965	7925
1368	7926
205	7927
135	7928
8206	7929
420	7930
4094	7931
40	7932
7573	7933
2520	7934
2497	7935
1273	7936
8460	7937
7753	7938
6339	7939
3629	7940
1311	7941
7984	7942
1279	7943
7422	7944
5687	7945
8083	7946
8741	7947
8006	7948
8093	7949
8167	7950
1091	7951
2955	7952
1513	7953
1423	7954
4450	7955
70	7956
1972	7957
5181	7958
9287	7959
4353	7960
3704	7961
4328	7962
7665	7963
3713	7964
6362	7965
1264	7966
427	7967
6287	7968
26	7969
329	7970
5780	7971
4958	7972
7437	7973
5924	7974
7357	7975
8038	7976
1424	7977
2922	7978
505	7979
5769	7980
725	7981
7785	7982
8789	7983
7815	7984
8306	7985
9186	7986
2570	7987
8827	7988
8620	7989
771	7990
3103	7991
2465	7992
3643	7993
2292	7994
3631	7995
7355	7996
6671	7997
9070	7998
4245	7999
2396	8000
4188	8001
7275	8002
5020	8003
171	8004
5457	8005
6566	8006
8315	8007
3592	8008
7408	8009
5101	8010
2106	8011
3838	8012
106	8013
7582	8014
290	8015
6526	8016
8	8017
6516	8018
5839	8019
9367	8020
1760	8021
7078	8022
4331	8023
6532	8024
7861	8025
2399	8026
1584	8027
3388	8028
4312	8029
4410	8030
4377	8031
8722	8032
2312	8033
2981	8034
1310	8035
593	8036
2023	8037
5834	8038
677	8039
1489	8040
6355	8041
681	8042
7767	8043
2941	8044
486	8045
4122	8046
157	8047
614	8048
346	8049
20	8050
672	8051
470	8052
11	8053
7969	8054
7576	8055
7206	8056
9280	8057
360	8058
52	8059
7936	8060
3368	8061
1162	8062
7151	8063
9025	8064
9204	8065
9256	8066
5318	8067
444	8068
8950	8069
3178	8070
3445	8071
6484	8072
4924	8073
2493	8074
160	8075
171	8076
6420	8077
7132	8078
7818	8079
2075	8080
1478	8081
2017	8082
4879	8083
2694	8084
6145	8085
659	8086
2353	8087
9192	8088
2077	8089
2240	8090
3484	8091
5973	8092
3472	8093
2884	8094
4715	8095
482	8096
813	8097
520	8098
3232	8099
9344	8100
8580	8101
1680	8102
6789	8103
7382	8104
6142	8105
8971	8106
6412	8107
3012	8108
2567	8109
3848	8110
4212	8111
6836	8112
2720	8113
640	8114
33	8115
7637	8116
2687	8117
5244	8118
6844	8119
8	8120
3867	8121
8118	8122
62	8123
1773	8124
4276	8125
6868	8126
8291	8127
8626	8128
3459	8129
1269	8130
2332	8131
3776	8132
2564	8133
9309	8134
4405	8135
4402	8136
474	8137
1462	8138
5178	8139
9048	8140
3378	8141
7057	8142
6136	8143
8863	8144
6772	8145
31	8146
5797	8147
839	8148
5600	8149
3534	8150
56	8151
4250	8152
9352	8153
320	8154
3076	8155
6901	8156
203	8157
5792	8158
5979	8159
5856	8160
5052	8161
6646	8162
55	8163
8088	8164
1922	8165
3656	8166
104	8167
6056	8168
5720	8169
8240	8170
1118	8171
3157	8172
1508	8173
3117	8174
5759	8175
7535	8176
742	8177
3446	8178
6895	8179
5847	8180
5927	8181
1195	8182
6911	8183
8210	8184
9397	8185
3474	8186
1282	8187
5997	8188
4315	8189
3095	8190
7372	8191
7354	8192
1209	8193
7362	8194
904	8195
6803	8196
1926	8197
2	8198
1763	8199
3454	8200
1276	8201
164	8202
4200	8203
5453	8204
3937	8205
8677	8206
8720	8207
45	8208
3758	8209
8993	8210
4978	8211
3272	8212
481	8213
2273	8214
4414	8215
6354	8216
6252	8217
3124	8218
21	8219
8895	8220
6715	8221
6608	8222
4155	8223
6205	8224
9390	8225
6403	8226
2538	8227
4497	8228
20	8229
6105	8230
2101	8231
7836	8232
3685	8233
8868	8234
8980	8235
3661	8236
4845	8237
3090	8238
2400	8239
3407	8240
8059	8241
808	8242
4842	8243
1041	8244
4992	8245
1121	8246
831	8247
7044	8248
2958	8249
7175	8250
6079	8251
4969	8252
810	8253
6806	8254
6466	8255
1331	8256
2458	8257
7916	8258
7798	8259
1982	8260
2408	8261
3311	8262
4089	8263
6794	8264
6970	8265
3657	8266
8180	8267
290	8268
6458	8269
2139	8270
5518	8271
7643	8272
9056	8273
5276	8274
8288	8275
3680	8276
3169	8277
9057	8278
432	8279
8109	8280
4675	8281
2974	8282
4817	8283
8258	8284
8889	8285
7463	8286
1871	8287
3435	8288
7987	8289
6692	8290
4625	8291
3449	8292
6	8293
8367	8294
455	8295
551	8296
7858	8297
9038	8298
588	8299
399	8300
2690	8301
872	8302
1929	8303
8042	8304
4696	8305
8675	8306
5139	8307
8699	8308
1141	8309
1441	8310
502	8311
25	8312
8532	8313
3430	8314
2686	8315
4904	8316
8772	8317
8531	8318
3664	8319
235	8320
6	8321
9333	8322
3954	8323
2326	8324
7229	8325
9124	8326
5433	8327
9283	8328
822	8329
2409	8330
9036	8331
4651	8332
134	8333
8988	8334
9409	8335
2495	8336
910	8337
8759	8338
1867	8339
6976	8340
7109	8341
7336	8342
225	8343
5678	8344
1815	8345
2623	8346
1138	8347
4226	8348
5029	8349
228	8350
1164	8351
5218	8352
1904	8353
2288	8354
6370	8355
6203	8356
4531	8357
8537	8358
4225	8359
9381	8360
6880	8361
63	8362
6649	8363
5887	8364
2927	8365
3345	8366
6825	8367
7233	8368
5788	8369
5269	8370
6247	8371
4758	8372
1666	8373
582	8374
453	8375
42	8376
519	8377
3790	8378
4376	8379
7189	8380
8834	8381
4609	8382
3026	8383
6197	8384
5688	8385
4787	8386
1180	8387
5531	8388
1502	8389
6979	8390
4238	8391
6749	8392
1874	8393
9052	8394
2811	8395
5508	8396
8333	8397
7019	8398
7178	8399
9343	8400
5619	8401
1858	8402
4966	8403
1931	8404
4793	8405
2420	8406
8509	8407
4275	8408
7258	8409
8153	8410
6061	8411
8	8412
2782	8413
8641	8414
1145	8415
2062	8416
8551	8417
6408	8418
395	8419
2823	8420
610	8421
8959	8422
161	8423
6115	8424
3417	8425
7679	8426
192	8427
159	8428
257	8429
8459	8430
1770	8431
927	8432
544	8433
1912	8434
1864	8435
124	8436
4179	8437
430	8438
5435	8439
4385	8440
172	8441
6667	8442
1821	8443
1883	8444
919	8445
4773	8446
4241	8447
6240	8448
9102	8449
5368	8450
116	8451
4752	8452
5996	8453
8689	8454
3277	8455
666	8456
319	8457
7108	8458
2467	8459
6883	8460
5078	8461
42	8462
4655	8463
58	8464
3071	8465
3632	8466
460	8467
320	8468
8860	8469
5059	8470
7829	8471
3126	8472
6923	8473
5472	8474
7587	8475
5721	8476
2918	8477
2	8478
658	8479
6500	8480
7525	8481
5767	8482
2211	8483
5414	8484
4017	8485
5549	8486
9260	8487
5564	8488
1427	8489
6948	8490
2792	8491
4282	8492
4318	8493
1350	8494
1667	8495
5860	8496
4702	8497
7870	8498
3619	8499
19	8500
9131	8501
1516	8502
3172	8503
4492	8504
8984	8505
8225	8506
2112	8507
4800	8508
8242	8509
6592	8510
6086	8511
860	8512
149	8513
8218	8514
3122	8515
7420	8516
52	8517
2558	8518
8773	8519
2890	8520
7164	8521
7438	8522
7365	8523
4972	8524
4365	8525
5316	8526
788	8527
1151	8528
6906	8529
2225	8530
4944	8531
160	8532
542	8533
8765	8534
1008	8535
827	8536
2697	8537
2923	8538
3441	8539
2934	8540
1019	8541
5566	8542
2516	8543
9066	8544
172	8545
9242	8546
3234	8547
79	8548
5989	8549
9069	8550
8391	8551
3201	8552
4159	8553
6623	8554
6548	8555
8376	8556
6798	8557
1809	8558
3638	8559
2873	8560
3971	8561
1131	8562
5355	8563
7407	8564
7597	8565
6154	8566
2593	8567
4540	8568
7557	8569
4063	8570
8416	8571
1794	8572
8311	8573
8182	8574
2534	8575
4005	8576
5510	8577
1370	8578
7780	8579
5728	8580
4989	8581
8725	8582
8010	8583
6236	8584
4344	8585
5713	8586
1482	8587
1334	8588
2403	8589
101	8590
8320	8591
2610	8592
6758	8593
287	8594
8549	8595
3618	8596
7023	8597
766	8598
6507	8599
3646	8600
7127	8601
3455	8602
6811	8603
8285	8604
6672	8605
6826	8606
7553	8607
5239	8608
7473	8609
5786	8610
8053	8611
850	8612
480	8613
6315	8614
8129	8615
96	8616
1486	8617
9157	8618
3602	8619
8484	8620
2284	8621
5124	8622
9011	8623
6643	8624
4092	8625
4633	8626
3262	8627
4807	8628
3058	8629
2260	8630
3397	8631
7605	8632
64	8633
4640	8634
2948	8635
3140	8636
6616	8637
547	8638
8500	8639
3866	8640
4580	8641
8079	8642
1887	8643
6724	8644
1454	8645
5305	8646
4738	8647
5533	8648
229	8649
6184	8650
6728	8651
7037	8652
3652	8653
3109	8654
4785	8655
486	8656
9189	8657
1178	8658
5503	8659
5271	8660
4867	8661
719	8662
3473	8663
5292	8664
7816	8665
1694	8666
60	8667
6278	8668
6110	8669
3239	8670
299	8671
2122	8672
196	8673
555	8674
6678	8675
8926	8676
6929	8677
8489	8678
6918	8679
6234	8680
4057	8681
255	8682
6216	8683
1591	8684
1381	8685
8628	8686
5190	8687
3717	8688
5751	8689
113	8690
7494	8691
206	8692
8099	8693
7104	8694
73	8695
9289	8696
7744	8697
3583	8698
1977	8699
7383	8700
781	8701
4682	8702
7686	8703
2230	8704
3386	8705
7570	8706
1616	8707
196	8708
3408	8709
4753	8710
229	8711
1179	8712
970	8713
5387	8714
5123	8715
336	8716
3729	8717
258	8718
645	8719
8483	8720
2356	8721
1782	8722
8336	8723
6878	8724
4573	8725
6032	8726
2349	8727
3496	8728
6369	8729
518	8730
6993	8731
9096	8732
601	8733
1191	8734
3857	8735
4813	8736
2695	8737
2785	8738
408	8739
313	8740
7808	8741
4305	8742
6584	8743
6761	8744
2979	8745
4046	8746
5937	8747
2881	8748
29	8749
8100	8750
2705	8751
6989	8752
6304	8753
7592	8754
2336	8755
6550	8756
9312	8757
8872	8758
1336	8759
4891	8760
2358	8761
4707	8762
8057	8763
3374	8764
8719	8765
4283	8766
5572	8767
6600	8768
6243	8769
6696	8770
3046	8771
6309	8772
7930	8773
8326	8774
117	8775
754	8776
4224	8777
3245	8778
1725	8779
8120	8780
192	8781
8858	8782
2803	8783
8297	8784
3886	8785
4687	8786
6574	8787
8175	8788
994	8789
7865	8790
5636	8791
5645	8792
276	8793
5277	8794
2472	8795
42	8796
6422	8797
2087	8798
1034	8799
1058	8800
5675	8801
5406	8802
4524	8803
469	8804
1250	8805
3077	8806
8237	8807
1425	8808
7039	8809
1647	8810
373	8811
5324	8812
5148	8813
8251	8814
3174	8815
623	8816
349	8817
227	8818
4161	8819
6639	8820
5550	8821
6106	8822
1739	8823
2894	8824
5234	8825
7055	8826
4771	8827
8817	8828
7090	8829
4778	8830
7634	8831
7287	8832
7450	8833
7703	8834
6781	8835
3289	8836
4093	8837
7715	8838
8739	8839
7046	8840
521	8841
6365	8842
9361	8843
8025	8844
2920	8845
7713	8846
9142	8847
9037	8848
4448	8849
4515	8850
5126	8851
736	8852
6598	8853
758	8854
8465	8855
6730	8856
1082	8857
7107	8858
9004	8859
387	8860
326	8861
6666	8862
727	8863
9051	8864
8072	8865
4797	8866
3413	8867
2586	8868
442	8869
4373	8870
1525	8871
2763	8872
2471	8873
8912	8874
3659	8875
8900	8876
5968	8877
5040	8878
256	8879
6035	8880
1475	8881
8632	8882
6887	8883
8176	8884
8252	8885
571	8886
2093	8887
3741	8888
1277	8889
4626	8890
8897	8891
2519	8892
3541	8893
821	8894
5808	8895
1759	8896
136	8897
6640	8898
7465	8899
3550	8900
3075	8901
1757	8902
7996	8903
5169	8904
2802	8905
968	8906
7018	8907
1337	8908
3876	8909
7015	8910
5441	8911
9308	8912
3521	8913
371	8914
1619	8915
8383	8916
9311	8917
5418	8918
7602	8919
5819	8920
879	8921
2285	8922
7052	8923
1850	8924
3962	8925
68	8926
8642	8927
861	8928
1892	8929
5220	8930
3291	8931
5574	8932
3373	8933
317	8934
1902	8935
5864	8936
6631	8937
6985	8938
4246	8939
8516	8940
3017	8941
7948	8942
4270	8943
8808	8944
874	8945
3924	8946
2733	8947
9207	8948
3665	8949
8277	8950
1031	8951
150	8952
6322	8953
6314	8954
5233	8955
1913	8956
1855	8957
8881	8958
3903	8959
191	8960
6319	8961
6717	8962
9369	8963
430	8964
5384	8965
2688	8966
8898	8967
1540	8968
6862	8969
253	8970
6426	8971
5807	8972
2899	8973
6189	8974
2039	8975
5981	8976
3849	8977
6402	8978
2432	8979
2768	8980
9317	8981
2000	8982
6700	8983
1933	8984
8848	8985
7462	8986
964	8987
6673	8988
7235	8989
2913	8990
2067	8991
4320	8992
5015	8993
1002	8994
2096	8995
4788	8996
4919	8997
997	8998
7323	8999
9237	9000
2094	9001
5594	9002
2632	9003
8091	9004
3543	9005
138	9006
368	9007
8049	9008
6227	9009
7779	9010
3527	9011
3470	9012
1987	9013
3590	9014
4	9015
209	9016
1542	9017
2254	9018
5609	9019
897	9020
7118	9021
2011	9022
4815	9023
25	9024
3948	9025
5695	9026
3054	9027
5663	9028
5016	9029
9	9030
4553	9031
9382	9032
221	9033
9406	9034
1387	9035
1720	9036
2305	9037
9106	9038
8533	9039
8496	9040
937	9041
6723	9042
177	9043
3734	9044
9258	9045
8723	9046
3580	9047
2218	9048
8308	9049
4409	9050
2596	9051
4362	9052
7838	9053
5261	9054
5985	9055
3998	9056
2313	9057
4010	9058
5580	9059
629	9060
1490	9061
9065	9062
8546	9063
424	9064
2888	9065
3894	9066
2607	9067
4418	9068
7919	9069
6214	9070
5841	9071
1598	9072
1779	9073
6636	9074
5753	9075
2665	9076
1238	9077
8442	9078
1103	9079
4644	9080
7421	9081
1615	9082
8955	9083
7143	9084
3615	9085
6632	9086
5399	9087
1849	9088
1547	9089
3248	9090
8031	9091
5055	9092
5067	9093
2480	9094
865	9095
3182	9096
1484	9097
4	9098
762	9099
6760	9100
1319	9101
2932	9102
8680	9103
1581	9104
2540	9105
6470	9106
7973	9107
3405	9108
4239	9109
5954	9110
7186	9111
3351	9112
667	9113
169	9114
4861	9115
5321	9116
6839	9117
4530	9118
8415	9119
5273	9120
6539	9121
749	9122
1327	9123
394	9124
2963	9125
3297	9126
6170	9127
7876	9128
3216	9129
3228	9130
5621	9131
4073	9132
5811	9133
6729	9134
958	9135
9101	9136
7901	9137
8163	9138
5341	9139
2065	9140
3233	9141
5557	9142
6127	9143
4350	9144
414	9145
466	9146
8965	9147
3730	9148
145	9149
7447	9150
2454	9151
6232	9152
6266	9153
3883	9154
29	9155
8327	9156
232	9157
3217	9158
4243	9159
3379	9160
2303	9161
1758	9162
1242	9163
358	9164
4796	9165
6657	9166
4408	9167
556	9168
3120	9169
3668	9170
4053	9171
8052	9172
2503	9173
6212	9174
5358	9175
4569	9176
3926	9177
6224	9178
6528	9179
2295	9180
2099	9181
3723	9182
4571	9183
4445	9184
3606	9185
6295	9186
2291	9187
1374	9188
3784	9189
3922	9190
5766	9191
5268	9192
5646	9193
355	9194
2097	9195
2902	9196
2386	9197
578	9198
165	9199
1501	9200
5677	9201
165	9202
4863	9203
2671	9204
4576	9205
2787	9206
1861	9207
8452	9208
8319	9209
103	9210
743	9211
8766	9212
3078	9213
1148	9214
6141	9215
8702	9216
1217	9217
9388	9218
5730	9219
2872	9220
1504	9221
2068	9222
5030	9223
4705	9224
8579	9225
7552	9226
8525	9227
2249	9228
8883	9229
1947	9230
3195	9231
4205	9232
8228	9233
6062	9234
4816	9235
6942	9236
5045	9237
5617	9238
149	9239
1899	9240
5082	9241
312	9242
3167	9243
5199	9244
4147	9245
2173	9246
4464	9247
99	9248
1156	9249
928	9250
8029	9251
5706	9252
95	9253
2265	9254
9246	9255
5391	9256
1945	9257
7062	9258
7880	9259
4977	9260
3878	9261
2091	9262
8493	9263
8472	9264
4657	9265
8417	9266
6907	9267
2255	9268
1344	9269
8236	9270
4984	9271
456	9272
4669	9273
3069	9274
1119	9275
7887	9276
3364	9277
485	9278
596	9279
5145	9280
9268	9281
6011	9282
6237	9283
1718	9284
8799	9285
113	9286
5084	9287
5222	9288
4993	9289
288	9290
2070	9291
6031	9292
6937	9293
6294	9294
260	9295
471	9296
6042	9297
4570	9298
330	9299
8973	9300
5365	9301
6725	9302
4182	9303
1155	9304
4095	9305
8361	9306
419	9307
6441	9308
4522	9309
3843	9310
661	9311
1063	9312
2767	9313
4527	9314
6648	9315
2885	9316
179	9317
2366	9318
8233	9319
1701	9320
5021	9321
7961	9322
4514	9323
8553	9324
282	9325
6842	9326
3410	9327
7451	9328
3969	9329
3690	9330
1157	9331
166	9332
5388	9333
452	9334
557	9335
8539	9336
4461	9337
9231	9338
350	9339
8911	9340
2060	9341
3544	9342
2413	9343
1792	9344
5245	9345
2840	9346
8949	9347
6178	9348
2278	9349
7925	9350
3907	9351
4382	9352
2426	9353
1295	9354
2746	9355
5464	9356
7935	9357
1054	9358
3367	9359
406	9360
8976	9361
470	9362
1025	9363
806	9364
1880	9365
4713	9366
3433	9367
3355	9368
2199	9369
6879	9370
4156	9371
7369	9372
2470	9373
4650	9374
1778	9375
3434	9376
7941	9377
1969	9378
5944	9379
7600	9380
5494	9381
2527	9382
2262	9383
693	9384
1046	9385
1358	9386
1909	9387
7595	9388
631	9389
8382	9390
9227	9391
8736	9392
5810	9393
8975	9394
1807	9395
1127	9396
5034	9397
5535	9398
5085	9399
310	9400
3885	9401
80	9402
9043	9403
5829	9404
5999	9405
7577	9406
5515	9407
1317	9408
272	9409
2931	9410
2543	9411
8384	9412
1645	9413
6291	9414
2003	9415
8807	9416
5737	9417
844	9418
1431	9419
52	9420
5073	9421
1330	9422
7272	9423
6928	9424
200	9425
8826	9426
6135	9427
1346	9428
5186	9429
4997	9430
5	9431
2299	9432
6827	9433
339	9434
9250	9435
9285	9436
8223	9437
8728	9438
9071	9439
8629	9440
9318	9441
9255	9442
5866	9443
222	9444
5160	9445
5397	9446
1724	9447
2321	9448
4059	9449
5770	9450
333	9451
4406	9452
5613	9453
5526	9454
9305	9455
7314	9456
5983	9457
5501	9458
6113	9459
2327	9460
4558	9461
1509	9462
1705	9463
5984	9464
8017	9465
6702	9466
7259	9467
5715	9468
6854	9469
4932	9470
1152	9471
6185	9472
7124	9473
2246	9474
2901	9475
4031	9476
5960	9477
8369	9478
8226	9479
761	9480
8280	9481
4700	9482
8156	9483
6775	9484
3980	9485
2127	9486
8663	9487
5733	9488
8764	9489
1995	9490
5799	9491
6554	9492
8468	9493
2042	9494
8633	9495
4658	9496
4500	9497
3571	9498
8371	9499
324	9500
119	9501
400	9502
1493	9503
3070	9504
8698	9505
7096	9506
219	9507
5460	9508
8517	9509
4539	9510
8961	9511
6448	9512
2442	9513
3089	9514
2616	9515
1894	9516
5490	9517
2903	9518
3733	9519
2163	9520
2496	9521
2829	9522
8963	9523
7251	9524
5105	9525
1176	9526
1872	9527
516	9528
6151	9529
4709	9530
4724	9531
581	9532
7572	9533
5396	9534
3258	9535
7611	9536
8439	9537
236	9538
3770	9539
2328	9540
3864	9541
131	9542
1560	9543
5412	9544
5267	9545
4619	9546
7498	9547
9094	9548
2446	9549
6250	9550
7615	9551
7549	9552
6919	9553
906	9554
5224	9555
563	9556
7694	9557
3191	9558
7412	9559
220	9560
4632	9561
245	9562
93	9563
6537	9564
1053	9565
6463	9566
883	9567
4730	9568
5795	9569
3986	9570
3400	9571
5495	9572
1716	9573
2488	9574
763	9575
1037	9576
1965	9577
952	9578
1583	9579
6858	9580
5421	9581
4694	9582
5603	9583
8958	9584
4563	9585
5338	9586
5760	9587
7446	9588
654	9589
5876	9590
71	9591
1153	9592
5869	9593
7566	9594
7995	9595
4036	9596
2234	9597
3608	9598
3402	9599
6575	9600
7997	9601
458	9602
3835	9603
3636	9604
6486	9605
2531	9606
1564	9607
6642	9608
8151	9609
757	9610
2049	9611
8146	9612
3092	9613
273	9614
6509	9615
1029	9616
361	9617
4396	9618
6936	9619
9214	9620
4685	9621
7087	9622
112	9623
2709	9624
3698	9625
4436	9626
907	9627
7129	9628
7975	9629
1652	9630
1686	9631
6822	9632
7092	9633
2160	9634
2689	9635
6572	9636
7340	9637
8927	9638
5851	9639
193	9640
433	9641
3675	9642
7220	9643
3206	9644
245	9645
2351	9646
4430	9647
7621	9648
1406	9649
92	9650
6041	9651
7806	9652
8617	9653
9347	9654
4754	9655
7561	9656
9117	9657
8184	9658
6338	9659
7430	9660
9252	9661
2754	9662
4035	9663
3992	9664
9316	9665
2455	9666
1876	9667
6852	9668
5429	9669
1422	9670
75	9671
5221	9672
7504	9673
3909	9674
1917	9675
8878	9676
6610	9677
448	9678
7478	9679
9392	9680
9155	9681
2566	9682
8203	9683
6085	9684
9064	9685
1130	9686
2428	9687
1100	9688
54	9689
1736	9690
7796	9691
691	9692
1355	9693
379	9694
2906	9695
939	9696
1272	9697
5966	9698
1206	9699
8659	9700
8969	9701
5567	9702
8796	9703
5565	9704
289	9705
510	9706
9027	9707
1908	9708
8284	9709
3960	9710
5241	9711
2989	9712
2283	9713
5809	9714
2975	9715
77	9716
6921	9717
2457	9718
882	9719
2561	9720
2514	9721
3014	9722
1836	9723
6002	9724
6459	9725
3640	9726
6927	9727
7481	9728
1308	9729
3985	9730
7720	9731
8844	9732
264	9733
5590	9734
6556	9735
989	9736
9323	9737
1070	9738
8077	9739
397	9740
359	9741
4222	9742
8886	9743
7593	9744
4215	9745
4024	9746
5381	9747
2552	9748
4786	9749
7699	9750
1248	9751
4506	9752
490	9753
7048	9754
7625	9755
6967	9756
4466	9757
2215	9758
6286	9759
5298	9760
7855	9761
7216	9762
5639	9763
6483	9764
2674	9765
5702	9766
7166	9767
9113	9768
8615	9769
14	9770
224	9771
2427	9772
6601	9773
2136	9774
88	9775
7361	9776
3597	9777
31	9778
1315	9779
712	9780
4300	9781
2728	9782
1648	9783
8521	9784
1471	9785
4149	9786
7342	9787
6071	9788
4612	9789
4884	9790
3794	9791
4719	9792
2045	9793
406	9794
1897	9795
8874	9796
337	9797
3224	9798
868	9799
2258	9800
36	9801
4420	9802
6707	9803
8458	9804
3660	9805
49	9806
6963	9807
1208	9808
3356	9809
9210	9810
285	9811
4302	9812
2693	9813
475	9814
4332	9815
3299	9816
3913	9817
4363	9818
647	9819
1521	9820
301	9821
301	9822
2010	9823
9049	9824
5959	9825
8552	9826
1120	9827
6001	9828
8457	9829
3779	9830
6674	9831
4982	9832
6207	9833
1658	9834
8480	9835
3080	9836
297	9837
5140	9838
2281	9839
1473	9840
4440	9841
224	9842
8209	9843
5575	9844
1341	9845
4792	9846
3555	9847
535	9848
3645	9849
6435	9850
8582	9851
4195	9852
8933	9853
773	9854
7506	9855
1352	9856
5036	9857
5161	9858
2856	9859
5201	9860
4672	9861
9132	9862
8824	9863
1673	9864
4378	9865
2822	9866
2069	9867
9078	9868
9342	9869
4986	9870
3834	9871
1802	9872
242	9873
3799	9874
84	9875
3163	9876
6597	9877
5699	9878
3573	9879
4526	9880
5474	9881
450	9882
1942	9883
65	9884
3738	9885
4822	9886
2926	9887
8098	9888
5940	9889
7271	9890
2063	9891
3644	9892
8749	9893
6531	9894
3442	9895
6347	9896
2370	9897
393	9898
4852	9899
5077	9900
5611	9901
1006	9902
479	9903
4403	9904
246	9905
246	9906
4629	9907
8393	9908
7617	9909
7470	9910
33	9911
3444	9912
4048	9913
1714	9914
3489	9915
34	9916
9148	9917
3375	9918
554	9919
3871	9920
3701	9921
5246	9922
9222	9923
3021	9924
4739	9925
7060	9926
2298	9927
2203	9928
705	9929
371	9930
8564	9931
6273	9932
5187	9933
6511	9934
128	9935
7769	9936
3013	9937
2604	9938
1703	9939
7509	9940
8269	9941
331	9942
8400	9943
487	9944
2662	9945
6744	9946
9128	9947
8406	9948
2916	9949
263	9950
1507	9951
8358	9952
651	9953
9357	9954
7123	9955
444	9956
7826	9957
2515	9958
4132	9959
4814	9960
5544	9961
1888	9962
4251	9963
6817	9964
4830	9965
3842	9966
3420	9967
529	9968
412	9969
1500	9970
2563	9971
36	9972
7375	9973
7907	9974
6264	9975
7040	9976
3942	9977
5633	9978
8618	9979
5908	9980
4880	9981
7435	9982
2983	9983
6401	9984
597	9985
8094	9986
2463	9987
665	9988
186	9989
7431	9990
7848	9991
373	9992
2624	9993
4552	9994
5853	9995
7464	9996
8124	9997
190	9998
4606	9999
2790	10000
