14	185	41	8.55
14	289	39	83.69
859	515	3	24.3
1221	260	3	22.96
290	138	4	8.53
151	318	4	11.17
141	441	5	18.41
151	266	5	13.88
21	614	17	8.48
919	114	7	35.02
2418	14	4	8.56
1051	106	8	39.34
112	2136	3	14.08
8	367	5	14.24
12	1731	6	11.42
825	101	7	7.02
753	117	4	12.66
730	105	4	8.22
694	130	3	9.21
806	12	11	11.74
462	236	3	14.39
113	405	9	30.28
12	2122	5	9.52
753	542	3	23.58
266	179	3	7.68
1583	2321	4	62.95
759	142	3	11.73
162	314	4	12
168	529	3	11.2
305	139	4	9.25
684	12	11	7.45
449	111	6	15.43
192	1519	3	19.97
3658	102	3	14.56
2623	706	4	53.19
125	855	6	29.75
289	806	8	73.22
329	237	3	11.7
109	395	5	8.57
161	381	3	9.42
458	14	17	22.01
371	122	7	22.77
146	3130	3	25.72
12	790	11	11.74
325	495	4	26.04
440	1120	7	77.9
706	101	8	7.87
166	728	4	20.44
105	146	16	9.28
570	413	3	20.43
120	164	8	8.41
404	168	3	9.63
9	567	4	13.7
2041	117	5	36.1
107	1469	3	9.31
890	269	3	19.34
934	234	4	27.57
118	334	7	18.22
1870	106	4	19.64
624	267	4	25.88
12	336	33	62.97
130	110	34	58.6
12	128	99	12.05
273	193	3	8.01
121	596	3	7.76
754	16	3	9.87
1637	152	5	38.72
215	145	5	10.03
1837	106	6	36.84
102	110	56	15.64
492	21	21	10.47
621	250	4	24.62
627	457	6	54.75
139	305	4	9.25
21	491	21	10.47
1081	122	3	10.9
697	13	3	6.92
226	1273	4	30.58
112	416	5	10.76
474	1287	3	26.58
135	102	43	37.29
102	362	18	49.43
315	1671	4	40.48
104	2217	4	18.65
1100	148	4	21.32
14	799	10	9.87
124	14	110	26.18
136	134	9	7.62
222	101	21	7.69
1287	117	3	11.33
12	2827	4	7.61
146	1025	3	13.69
349	308	3	14.49
227	696	3	16.39
1368	112	3	10.42
102	1173	5	12.65
131	821	3	10.34
176	199	4	8.3
1912	170	5	47.05
176	127	8	11.72
215	1266	3	20.42
103	118	50	51.99
385	114	5	10.92
101	3311	3	9.52
404	575	3	19.92
21	148	125	23.74
21	327	32	6.79
223	221	3	7.87
102	409	7	8.15
1119	333	5	45.59
334	12	24	15.83
1659	103	3	8.86
461	163	4	16.11
1477	934	4	46.61
122	647	6	24.96
1357	122	3	12.44
111	553	4	8.57
2785	354	3	30.67
633	1889	4	47.59
343	2479	3	30.46
631	116	4	11.64
102	3075	3	14.56
302	193	35	341.69
21	584	18	8.98
21	404	26	12.97
113	2138	3	14.27
317	14	27	34.32
132	123	15	18.48
13	787	5	18.56
275	207	3	8.97
106	1665	3	10.37
673	189	3	15.19
104	844	4	9.13
701	21	15	7.48
2270	12	4	7.61
12	112	220	122.8
12	183	64	49.52
12	287	27	13.68
890	122	3	9.71
550	107	5	10.25
214	135	5	7.61
1607	407	3	27.77
186	247	3	7.09
488	838	4	34.89
270	139	6	16.26
120	658	6	24.55
314	229	3	11.08
104	331	6	6.95
293	231	3	10.76
14	381	20	22.01
260	916	3	19.67
157	116	11	11.59
12	697	12	10.77
875	727	4	38.58
1769	113	3	12.74
134	104	27	22.73
101	360	17	20.17
2330	343	3	30.46
806	473	3	23.14
14	1305	7	9.79
123	1525	3	13.61
266	16	4	6.85
235	274	3	10.36
2867	12	4	7.61
307	153	3	6.69
164	120	8	8.41
451	124	4	10.35
116	157	11	11.59
476	12	14	8.08
9	1858	3	15.98
417	181	3	11.08
139	982	3	12.38
168	125	13	26.94
101	156	36	6.69
1595	102	4	12.15
102	918	6	14.9
806	1594	3	32.31
2519	14	4	8.56
381	1053	3	24.14
320	905	3	21.31
1703	3334	3	46.35
188	204	4	9.49
108	982	4	12.26
403	12	25	40.16
2195	1703	3	39.62
101	441	12	11.3
216	448	4	20.41
1131	108	8	46.16
286	167	3	7.3
189	2904	3	29.08
262	511	4	23.53
481	1544	4	40.59
116	229	7	10.61
1086	661	3	27.03
188	534	3	12.76
2813	105	3	13.56
1811	12	5	9.52
441	101	12	11.3
118	826	4	13.5
463	160	3	10.02
175	108	9	7.47
1661	102	4	12.15
3051	108	3	19.6
112	1808	3	12.56
202	21	66	9.78
513	121	5	16.52
1547	723	3	30.57
573	3271	3	38.45
161	308	3	7.35
125	1627	4	23.16
1028	146	3	13.69
1392	111	3	11.03
451	426	3	18.86
703	12	11	7.45
170	1961	4	32.61
101	230	24	15.09
2188	106	5	30.69
210	496	3	13.18
3402	104	3	17.65
918	362	3	22.32
21	198	73	28.94
16	2	15	10.76
2229	14	5	10.7
236	14	31	13.87
222	1468	3	21.54
704	395	4	30.59
420	475	3	18.88
256	735	3	17.78
12	1185	8	9.93
128	361	4	9.02
1703	8	3	15.78
121	12	132	43.68
144	567	3	9.71
106	2553	3	14
12	565	13	8.36
149	12	91	53.11
464	151	3	9.22
768	106	7	25.62
114	158	12	14.01
182	171	12	46.15
398	106	5	7.22
303	121	8	24.1
159	1561	4	26.44
228	110	7	7.67
153	102	21	8.83
248	974	3	19.28
670	678	4	35.82
964	3372	3	41.78
102	1609	3	6.79
118	105	26	10.29
298	206	3	9.62
118	161	9	8.93
111	504	7	22.46
805	126	3	9.52
128	242	5	8.55
1238	562	5	54.16
327	326	3	14.28
715	318	3	19.9
21	589	18	8.98
107	14	186	7.78
327	241	9	57.61
255	123	5	8.15
183	562	4	19.58
21	490	21	10.47
151	1113	3	14.96
147	364	3	7.3
109	1039	3	7.96
376	259	3	13.51
14	2209	5	10.7
1532	103	4	13.23
1298	413	3	26.02
331	164	3	7.99
331	101	15	10.4
14	872	9	8.28
273	145	4	8.67
525	225	3	14.34
12	257	34	22.06
130	228	6	11.37
192	949	3	16.7
299	187	3	8.72
108	2739	3	15.18
250	1509	3	22.7
473	806	3	23.14
117	672	4	12.07
222	178	4	9.93
398	151	3	8.25
332	828	5	40.99
170	346	4	14.24
132	474	5	16.97
495	959	3	24.9
183	12	64	49.52
576	3779	3	38.45
2065	101	4	8.15
576	1472	3	28.9
573	21	18	8.98
216	630	7	54.34
21	691	15	7.48
590	861	3	24.98
158	114	12	14.01
3179	106	3	18.4
289	859	6	50.94
637	12	12	8.76
122	500	5	16.23
122	560	7	30.74
527	12	14	8.08
127	157	8	8.27
101	9	52	7.56
1627	2144	4	57.95
136	658	4	15.1
1779	122	6	45.69
477	101	11	10.44
167	294	4	12.31
202	259	3	8.03
623	101	9	9.85
1204	104	3	6.84
500	200	4	20.12
221	132	6	10.91
458	123	5	16.52
205	1894	3	23.29
104	162	19	21.54
1	175	4	6.87
270	21	44	21.98
106	1323	6	28.03
2	1063	3	8.97
102	1902	3	8.2
976	146	11	94.95
920	8	5	25.09
416	112	5	10.76
560	144	4	15.85
300	174	4	13.13
12	1937	5	9.52
105	1549	6	30.31
3678	101	3	9.52
101	458	10	8.6
126	505	3	6.95
343	152	14	82.24
14	859	9	8.28
102	1500	4	10.41
130	293	4	7.42
391	233	3	13.14
535	261	7	51.88
331	107	6	8.25
447	101	12	11.3
2560	101	4	12.7
429	12	17	10.23
289	109	6	8.37
107	153	15	11.87
2167	107	3	11.95
21	551	19	9.48
107	256	7	7.14
105	2125	3	11.43
2277	1931	3	47.94
327	21	32	6.79
268	116	6	9.79
229	175	4	10.58
285	106	22	82.41
306	156	4	11.27
234	2497	4	41.92
334	202	3	10.04
697	12	12	10.77
1764	105	4	16.51
1096	9	3	12.22
165	314	3	7.66
101	3192	3	9.52
101	3268	3	9.52
8	1703	3	15.78
222	179	4	10.19
247	522	3	15.35
601	164	3	11.92
170	8	11	23.72
385	142	3	7.99
1389	102	4	9.06
101	2134	4	8.15
14	603	15	21.48
130	550	3	7.8
9	630	3	10.5
133	110	20	17.77
2217	102	3	8.2
120	1053	3	10.7
148	361	3	7.15
1727	109	3	11.56
354	192	3	10.36
1630	509	3	29.45
185	1389	3	18.43
210	474	3	12.89
127	12	194	272.99
101	137	48	7.99
14	1528	6	7.93
806	289	8	73.22
755	332	7	62.7
262	1	3	6.76
611	21	17	8.48
183	822	3	14.9
2092	102	4	14.6
1145	113	3	9.79
2290	706	4	53.19
626	129	3	9.04
122	159	20	51.6
699	151	5	25.01
615	103	5	8.92
169	617	5	26.24
277	12	25	7.51
189	144	6	10.58
1975	101	4	8.15
127	350	4	8.23
103	2198	3	10.33
156	930	3	14.01
2190	2327	3	43.44
101	1367	5	6.66
1968	194	3	22.62
170	965	3	15.42
636	16	3	9.05
12	2552	4	7.61
104	102	99	53.41
242	128	5	8.55
950	145	3	12.96
161	397	4	14.58
105	118	26	10.29
157	165	5	7.13
109	2734	3	15.22
202	362	6	30.01
14	473	22	47.14
231	212	3	7.8
175	1	4	6.87
2057	102	3	8.2
102	1920	4	14.6
175	14	73	101.01
12	757	12	13.32
102	2056	3	8.2
536	396	3	19.57
1127	105	3	7.11
565	987	9	108.85
469	8	5	17.07
221	117	10	20.99
14	1341	8	17.12
189	165	4	6.65
12	1955	5	9.52
267	234	6	28.44
841	108	3	6.8
12	1698	6	11.42
256	184	4	11.69
158	188	5	9.28
2327	101	4	12.7
21	705	15	7.48
108	1661	3	11.51
248	144	7	20.68
129	477	7	28.96
934	2370	4	56.17
536	215	5	30.01
2813	422	3	32.09
108	1042	3	7.92
319	111	5	7.23
131	123	15	18.86
131	223	5	7.94
1871	175	3	20.52
2	709	3	6.89
123	363	10	40.41
385	1	3	9.98
241	129	6	12.05
9	343	7	24.31
14	2510	4	8.56
109	741	4	10.84
949	1805	3	33.47
404	455	4	27.1
12	424	17	10.23
192	959	5	34.19
14	832	11	14.06
2458	12	4	7.61
672	117	4	12.07
173	126	8	10.88
112	447	5	11.57
267	624	4	25.88
1881	1894	3	41.21
165	150	6	9.49
21	132	166	15.06
308	173	3	8.11
596	121	3	7.76
107	564	4	6.91
119	1897	3	15.42
106	768	7	25.62
159	225	4	8.02
21	388	26	12.97
21	524	20	9.98
21	600	17	8.48
1162	219	4	28.75
101	2156	4	8.15
343	603	3	19.19
261	21	42	7.98
409	158	3	9.36
240	107	8	8.83
348	164	3	8.34
268	195	4	12.92
141	2511	3	20.67
2608	12	4	7.61
179	151	5	7.9
1697	776	3	32.31
130	139	11	13.39
2757	12	4	7.61
381	101	12	9.44
747	194	3	14.93
2643	12	4	7.61
118	103	50	51.99
3701	101	3	9.52
550	178	3	12.27
325	2324	3	29.88
3509	113	3	20.87
148	1731	3	17.7
110	962	3	7.48
159	559	4	17.17
159	499	4	16.27
1256	191	7	62.39
101	2462	4	12.7
183	202	4	8.63
108	408	20	103.87
341	21	32	15.97
448	630	3	23.14
582	136	3	8.79
894	114	3	8.1
299	157	3	6.77
12	429	17	10.23
149	13	11	9.61
12	174	71	57.3
624	117	5	16.82
12	126	121	29.37
103	2666	3	12.43
835	111	3	7.44
12	294	26	13.84
1542	101	5	8.41
186	314	3	8.8
9	469	3	7.34
706	2623	4	53.19
241	408	3	13.48
187	21	81	40.54
147	395	3	7.7
129	609	4	13.42
544	131	3	8.03
960	16	3	11.42
21	573	18	8.98
21	521	20	9.98
317	108	5	7.03
1071	169	3	15.82
409	113	4	7.46
114	1140	3	9.95
101	2147	4	8.15
104	2060	3	11.14
510	1352	3	27.19
914	371	3	22.75
102	259	13	14.01
729	101	9	12.62
112	317	5	8.49
104	3402	3	17.65
959	495	3	24.9
989	12	9	8.66
114	1752	3	12.91
194	783	5	31.79
2469	109	3	15.22
1894	1881	3	41.21
2218	14	5	10.7
12	1964	5	9.52
210	123	12	31.79
1454	2230	3	38.38
540	893	6	60.7
101	1121	7	13.6
12	684	11	7.45
156	900	3	13.43
259	102	13	14.01
483	21	21	10.47
458	153	3	10.06
14	2754	4	8.56
198	117	8	10.71
1706	109	3	11.56
314	224	3	10.67
859	111	7	31.52
101	3820	3	9.52
181	513	4	19.06
487	166	4	16.88
543	115	4	9.57
509	359	4	27.1
1094	118	4	15.93
112	1852	4	20.08
735	21	14	6.98
142	248	5	12.23
185	251	3	7.2
855	150	4	19.98
712	125	3	8.95
1035	14	8	8.79
226	1787	3	22.88
101	14	858	64.26
419	329	11	95.62
106	335	6	8.1
1787	226	3	22.88
245	101	25	21.58
1294	117	7	44.61
151	312	5	15.89
206	298	3	9.62
1207	105	3	7.11
410	9	5	16.05
1544	481	4	40.59
1864	120	3	14.42
113	211	8	11.21
1937	12	5	9.52
806	109	8	35.54
21	759	14	6.98
1080	589	4	38.08
262	291	4	17.91
688	106	7	23.02
2278	14	4	8.56
329	419	11	95.62
188	1	4	7.2
188	14	44	14.38
276	145	8	28.65
142	144	53	294.3
1226	122	3	12.44
963	101	7	9.63
175	391	4	16.46
185	236	3	6.77
12	1107	9	11.61
14	172	39	8.13
651	151	3	11.15
807	9	6	30.77
14	124	110	26.18
14	224	32	9.83
203	12	38	7.07
1101	101	6	7.42
175	188	6	16.33
287	236	3	10.78
1932	105	3	11.43
402	649	3	20.94
895	113	3	7.94
553	21	19	9.48
1910	102	4	14.6
248	554	3	15.67
104	121	42	54.3
691	21	15	7.48
364	175	4	15.56
128	2431	3	19.21
1080	131	3	12.06
16	960	3	11.42
584	21	18	8.98
151	464	3	9.22
199	2	7	6.65
158	425	4	14.82
216	355	3	11.56
113	400	4	6.89
174	12	71	57.3
787	13	5	18.56
1066	101	7	11.38
105	1429	3	8.81
1184	375	3	24.17
112	812	3	7.28
127	547	3	7.29
112	760	3	6.84
1216	726	4	41.48
8	807	6	30.38
409	127	4	10.15
21	422	24	11.97
21	354	30	14.97
452	440	3	19.13
534	12	13	6.91
215	150	5	10.94
189	855	3	15.73
14	1755	6	12.84
2754	14	4	8.56
142	1674	3	17.75
104	2531	3	13.26
237	162	4	8.97
1525	123	3	13.61
1795	113	3	12.74
617	12	15	18.21
1205	8	5	27.81
14	2329	4	8.56
153	279	4	10.11
686	117	3	7.28
447	222	3	13.47
182	153	6	11.86
222	107	8	7.5
294	120	6	13.59
751	12	11	9.32
125	1358	3	12.65
105	2185	4	19.05
732	101	9	12.62
13	1061	3	9.43
300	1006	6	53.45
14	806	12	19.47
219	381	4	19.32
144	388	3	7.56
2384	448	3	32.65
663	14	11	7.87
914	267	6	50.85
1833	12	6	11.42
183	13	37	153.44
21	301	37	18.47
159	396	3	8.84
1440	12	6	6.66
3679	101	3	9.52
21	119	221	12.94
16	266	4	6.85
139	441	8	37.71
760	112	3	6.84
215	536	5	30.01
346	1961	4	41.75
286	1021	6	53.77
190	103	13	10.29
2042	139	3	18.35
358	112	5	9.07
280	957	3	21.18
204	139	6	11.61
830	101	7	7.02
132	2702	3	19.46
1376	12	7	8.27
2564	12	4	7.61
122	1692	3	14.62
156	301	3	6.68
317	1305	3	24.2
1510	14	6	7.93
294	167	4	12.31
109	848	8	39.82
1195	125	3	11.83
349	223	3	11.65
14	2147	5	10.7
1916	16	5	40.09
120	116	22	23.48
1378	379	3	25.27
175	2510	3	24.3
214	107	8	6.73
2829	101	4	12.7
103	2761	3	12.43
12	259	33	19.3
112	120	18	11.51
215	8	7	15.02
564	12	18	34.3
135	540	4	13.25
899	147	4	19.49
205	250	5	18.61
799	14	10	9.87
159	189	5	9.21
21	372	28	13.97
490	21	21	10.47
111	914	5	19.14
162	221	5	12.32
189	316	6	26.76
234	443	4	20.86
726	226	4	24.98
3589	168	3	27.78
1025	12	10	19.04
445	475	3	19.41
1003	101	6	7.42
221	197	4	10.67
13	12	163	36.35
2358	12	4	7.61
104	164	15	12.22
104	299	7	8.57
519	21	19	9.48
1348	102	4	9.06
504	267	6	41.64
14	501	17	22.01
2221	14	5	10.7
156	675	6	33.6
117	248	8	16.44
3427	16	3	24.02
117	165	12	18.04
2470	106	3	14
274	235	3	10.36
1438	104	3	8.52
170	845	11	97.39
2731	163	3	22.95
741	109	4	10.84
838	488	4	34.89
556	153	3	10.37
178	222	4	9.93
324	572	3	18.25
116	527	4	9.32
1097	440	4	35.9
101	2942	3	9.52
281	101	16	7.4
158	124	8	8.36
609	129	4	13.42
103	3218	3	16.81
658	106	4	7.69
127	14	103	19.11
311	121	5	11.8
491	129	3	7.06
632	214	8	60.31
1205	1637	5	68.24
21	706	15	7.48
3241	101	3	9.52
110	583	6	17.57
2384	930	4	56.17
102	903	5	9.26
2169	12	5	9.52
764	934	3	27.75
297	12	24	10.42
231	520	8	57.66
175	350	3	9.53
1	385	3	9.98
242	363	7	43.04
161	14	53	10.54
1676	106	3	10.37
2273	14	4	8.56
726	1216	4	41.48
170	625	3	12.96
314	14	21	8.65
727	21	14	6.98
602	104	8	24.6
453	2526	3	32.36
2	2385	4	27.66
157	101	37	8.42
3394	101	3	9.52
118	812	3	8.28
14	398	16	8
157	299	3	6.77
113	1145	3	9.79
175	12	48	11.85
102	2057	3	8.2
134	233	5	8.5
127	398	4	9.54
393	153	3	8.3
1083	12	8	7.17
102	850	6	13.6
174	137	24	98.18
698	21	15	7.48
289	718	11	110.93
364	147	3	7.3
116	171	8	7.25
224	207	3	7.09
1257	102	5	14.24
103	1836	3	8.86
430	347	7	54.2
826	118	4	13.5
107	240	8	8.83
562	183	4	19.58
390	161	3	9.19
534	188	3	12.76
21	523	20	9.98
418	144	3	7.78
16	558	4	13.49
109	1647	3	11.56
429	142	3	8.45
2462	101	4	12.7
1533	181	5	40.25
722	117	3	7.69
3820	101	3	9.52
9	447	4	11.69
1464	127	3	13.8
242	802	3	17.9
1700	12	6	11.42
153	107	15	11.87
448	930	4	35.33
102	1623	5	19.05
335	512	3	17.76
156	573	5	23.63
381	102	11	21.74
964	3378	3	41.78
3103	280	3	34.02
14	1087	8	8.79
192	855	3	16.11
124	533	3	6.9
2	16	15	10.76
130	530	3	7.8
371	914	3	22.75
3271	573	3	38.45
520	14	13	7.8
656	127	3	9.57
1592	921	5	65.44
114	168	9	8.37
779	12	10	7.92
132	1335	3	13.52
1468	12	6	6.66
611	834	6	61.02
937	126	4	16.74
822	183	3	14.9
261	500	7	51
949	959	3	28.9
1219	106	3	7.52
278	21	42	20.97
169	580	4	18.44
192	1805	3	21.2
1731	102	4	12.15
265	104	8	9.28
1479	117	4	19.47
325	2374	3	29.88
160	139	6	6.75
1880	8	3	19.53
1553	14	6	7.93
243	550	3	15.43
166	108	25	57.76
273	116	7	13.64
237	329	3	11.7
156	448	4	15.2
2	406	7	19.96
2780	14	4	8.56
711	136	3	9.89
12	1500	7	13.33
196	108	9	8.59
111	487	4	7.81
102	141	24	7.5
285	383	3	14.93
507	182	3	12.47
826	2	3	7.33
467	128	4	11.41
234	934	4	27.57
139	204	6	11.61
3616	101	3	9.52
107	185	12	12.37
2321	1583	4	62.95
317	157	3	7.57
289	337	3	13.81
236	185	3	6.77
318	715	3	19.9
583	12	13	8.36
135	253	5	9.99
806	718	11	146.15
173	21	93	46.58
265	175	3	7.55
559	131	3	8.35
473	718	3	22.64
192	981	3	17.36
1500	110	3	10.51
408	148	3	7.95
187	348	4	15.3
2324	2374	3	45.67
147	259	4	8.34
779	172	6	40.87
202	183	4	8.63
14	188	44	14.38
111	2078	3	13.72
3311	101	3	9.52
225	159	4	8.02
104	602	8	24.6
171	121	10	17
515	267	4	23.9
995	131	6	34.82
1366	102	5	14.24
1787	125	3	14.84
1893	851	4	50.31
21	655	16	7.98
21	723	14	6.98
647	21	16	7.98
522	104	5	8.56
105	1127	3	7.11
101	12	849	8.8
101	245	25	21.58
1836	103	3	8.86
1309	111	3	10.07
740	163	4	20.06
110	197	9	9.14
249	12	34	19.07
110	130	34	58.6
127	391	4	9.54
230	101	24	15.09
12	1965	5	9.52
3192	101	3	9.52
286	233	15	108.51
164	118	10	11.97
654	129	3	8.65
116	14	125	10.16
641	16	3	9.05
542	510	4	31.07
104	134	27	22.73
106	1219	3	7.52
133	455	4	11.41
369	104	6	8.24
139	2042	3	18.35
12	2587	4	7.61
207	467	4	19.53
14	391	23	33.2
388	109	10	32.22
123	242	10	28.22
259	164	7	25.62
175	172	6	16.62
1250	101	6	10.97
269	890	3	19.34
2813	192	3	24.99
242	206	4	12.62
575	108	8	28.39
1117	102	4	7.97
157	134	8	9.84
14	428	24	51.43
101	1289	5	6.66
14	376	17	8.11
426	451	3	18.86
155	257	6	18.61
128	648	3	8.73
1167	14	7	7.12
12	1920	5	9.52
999	228	6	47.78
101	397	13	11.19
1477	152	3	16.95
664	141	5	22.42
832	104	4	8.47
1920	12	5	9.52
2036	105	3	11.43
178	352	3	9.33
164	130	7	7.94
109	1277	6	30.49
9	1880	3	19.72
21	608	16	7.98
505	126	3	6.95
158	12	59	8.65
1924	102	4	14.6
101	322	18	17.49
102	1698	3	6.79
117	221	10	20.99
570	21	18	8.98
2187	102	3	8.2
14	223	30	7.41
124	618	3	7.84
102	3564	3	14.56
188	305	3	8.94
114	647	5	15.9
188	12	48	15.01
167	751	6	37.03
669	117	3	6.91
1897	115	3	14.56
774	105	4	8.82
101	3394	3	9.52
294	175	4	13.4
565	145	3	9.83
706	2290	4	53.19
197	116	15	34.99
391	416	3	17.83
857	113	3	7.94
140	189	5	6.8
21	302	35	7.95
139	412	3	7.35
2629	14	4	8.56
141	888	3	11.91
9	17	3	15.98
3802	101	3	9.52
2099	107	3	11.95
1818	3435	3	46.35
118	1159	3	10.66
265	268	3	11.2
163	213	4	8.01
128	445	3	6.63
111	331	5	7.73
340	176	3	9.08
12	1547	6	6.66
268	107	7	8.09
102	243	11	7.63
106	1057	4	11.65
261	189	3	7.69
106	953	4	10.79
429	123	5	14.63
21	421	25	12.47
21	557	19	9.48
264	21	45	22.48
172	175	6	16.62
120	313	5	10.12
2041	119	4	24.46
105	721	4	8.22
1106	13	3	9.43
783	194	5	31.79
12	274	27	10.27
113	1795	3	12.74
343	9	7	24.31
1527	105	3	8.81
211	982	3	17.75
396	410	3	17.83
122	173	8	10.2
902	186	3	15.58
102	752	5	8.43
1658	102	3	6.79
162	237	4	8.97
684	14	12	13.19
267	521	4	23.9
579	764	3	24.43
110	175	12	15.78
12	637	12	8.76
689	136	3	9.89
14	441	18	18.66
553	111	4	8.57
109	516	5	11.42
104	179	15	17.08
227	289	4	16.34
159	1680	4	28.34
571	101	9	7.74
105	2813	3	13.56
168	3855	3	27.78
185	167	5	10.38
123	575	3	7.43
473	14	22	47.14
175	381	7	38.14
1766	14	6	12.84
333	1119	5	45.59
982	108	4	12.26
274	175	7	29.86
145	116	19	31.16
14	1392	7	14.98
1637	920	5	65.44
806	14	12	19.47
734	113	3	7.01
141	486	5	19.39
21	613	17	8.48
121	188	8	12.56
311	671	4	28.55
255	350	3	12.77
334	142	3	6.67
358	243	3	12.61
220	683	3	15.97
465	1170	3	25.71
635	104	4	6.84
14	2418	4	8.56
1343	102	4	9.06
106	2084	3	11.86
197	221	4	10.67
9	235	6	12.89
119	655	4	12.03
1609	685	3	31.35
316	122	7	19.54
130	361	5	13.57
102	1185	4	7.97
243	199	3	7.58
299	217	3	10.61
14	1054	8	17.12
3869	185	3	28.93
12	127	194	272.99
425	120	5	14.01
1999	12	5	9.52
404	21	26	12.97
14	2267	4	8.56
960	221	3	18.05
101	3584	3	9.52
16	1225	3	13.62
132	136	14	21.25
160	113	10	8.9
391	104	7	12.99
132	271	8	24.34
373	21	28	13.97
150	165	6	9.49
1134	118	4	16.97
1627	125	4	23.16
21	492	21	10.47
367	9	4	9.89
395	109	5	8.57
215	144	6	13.82
179	298	3	8.52
179	222	4	10.19
1964	12	5	9.52
111	449	6	15.43
918	183	5	33.03
317	12	20	7.45
101	2293	4	12.7
101	2209	4	8.15
420	167	4	15.66
1129	14	7	7.12
710	239	5	33.89
507	175	3	12.47
855	981	3	28.97
474	21	22	10.97
675	156	6	33.6
137	782	4	17.37
675	108	4	9.59
447	8	3	6.91
12	2855	4	7.61
182	245	3	6.85
182	12	51	16.84
662	114	9	41.81
299	14	22	9.74
149	171	5	6.89
215	1191	5	39.44
124	143	17	31.85
260	251	4	16.25
250	205	5	18.61
1560	533	3	28.21
1902	102	3	8.2
127	711	3	8.69
700	343	3	20.01
920	1637	5	65.44
121	171	10	17
108	1168	3	8.6
380	153	3	8.3
542	726	3	23.58
338	420	5	33.36
491	12	17	15.84
101	157	37	8.42
168	226	12	54.39
396	159	3	8.84
111	687	6	21.1
150	1033	5	30.12
899	999	3	28.3
138	169	7	10.77
126	191	6	6.96
109	21	318	8.09
343	1205	4	34.41
129	418	4	10.3
2636	14	4	8.56
171	116	8	7.25
152	343	14	82.24
152	267	4	9.41
105	422	5	7.33
14	9	86	14.51
365	111	10	32.63
14	458	17	22.01
3671	101	3	9.52
105	166	13	9.57
560	122	7	30.74
175	229	4	10.58
12	802	10	7.92
314	186	3	8.8
242	244	3	9.49
114	1057	3	9.26
9	1096	3	12.22
1126	1034	4	44.77
271	21	40	9.93
110	133	20	17.77
2590	12	4	7.61
192	1535	3	19.97
14	1152	7	7.12
2	1795	3	12.61
304	267	4	18.92
304	132	4	7.99
319	21	35	17.47
14	153	56	7.44
274	265	3	11.33
102	1867	3	6.79
210	1335	3	19.65
102	1731	4	12.15
123	429	5	14.63
383	285	3	14.93
14	1529	7	14.98
102	892	5	9.26
337	267	4	19.89
578	102	6	8.43
21	707	15	7.48
150	855	4	19.98
164	104	15	12.22
101	2672	3	9.52
104	1432	3	8.52
110	265	8	13.78
267	371	3	13.9
2833	12	4	7.61
249	13	11	28.13
343	3062	3	34.96
615	149	3	10.64
266	151	5	13.88
155	174	8	19.09
416	127	5	14.52
2694	105	3	13.56
12	751	11	9.32
175	157	5	8.65
259	231	5	21.06
102	2122	3	8.2
712	413	5	43.23
14	2875	4	8.56
129	180	6	6.73
2078	114	3	14.44
1470	113	3	11.56
109	482	4	7.06
104	150	16	10.12
234	1309	4	30.87
1811	14	5	10.7
12	158	59	8.65
117	974	6	28.45
12	110	183	17.78
131	995	6	34.82
1078	123	4	17.48
14	972	11	23.54
1950	102	3	8.2
630	8	3	10.31
732	452	3	22.35
129	626	3	9.04
103	1263	3	6.85
102	3005	3	14.56
21	590	18	8.98
21	538	19	9.48
827	13	3	7.77
107	12	257	58.63
475	445	3	19.41
2761	103	3	12.43
128	158	7	6.92
952	113	3	8.48
340	148	3	6.8
12	1440	6	6.66
638	21	16	7.98
507	104	10	33.64
2219	276	3	26.34
102	379	9	12.66
1011	102	6	18.23
265	235	3	10.23
112	385	4	6.67
21	197	68	6.97
2229	12	5	9.52
261	413	5	30.2
1563	168	7	65.12
115	199	7	7.38
1120	440	7	77.9
294	149	4	10.16
2243	101	5	15.87
153	556	3	10.37
101	3241	3	9.52
182	292	4	13.4
114	310	7	15.47
117	720	3	7.69
12	362	27	34.9
299	123	5	10.45
718	125	9	51.28
14	718	14	29.97
1637	1205	5	68.24
124	187	7	9.45
8	1637	5	34.66
666	406	4	31.26
421	21	25	12.47
221	960	3	18.05
529	175	3	12.15
457	189	4	18.64
848	109	8	39.82
149	142	8	12.59
428	8	3	6.68
956	12	10	13.32
764	579	3	24.43
1519	192	3	19.97
265	149	5	13.45
285	101	18	12.19
163	281	3	6.74
163	130	7	7.84
343	920	4	32.37
103	1534	3	7.74
1217	182	4	26.14
21	182	84	42.05
1305	128	3	13.28
21	234	55	27.49
289	14	39	83.69
115	543	4	9.57
409	141	3	7.69
927	102	11	53.47
590	21	18	8.98
338	134	5	13.28
327	111	5	7.47
1637	9	5	35
638	215	3	15.65
102	287	9	6.77
2344	1921	4	65.59
102	183	20	16.84
122	758	3	8.75
143	117	21	38.76
711	157	3	12.08
2019	101	4	8.15
12	155	67	16.06
1122	12	8	9.93
129	709	3	9.46
182	444	3	11.3
120	121	16	15.99
262	1695	3	24.2
555	21	19	9.48
108	123	19	10.81
391	175	4	16.46
331	102	9	9.47
142	383	3	7.99
117	418	4	8.03
148	21	125	23.74
231	106	8	7.96
575	123	3	7.43
416	113	4	7.16
397	161	4	14.58
146	277	7	23.3
132	728	5	22.01
1	176	5	10.13
350	127	4	8.23
1127	146	5	30.68
114	919	7	35.02
104	107	39	8.41
106	1270	3	8.29
151	387	3	8.03
2921	146	3	25.72
199	176	4	8.3
122	21	225	113.55
2134	104	3	11.14
142	1147	4	23.69
122	304	6	14.58
102	697	6	10.6
249	202	3	7.79
110	104	32	7.23
333	293	6	36.75
101	457	10	7.72
101	381	12	9.44
122	499	6	21.87
250	621	4	24.62
169	1071	3	15.82
3241	150	3	26.27
168	260	4	10.71
102	2220	3	8.2
755	194	3	14.93
281	163	3	6.74
283	174	3	7.72
207	231	3	7.47
536	159	4	16.71
123	394	4	9.02
2123	108	3	13.02
192	367	7	37.42
498	14	13	6.63
515	504	3	20.91
397	101	13	11.19
1	115	8	7.02
530	130	3	7.8
978	120	3	10.08
458	112	4	8.6
14	2871	4	8.56
12	651	14	16.56
12	771	12	16.78
920	343	4	32.37
807	410	4	32.6
157	318	3	7.23
336	323	27	307.45
471	3626	3	37.44
1225	16	3	13.62
406	2	7	19.96
846	2741	3	36.68
16	2369	4	32.05
266	104	7	6.9
2478	102	3	10.24
455	404	4	27.1
224	314	3	10.67
184	256	4	11.69
351	305	3	14.69
199	115	7	7.38
567	144	3	9.71
221	1298	4	30.15
170	1912	5	47.05
542	117	4	10.13
21	731	14	6.98
632	101	8	6.88
361	130	5	13.57
271	594	3	17.32
455	207	3	12.53
1741	131	3	15.81
311	175	4	14.77
3559	764	3	40.62
413	473	6	48.3
261	2255	3	28.14
1323	106	6	28.03
9	807	6	30.77
171	265	3	7
109	9	24	28.74
104	422	7	14.09
204	188	4	9.49
1536	109	5	27.44
176	12	46	6.78
274	671	3	17.57
156	101	36	6.69
130	547	5	18.29
13	2144	4	23.38
582	21	18	8.98
839	16	4	17.06
965	14	11	23.54
435	196	3	11.8
21	221	60	29.99
154	183	6	11.77
2255	261	3	28.14
121	513	5	16.52
268	181	4	12.63
317	128	4	8.55
332	1857	3	26.46
1024	577	4	38.6
2531	104	3	13.26
21	374	28	13.97
152	1637	5	38.72
236	462	3	14.39
138	1812	3	16.68
120	182	8	11.06
172	165	4	6.81
844	104	4	9.13
13	681	3	6.92
275	121	26	146.91
143	222	5	9.82
649	402	3	20.94
130	124	12	10.51
12	142	69	9.71
381	265	3	14.6
12	321	22	8.4
187	124	7	9.45
1749	192	5	43.87
1728	190	3	20.81
12	246	47	69.99
166	228	6	18.44
136	416	3	6.9
130	187	7	10.71
381	104	9	22.1
102	187	15	7.43
575	2123	3	31.73
12	1376	7	8.27
106	2188	5	30.69
144	248	7	20.68
116	631	4	11.64
1858	9	3	15.98
248	1853	3	25.39
409	157	3	9.21
317	112	5	8.49
21	270	44	21.98
233	391	3	13.14
128	501	3	7.42
113	734	3	7.01
101	632	8	6.88
102	1366	5	14.24
130	444	3	6.72
149	241	5	12.06
872	14	9	8.28
482	109	4	7.06
2359	12	4	7.61
14	2629	4	8.56
1006	934	4	41.76
982	139	3	12.38
101	1455	5	8.41
149	615	3	10.64
1077	1740	3	34.14
416	391	3	17.83
213	163	4	8.01
2809	12	4	7.61
1007	215	3	18.81
513	181	4	19.06
888	141	3	11.91
991	679	4	38.79
9	644	3	9.21
12	2359	4	7.61
1392	14	7	14.98
193	21	71	7.81
138	290	4	8.53
8	469	5	17.07
522	121	3	6.83
112	1035	3	8.91
102	1041	4	7.06
12	1833	6	11.42
14	1166	8	11.68
2829	1928	4	65.59
183	918	5	33.03
721	1361	3	29.55
605	182	3	13.17
108	2123	3	13.02
104	266	7	6.9
104	318	8	12.83
354	2785	3	30.67
14	2766	4	8.56
3227	343	3	34.96
397	145	3	7.68
689	111	12	66.76
101	1141	6	8.96
504	122	3	6.66
336	157	3	7.39
444	12	16	9.03
407	117	12	51.79
175	243	3	6.75
2510	14	4	8.56
337	150	3	7.08
21	657	16	7.98
152	1477	3	16.95
234	21	55	27.49
755	2	4	11.55
1042	108	3	7.92
105	1129	3	7.11
1027	495	10	130.42
339	120	6	15.58
383	247	3	13.71
189	371	5	22.67
102	906	9	30.78
111	624	5	14.76
14	274	35	40.43
1142	231	3	19.99
142	301	4	10.19
102	1849	3	6.79
1485	12	6	6.66
105	2649	3	13.56
1028	280	3	21.85
152	332	7	28.83
221	162	5	12.32
3546	111	3	20.31
14	529	15	13.82
157	120	16	32.74
1170	465	3	25.71
175	294	4	13.4
1769	124	3	14.89
489	939	3	24.58
134	107	18	8.72
101	500	10	8.6
546	206	4	20.68
102	832	5	8.43
12	1907	5	9.52
194	2580	3	24.83
8	343	7	23.87
151	358	3	7.44
102	2510	3	10.24
600	21	17	8.48
168	1055	10	93.34
3038	102	3	14.56
1427	108	3	10.35
2915	101	3	9.52
21	468	22	10.97
108	1427	3	10.35
2290	101	4	12.7
233	217	3	8.45
1533	107	4	15.39
187	12	55	28.6
103	477	5	6.97
101	3632	3	9.52
3382	101	3	9.52
12	171	49	7.61
12	123	152	88.29
381	175	7	38.14
381	219	4	19.32
1101	723	3	27.92
105	612	4	6.73
461	1329	3	26.58
237	584	10	81.74
299	110	6	9.11
142	759	3	11.73
473	835	3	23.68
121	1457	3	13.61
529	151	3	9.78
13	903	3	8.26
222	149	4	7.13
496	210	3	13.18
1305	12	7	8.27
236	287	3	10.78
446	422	3	19.14
450	21	23	11.47
970	2	3	8.36
1054	14	8	17.12
1147	102	4	9.06
1477	1006	6	80.12
700	16	3	9.45
1166	14	8	11.68
343	2330	3	30.46
223	131	5	7.94
475	108	4	6.67
115	1	8	7.02
169	2854	3	23.43
21	248	48	17.23
107	591	5	10.79
861	590	3	24.98
121	275	26	146.91
135	105	24	18.92
280	1028	3	21.85
14	683	14	23.46
3162	101	3	9.52
130	350	4	8.89
136	281	6	16.13
425	540	3	20.08
12	527	14	8.08
1807	1194	3	34.9
109	666	4	9.65
109	718	8	33.82
554	260	3	16.05
120	416	4	9.13
1019	14	8	8.79
12	2839	4	7.61
14	2278	4	8.56
617	169	5	26.24
109	972	3	7.37
3812	1299	3	44.08
120	311	5	11.21
2813	855	3	36.68
146	773	12	96.65
447	175	5	24.3
576	407	4	29.26
425	115	4	7.8
12	188	48	15.01
12	137	98	33
130	12	167	197.37
168	890	9	70.47
267	915	3	19.94
112	101	106	28.91
1567	8	3	14.57
196	155	5	9.24
102	12	848	1463.37
453	1483	3	27.31
8	630	3	10.31
115	425	4	7.8
343	700	3	20.01
106	875	4	10.03
756	106	4	8.74
21	555	19	9.48
246	102	30	82.71
12	2134	5	9.52
671	311	4	28.55
122	114	19	15.97
174	21	88	23.18
12	1922	5	9.52
266	175	4	12.44
1290	338	3	24.2
277	293	3	12.34
124	1769	3	14.89
162	104	19	21.54
110	116	20	6.89
832	102	5	8.43
9	1703	3	15.98
164	331	3	7.99
481	183	3	11.85
441	130	3	6.72
104	120	25	11.08
203	21	70	35.01
259	147	4	8.34
539	336	3	18.09
12	650	16	30.49
123	255	5	8.15
575	241	4	23.61
416	14	24	43.87
105	253	11	18.5
12	904	11	15.04
12	956	10	13.32
2	826	3	7.33
175	394	4	16.15
202	129	6	8.51
695	300	4	28.15
1280	109	3	9.44
171	133	8	12.62
3130	146	3	25.72
500	261	7	51
972	9	3	11.58
556	127	3	7.29
721	105	4	8.22
102	2358	4	19.41
318	157	3	7.23
630	1625	3	32.31
21	678	15	7.48
281	176	3	7.69
561	159	3	11.04
102	1011	6	18.23
231	1142	3	19.99
101	320	15	11.18
2440	14	4	8.56
311	104	7	10.3
110	487	5	11.12
172	487	3	12.28
152	732	3	12.13
241	21	48	10.21
1019	108	3	7.92
385	128	4	10.1
1413	123	6	40.37
247	383	3	13.71
300	934	6	53.45
14	742	12	15.88
117	624	5	16.82
12	534	13	6.91
101	7	5	6.66
14	1970	5	10.7
229	314	3	11.08
127	622	3	8.3
1363	109	4	15.42
2144	1627	4	57.95
233	360	3	12.47
2468	14	4	8.56
2369	16	4	32.05
109	1744	4	18.72
812	118	3	8.28
289	125	6	14.05
150	104	16	10.12
21	494	21	10.47
362	102	18	49.43
21	570	18	8.98
1624	1238	3	35.77
2851	12	4	7.61
467	224	3	13.64
413	712	5	43.23
312	151	5	15.89
896	980	3	28.3
169	126	9	13.37
196	140	5	7.11
1363	359	3	24.61
192	613	3	13.84
106	3611	3	18.4
254	190	8	35.4
226	168	12	54.39
413	1916	3	29.86
448	2384	3	32.65
1933	470	3	30.72
12	277	25	7.51
102	1378	7	28.15
1525	112	3	11.38
904	106	5	15.05
129	766	3	9.93
120	104	25	11.08
14	2221	5	10.7
1205	343	4	34.41
104	623	4	6.84
108	21	330	17.32
331	175	3	9.17
117	2219	4	23.91
13	697	3	6.92
156	949	3	14.01
287	102	9	6.77
175	128	7	10.12
102	1950	3	8.2
131	410	4	10.83
639	603	3	23.42
2319	690	3	35.16
12	2647	4	7.61
293	333	6	36.75
13	183	37	153.44
181	12	43	7.55
194	1968	3	22.62
293	130	4	7.42
109	518	7	21.81
261	1916	3	25.91
103	1659	3	8.86
262	364	3	13.42
567	8	4	13.45
175	1557	3	19.29
842	108	4	11.48
2290	2623	4	70.59
134	212	6	10.35
2702	132	3	19.46
1021	286	6	53.77
700	732	3	25.14
127	113	15	8.58
195	14	43	14.98
1027	577	4	38.6
1534	103	3	7.74
21	611	17	8.48
164	601	3	11.92
271	474	3	15.68
171	333	4	13.74
441	447	3	19.13
1049	124	3	11.16
12	2314	4	7.61
109	261	7	9.9
536	289	4	25.35
1	420	3	10.22
248	117	8	16.44
276	149	6	18.84
120	862	4	15.24
185	102	18	12.99
130	872	3	10.61
2329	14	4	8.56
1752	114	3	12.91
133	187	7	11.07
182	605	3	13.17
198	374	15	111.92
171	182	12	46.15
2348	102	3	10.24
762	267	3	18.8
320	2243	4	41.48
167	321	12	68.18
14	127	103	19.11
131	159	21	64.41
136	689	3	9.89
175	364	4	15.56
128	1765	3	15.47
1965	12	5	9.52
239	194	4	11.5
681	13	3	6.92
111	689	12	66.76
102	1025	8	29.22
2362	14	4	8.56
1698	156	3	18.47
374	21	28	13.97
870	2	3	7.81
151	102	23	10.83
116	110	20	6.89
267	504	6	41.64
518	109	7	21.81
155	12	67	16.06
174	155	8	19.09
1744	109	4	18.72
244	199	3	7.58
416	153	3	8.74
124	984	3	10.53
12	696	11	7.45
148	340	3	6.8
12	620	12	7.13
1073	117	3	9.8
142	567	3	10.16
123	12	152	88.29
106	1214	4	13.83
133	528	4	12.53
655	21	16	7.98
422	125	6	19.91
12	2478	4	7.61
859	14	9	8.28
102	1605	5	19.05
835	14	9	8.28
381	118	4	8.21
12	186	67	64.63
1053	381	3	24.14
12	290	26	12.57
13	790	3	7.77
447	130	3	6.72
8	1912	3	17.33
200	558	6	37.31
21	585	18	8.98
107	294	6	6.86
169	138	7	10.77
934	1477	4	46.61
593	630	5	48.11
507	121	3	7.12
467	187	3	11.78
683	14	14	23.46
1550	102	5	16.27
394	123	4	9.02
135	214	5	7.61
1529	14	7	14.98
321	167	12	68.18
2016	168	5	46.41
21	210	61	8.18
424	12	17	10.23
547	127	3	7.29
183	139	6	9.29
642	122	3	7.95
385	112	4	6.67
1378	12	7	8.27
101	3162	3	9.52
14	2645	4	8.56
470	101	10	7.72
14	2493	4	8.56
125	1195	3	11.83
718	14	14	29.97
21	384	27	13.47
163	2731	3	22.95
21	588	18	8.98
2623	101	4	12.7
771	12	12	16.78
173	2777	3	23.68
261	109	7	9.9
897	132	4	16.94
179	266	3	7.68
144	313	8	30.92
166	173	7	16.91
102	1559	5	16.27
276	2219	3	26.34
603	14	15	21.48
101	1766	6	19.05
108	190	14	22.63
572	122	3	7.26
101	3616	3	9.52
222	447	3	13.47
182	429	3	11.04
269	168	8	33.44
620	12	12	7.13
9	8	132	977.5
117	722	3	7.69
136	167	9	16.76
12	564	18	34.3
12	496	14	6.75
14	835	9	8.28
394	14	17	9.19
1442	14	6	7.93
12	1122	8	9.93
102	533	6	7.28
111	104	45	32.37
130	1305	3	13.37
102	381	11	21.74
644	131	3	9.05
144	418	3	7.78
165	317	3	8.32
261	359	3	13.35
125	422	6	19.91
295	283	3	12.94
104	1686	3	9.66
127	206	6	8.32
101	112	106	28.91
781	115	3	7.72
245	182	3	6.85
589	21	18	8.98
158	128	7	6.92
561	189	5	27.53
199	390	4	17.67
647	114	5	15.9
2147	14	5	10.7
703	21	15	7.48
141	582	3	9.37
21	641	16	7.98
159	995	5	31.21
141	462	3	8.19
224	467	3	13.64
972	14	11	23.54
101	3701	3	9.52
105	2665	3	13.56
12	2208	5	9.52
274	144	4	8.52
202	12	70	117.63
855	192	3	16.11
1107	12	9	11.61
1035	112	3	8.91
102	1661	4	12.15
131	544	3	8.03
167	527	3	11.32
336	12	33	62.97
1225	122	3	12.44
14	409	21	29.41
371	146	3	7.34
12	617	15	18.21
14	2821	4	8.56
109	548	5	12.49
422	21	24	11.97
242	123	10	28.22
104	148	20	17.37
441	104	7	14.69
12	2465	4	7.61
164	102	23	16.89
1812	138	3	16.68
252	121	33	196.36
184	1	4	6.95
127	409	4	10.15
1290	12	7	8.27
210	242	3	7.97
1387	366	4	36.25
2209	101	4	8.15
1961	346	4	41.75
671	175	3	13.55
3626	471	3	37.44
163	1049	3	15.35
256	444	3	14.59
266	311	3	13.23
333	171	4	13.74
105	1552	3	8.81
110	102	56	15.64
189	251	5	17.17
142	385	3	7.99
203	288	3	9.23
12	718	14	26.67
1136	113	3	9.79
123	136	12	12.36
14	498	13	6.63
112	1975	5	34.5
117	2726	3	17.19
12	2564	4	7.61
104	161	17	16.29
171	149	5	6.89
2097	12	5	9.52
101	3770	3	9.52
304	122	6	14.58
533	1560	3	28.21
102	1712	6	29.13
142	334	3	6.67
1310	14	7	9.79
604	21	17	8.48
118	1094	4	15.93
131	276	4	7.02
623	104	4	6.84
2385	2	4	27.66
122	561	3	7.26
277	566	5	34.17
1390	791	5	59.13
806	125	7	36.16
734	108	5	15.13
13	1337	3	10.94
21	746	14	6.98
1014	12	8	7.17
8	567	4	13.45
158	112	10	8.09
164	520	6	30.98
125	2813	4	30.72
760	124	3	9
1501	12	6	6.66
12	1351	8	15.23
183	21	84	42.05
1543	110	3	10.51
511	262	4	23.53
352	154	3	7.47
21	180	87	43.56
236	141	5	10.45
132	1339	3	13.52
108	1320	3	9.4
21	232	54	26.99
248	674	3	17.2
930	156	3	14.01
218	21	61	30.5
1019	114	3	9.26
1743	143	3	17.15
2904	189	3	29.08
872	153	3	13.28
14	615	12	9.28
136	213	6	11.37
359	261	3	13.35
136	265	4	7.22
550	130	3	7.8
862	120	4	15.24
143	231	5	10.29
192	692	5	30.31
12	204	64	100.83
12	153	70	18.47
111	1284	5	23.5
120	175	8	11.06
9	367	4	9.89
1057	106	4	11.65
331	104	6	6.95
261	152	4	9.25
109	1727	3	11.56
289	304	4	19.91
194	239	4	11.5
12	1485	6	6.66
102	229	13	10.76
102	185	18	12.99
179	175	4	7.56
14	1766	6	12.84
131	1741	3	15.81
693	118	3	7.42
268	104	7	6.66
528	136	4	13.21
334	395	3	15.87
456	221	3	13.83
125	192	6	7.27
183	481	3	11.85
261	9	4	6.73
21	357	30	14.97
21	493	21	10.47
418	117	4	8.03
129	765	3	9.93
778	12	10	7.92
499	159	4	16.27
1973	109	3	13.07
723	1101	3	27.92
103	2830	4	22.41
12	338	20	7.45
718	473	3	22.64
117	879	3	8.63
12	129	98	9.83
123	771	9	53.35
425	177	3	10.77
12	202	70	117.63
900	156	3	13.43
12	381	18	11.47
128	1305	3	13.28
835	473	3	23.68
136	132	14	21.25
387	14	17	9.19
1897	119	3	15.42
102	1122	8	32.77
2468	12	4	7.61
21	238	50	10.97
836	122	5	22.06
625	170	3	12.96
165	176	7	17.49
112	358	5	9.07
718	1594	3	31.81
113	841	4	13.06
111	267	20	77.35
169	378	3	9.52
12	1305	7	8.27
3075	102	3	14.56
16	641	3	9.05
2666	103	3	12.43
1141	101	6	8.96
220	124	6	9.52
658	120	6	24.55
195	12	45	12.42
127	112	16	9.82
101	155	40	11.66
455	133	4	11.41
14	1510	6	7.93
2942	101	3	9.52
142	149	8	12.59
167	12	84	97.02
14	112	134	8.11
354	210	3	11.01
504	509	6	52.19
735	256	3	17.78
102	3628	3	14.56
702	21	15	7.48
104	369	6	8.24
422	446	3	19.14
106	1574	4	15.27
133	171	8	12.62
188	158	5	9.28
350	255	3	12.77
14	2854	4	8.56
314	128	5	11.68
242	143	4	7.18
8	1567	3	14.57
104	182	15	17.08
117	542	4	10.13
175	127	12	27.29
855	422	4	33.72
908	2090	3	34.45
2165	12	4	7.61
388	215	4	19.26
773	146	12	96.65
14	364	21	17.52
155	321	3	6.98
102	617	9	21.69
671	166	3	12.53
322	101	18	17.49
101	409	15	20.02
127	364	5	13.04
333	12	25	18.89
413	9	4	11.35
14	1134	7	7.12
305	188	3	8.94
127	544	4	12.01
1432	104	3	8.52
212	14	38	16.78
9	1637	5	35
332	1212	6	58.69
158	362	3	8.07
1737	260	3	24.2
1921	2344	4	65.59
14	1219	7	7.12
357	21	30	14.97
260	1737	3	24.2
2098	102	3	8.2
759	21	14	6.98
113	416	4	7.16
158	409	3	9.36
713	151	3	11.99
104	130	23	13.18
2078	111	3	13.72
14	2751	4	8.56
379	1378	3	25.27
156	2384	3	22.24
855	2813	3	36.68
118	693	3	7.42
388	21	26	12.97
2324	325	3	29.88
371	267	3	13.9
175	113	13	22.77
614	106	4	7.23
526	21	20	9.98
117	198	8	10.71
2138	113	3	14.27
129	491	3	7.06
101	3671	3	9.52
120	978	3	10.08
301	122	5	10.17
21	659	16	7.98
170	1880	3	23.68
694	116	3	6.98
101	110	97	7.03
491	21	21	10.47
113	160	10	8.9
852	119	3	9.01
117	1479	4	19.47
12	1712	6	11.42
21	150	127	63.73
1940	106	3	11.86
107	550	5	10.25
509	1630	3	29.45
583	110	6	17.57
211	169	4	8.56
12	1256	8	15.23
173	308	3	8.11
903	13	3	8.26
267	762	3	18.8
279	153	4	10.11
136	120	13	13.69
718	12	14	26.67
2839	12	4	7.61
1500	12	7	13.33
149	294	4	10.16
108	575	8	28.39
120	401	4	8.84
182	244	3	6.75
2431	128	3	19.21
727	875	4	38.58
294	16	4	7.71
182	21	84	42.05
108	260	6	6.7
241	575	4	23.61
109	935	7	31.79
12	13	163	36.35
12	185	44	7.65
117	1098	6	30.1
428	567	3	20.43
711	127	3	8.69
14	1104	9	13.6
268	265	3	11.2
111	371	5	9.18
203	2041	4	34.94
1852	112	4	20.08
102	153	21	8.83
113	869	3	7.94
179	133	8	14
771	123	9	53.35
21	406	25	12.47
668	14	11	7.87
106	904	5	15.05
471	450	4	28.95
106	1040	3	6.85
130	458	3	7.5
12	359	28	40.65
359	12	28	40.65
14	663	11	7.87
354	626	7	62.41
757	12	12	13.32
269	21	43	14.95
108	530	4	7.74
385	158	3	8.89
9	16	23	54.56
109	806	8	35.54
14	2567	4	8.56
1878	630	5	68.68
21	280	36	17.97
252	882	4	27.68
8	1096	5	26.35
289	515	4	24.89
1427	2739	4	61.03
558	122	7	29.76
190	254	8	35.4
644	130	3	8.82
121	303	8	24.1
340	151	3	7.08
12	1378	7	8.27
189	673	3	15.19
165	401	4	15.03
21	383	25	7.01
141	664	5	22.42
390	102	18	56.99
3180	106	3	18.4
648	128	3	8.73
409	14	21	29.41
686	145	4	17.11
742	14	12	15.88
132	21	166	15.06
107	1577	4	15.39
132	304	4	7.99
153	104	15	9.16
376	14	17	8.11
14	2362	4	8.56
106	1676	3	10.37
12	240	52	99.38
12	157	82	49.47
381	161	3	9.42
104	2516	3	13.26
458	274	3	16.14
2314	12	4	7.61
934	764	3	27.75
168	1273	8	74.5
175	110	12	15.78
231	207	3	7.47
203	276	3	8.81
1216	117	4	16.77
104	1429	3	8.52
127	2820	3	23.19
106	398	5	7.22
548	109	5	12.49
410	396	3	17.83
262	461	6	39.74
1517	168	7	65.12
144	2139	3	18.83
290	12	26	12.57
21	642	16	7.98
234	227	3	8.54
141	409	3	7.69
1380	104	3	7.61
14	1532	7	14.98
709	129	3	9.46
468	21	22	10.97
382	150	3	8.25
167	136	9	16.76
1359	221	3	20.32
1779	132	4	24.35
12	872	10	10.18
718	806	11	146.15
104	507	10	33.64
276	117	6	10.84
3337	122	3	22.8
175	409	5	23.83
12	1025	10	19.04
12	1093	9	11.61
102	1817	3	6.79
477	103	5	6.97
14	310	21	8.65
526	139	6	26.15
152	300	6	21.25
3005	102	3	14.56
276	131	4	7.02
1916	960	3	35.05
685	266	4	26.66
318	123	4	7.35
16	839	4	17.06
106	14	205	19.21
195	124	10	20.58
12	1999	5	9.52
2134	101	4	8.15
266	161	4	10.64
518	9	4	13.25
102	620	11	32.49
110	101	97	7.03
110	299	6	9.11
1878	448	3	30.42
102	2478	3	10.24
2516	104	3	13.26
2982	200	3	29.9
181	123	6	6.64
906	102	9	30.78
104	311	7	10.3
231	161	6	17.88
444	256	3	14.59
244	242	3	9.49
137	101	48	7.99
105	135	24	18.92
228	153	4	7.86
120	176	18	50.62
432	127	4	10.15
1148	109	3	8.65
1006	152	3	13.72
540	425	3	20.08
474	271	3	15.68
12	203	38	7.07
130	114	15	10.94
201	21	69	18.6
12	323	29	31.77
2	432	4	7.31
1625	630	3	32.31
367	325	7	49.19
327	108	13	41.6
179	104	15	17.08
467	14	16	13.51
102	290	21	51.73
268	175	3	7.55
111	521	4	8.18
113	895	3	7.94
2189	106	4	19.64
182	1217	4	26.14
183	348	3	9.53
140	407	3	7.24
159	337	4	12.44
106	756	4	8.74
199	1063	5	35.89
344	157	5	17.97
1680	159	4	28.34
215	388	4	19.26
229	116	7	10.61
1731	148	3	17.7
14	1888	5	10.7
250	230	3	9.41
1642	14	6	12.84
14	820	10	9.87
124	293	9	29.1
14	668	11	7.87
130	441	3	6.72
102	1257	5	14.24
3062	343	3	34.96
14	2398	4	8.56
294	107	6	6.86
12	2874	4	7.61
187	382	3	10.77
1413	12	7	13.33
3770	101	3	9.52
311	120	5	11.21
563	142	5	22.45
14	1442	6	7.93
221	1359	3	20.32
1605	102	5	19.05
21	732	14	6.98
103	725	4	6.91
227	304	3	10.97
2217	104	4	18.65
105	2694	3	13.56
1712	102	6	29.13
2084	106	3	11.86
304	232	3	11.18
12	1086	8	7.17
123	458	5	16.52
122	1335	3	12.44
401	12	18	9.99
784	101	7	7.02
260	731	4	26.74
167	185	5	10.38
2483	111	3	15.88
102	1907	5	24.27
157	265	6	19.58
157	317	3	7.57
108	621	6	18.01
895	307	3	20.58
14	2658	4	8.56
767	165	3	13.81
116	273	7	13.64
375	1184	3	24.17
194	755	3	14.93
785	136	3	11.31
645	2107	3	32.5
1849	102	3	6.79
2459	12	4	7.61
110	107	105	248.59
267	536	4	24.35
14	1118	7	7.12
413	261	5	30.2
289	111	15	51.71
317	127	4	8
101	2327	4	12.7
101	2243	5	15.87
446	192	9	59.59
139	183	6	9.29
21	553	19	9.48
21	373	28	13.97
682	21	15	7.48
169	110	10	8.17
2553	106	3	14
260	554	3	16.05
1922	102	3	8.2
298	14	23	11.92
300	695	4	28.15
934	300	6	53.45
458	742	3	23.25
8	1880	3	19.53
2060	12	5	9.52
120	181	7	8.72
2293	101	4	12.7
160	12	61	12.87
742	153	3	12.27
516	470	3	20.6
12	2809	4	7.61
152	747	3	12.13
1063	199	5	35.89
879	117	3	8.63
176	1	5	10.13
2056	102	3	8.2
1053	14	10	21.4
101	784	7	7.02
573	156	5	23.63
154	113	10	7.47
111	327	5	7.47
1642	108	3	11.51
113	857	3	7.94
558	16	4	13.49
965	170	3	15.42
21	122	225	113.55
452	109	5	10.06
107	409	5	8.05
166	1202	3	16.38
1955	12	5	9.52
644	133	3	8.99
21	269	43	14.95
21	193	71	7.81
471	150	3	9.49
183	154	6	11.77
211	113	8	11.21
1557	175	3	19.29
12	2792	4	7.61
630	448	3	23.14
732	343	4	30.05
582	141	3	9.37
607	106	8	26.49
153	416	3	8.74
718	289	11	110.93
1188	105	3	7.11
136	105	17	7.07
661	1086	3	27.03
613	192	3	13.84
872	12	10	10.18
2734	109	3	15.22
156	572	3	10.84
118	164	10	11.97
2122	12	5	9.52
893	1219	3	29.73
1988	102	3	8.2
172	145	11	32.92
21	450	23	11.47
107	110	105	248.59
21	526	20	9.98
1970	14	5	10.7
521	267	4	23.9
899	102	6	13.6
128	12	99	12.05
1185	12	8	9.93
102	188	17	11.48
122	836	5	22.06
106	2189	4	19.64
949	192	3	16.7
1931	106	3	11.86
14	1167	7	7.12
12	2037	5	9.52
210	21	61	8.18
131	482	3	7.45
157	104	17	14.27
416	136	3	6.9
102	1922	3	8.2
2123	575	3	31.73
104	265	8	9.28
104	317	8	13.73
109	442	7	18.86
803	105	5	13.44
198	107	24	60.24
859	289	6	50.94
133	256	5	9.48
109	289	6	8.37
104	522	5	8.56
972	109	3	7.37
12	2358	4	7.61
618	124	3	7.84
119	115	145	761.47
131	173	7	9.61
1094	106	10	61.49
148	408	3	7.95
694	102	6	10.6
105	1207	3	7.11
101	173	39	22.21
338	2167	3	28.04
2623	2290	4	70.59
1888	104	3	11.14
552	102	6	7.83
113	175	13	22.77
533	124	3	6.9
1384	413	4	37.89
151	179	5	7.9
21	703	15	7.48
14	394	17	9.19
570	473	3	20.98
157	175	5	8.65
131	559	3	8.35
280	21	36	17.97
131	499	3	7.73
300	152	6	21.25
745	131	3	9.87
259	104	9	11.22
1733	102	3	6.79
123	108	19	10.81
12	806	11	11.74
371	131	4	9.96
566	144	5	21.67
104	133	23	14.1
172	779	6	40.87
104	268	7	6.66
111	3546	3	20.31
1061	13	3	9.43
235	9	6	12.89
512	335	3	17.76
184	185	4	7.8
1584	102	5	19.05
14	1216	8	11.68
915	267	3	19.94
277	273	4	17.86
230	250	3	9.41
180	367	3	9.72
117	1294	7	44.61
131	1525	6	42.43
861	879	5	53.42
311	147	3	6.76
168	114	9	8.37
841	113	4	13.06
311	266	3	13.23
2645	14	4	8.56
406	453	3	18.6
8	447	3	6.91
106	277	7	8.45
101	3049	3	9.52
2444	572	4	51.52
522	247	3	15.35
1698	12	6	11.42
206	120	7	10.38
192	2813	3	24.99
152	8	10	14.87
110	1147	3	9.56
167	203	4	7.82
14	189	80	172.3
168	1563	7	65.12
122	1357	3	12.44
1871	102	3	6.79
224	1658	4	33.72
108	462	4	6.67
13	1106	3	9.43
107	1203	4	12.77
707	343	3	20.01
718	109	8	33.82
260	144	8	26.83
204	12	64	100.83
186	567	3	12.95
176	340	3	9.08
200	2982	3	29.9
102	578	6	8.43
309	1161	3	22.6
122	890	3	9.71
2275	101	4	12.7
1147	101	5	6.66
192	1749	5	43.87
239	710	5	33.89
215	567	4	22.42
159	561	3	11.04
1305	14	7	9.79
21	264	45	22.48
2511	141	3	20.67
107	184	12	12.15
21	519	19	9.48
506	225	3	14.34
21	399	26	12.97
308	349	3	14.49
317	158	4	12.51
955	2	3	8.36
112	144	21	33.82
12	172	50	20.8
1907	12	5	9.52
102	1595	4	12.15
12	224	36	12.12
395	1542	3	26.29
890	117	6	27.03
1894	101	4	8.15
101	1699	5	10.92
152	1101	3	14.37
108	205	9	10.08
1001	148	5	28.31
2013	102	4	14.6
1104	14	9	13.6
153	182	6	11.86
12	339	25	20.85
12	187	55	28.6
12	136	139	135.58
130	14	94	17.7
295	1238	3	23.29
917	12	11	20.95
289	227	4	16.34
1627	13	4	20.8
21	504	20	9.98
1367	101	5	6.66
107	127	63	151.51
267	914	6	50.85
395	21	27	13.47
154	362	3	7.65
291	262	4	17.91
450	471	4	28.95
102	246	30	82.71
229	102	13	10.76
1032	1644	4	49.49
395	347	4	24.5
101	729	9	12.62
12	1290	7	8.27
2479	343	3	30.46
12	1366	8	15.23
547	126	3	7.24
475	109	4	6.72
165	117	12	18.04
1577	107	4	15.39
9	101	52	7.56
742	458	3	23.25
146	1028	3	13.69
260	248	17	127.12
149	276	6	18.84
14	684	12	13.19
408	162	3	9.19
124	158	8	8.36
1857	332	3	26.46
453	406	3	18.6
12	444	16	9.03
279	14	24	10.02
1187	1845	3	34.9
459	136	3	7.61
916	260	3	19.67
175	529	3	12.15
185	107	12	12.37
473	111	4	7.47
2370	934	4	56.17
185	163	5	9.7
101	1542	5	8.41
274	179	3	7.68
2293	2275	4	70.59
192	422	4	18.02
14	294	23	10.86
192	354	3	10.36
1968	470	3	30.72
794	1353	5	58.1
180	195	5	11.91
168	337	4	13.51
527	112	4	8.6
14	1575	7	14.98
128	2376	4	31.58
141	550	3	9.05
821	566	5	47.43
361	148	3	7.15
261	1108	3	21.22
215	2260	3	26.46
451	379	4	26.77
193	273	3	8.01
184	129	6	7.16
379	143	4	11.88
111	1046	5	20.36
2708	12	4	7.61
3632	101	3	9.52
2562	12	4	7.61
14	1141	8	11.68
357	155	4	12.69
1549	105	6	30.31
1055	168	10	93.34
287	163	3	6.87
473	413	6	48.3
175	274	7	29.86
103	2247	3	10.33
527	1134	3	26.32
157	344	5	17.97
458	110	4	7.56
104	175	20	32.81
159	371	6	25.39
139	384	3	6.92
151	742	3	11.99
150	382	3	8.25
295	174	3	8.01
261	558	4	24.64
822	117	5	19.21
394	2	5	10.11
113	686	4	11.13
196	435	3	11.8
101	732	9	12.62
166	487	4	16.88
232	304	3	11.18
112	1368	3	10.42
872	104	5	13.89
232	21	54	26.99
103	243	10	10.72
9	274	4	7.04
2647	12	4	7.61
14	2453	4	8.56
120	458	5	15.9
247	168	5	14.94
391	127	4	9.54
104	832	4	8.47
228	166	6	18.44
153	157	6	8.61
14	2196	5	10.7
764	300	3	20.04
12	104	330	128.68
12	167	84	97.02
102	1550	5	16.27
381	14	20	22.01
520	351	4	27.1
124	451	4	10.35
176	401	3	10.3
406	666	4	31.26
118	1525	3	12.45
1140	114	3	9.95
467	207	4	19.53
959	367	4	32.94
150	337	3	7.08
442	1277	3	26.29
223	495	3	14.34
3834	101	3	9.52
101	2275	4	12.7
101	477	11	10.44
333	130	5	12.64
440	452	3	19.13
434	168	3	10.36
1108	200	3	18.52
1201	145	3	14.34
139	641	6	29.29
350	175	3	9.53
314	165	3	7.66
1509	250	3	22.7
12	2458	4	7.61
14	520	13	7.8
157	12	82	49.47
147	2169	3	19.22
176	1082	3	16.4
1928	2829	4	65.59
1805	192	3	21.2
123	181	6	6.64
287	199	3	8.93
175	101	40	31.12
117	474	5	13.44
175	299	3	8.52
587	996	3	26.63
131	122	23	44.91
168	1517	7	65.12
14	315	22	10.74
175	556	3	12.47
12	1014	8	7.17
276	223	3	9.87
944	334	3	21.72
153	872	3	13.28
1657	106	4	17.1
120	1864	3	14.42
158	134	7	7.46
2510	175	3	24.3
439	2339	3	32.36
289	914	5	41.02
1087	14	8	8.79
486	141	5	19.39
764	3559	3	40.62
563	301	4	26.27
101	222	21	7.69
267	227	7	35.31
195	130	6	8.15
339	12	25	20.85
1141	199	4	27.4
21	631	15	7.48
548	470	4	31.12
234	194	3	6.81
21	735	14	6.98
151	127	9	9.69
995	159	5	31.21
281	12	25	8.38
180	325	3	8.8
396	267	3	14.36
580	293	3	17.56
12	1083	8	7.17
113	1470	3	11.56
185	184	4	7.8
1226	14	7	9.79
167	286	3	7.3
1159	118	3	10.66
986	14	9	10.51
221	456	3	13.83
207	224	3	7.09
2217	12	5	9.52
629	139	5	22.22
1	364	3	9.34
304	227	3	10.97
904	803	3	27.15
1155	112	3	9.61
104	12	330	128.68
566	126	4	12.39
203	221	3	6.85
102	1910	4	14.6
650	21	16	7.98
231	14	29	7.84
483	191	3	12.21
123	131	15	18.86
300	234	3	11.08
266	14	23	6.63
156	1698	3	18.47
210	264	3	8.67
134	128	11	10.34
333	182	7	33.81
168	404	3	9.63
199	287	3	8.93
567	215	4	22.42
109	1148	3	8.65
8	170	11	23.72
112	294	5	7.02
144	215	6	13.82
710	194	3	14.48
551	12	15	12.91
215	9	7	15.43
102	220	12	7.1
128	317	4	8.55
384	124	6	18.53
1273	168	8	74.5
102	176	16	7.57
2531	14	4	8.56
159	267	4	10.01
2060	104	3	11.14
1205	152	5	31.83
152	1006	3	13.72
411	136	7	28.28
2560	14	4	8.56
447	14	18	18.66
402	211	3	12.47
105	638	5	11.2
2649	105	3	13.56
1095	109	3	7.96
130	176	7	9.77
12	265	28	11.27
12	317	20	7.45
136	459	3	7.61
1912	8	3	17.33
124	179	10	19.01
167	692	3	13.12
360	1003	4	33.89
124	231	6	10.41
106	3232	3	18.4
2	13	48	91.34
559	159	4	17.17
14	2456	4	8.56
1366	1922	5	75.42
12	2708	4	7.61
115	119	145	761.47
106	614	4	7.23
21	125	193	18.13
697	102	6	10.6
108	1131	8	46.16
21	173	93	46.58
151	713	3	11.99
1125	338	4	34.14
239	819	5	35.64
122	1081	3	10.9
128	522	3	7.42
617	102	9	21.69
727	706	4	36.46
686	113	4	11.13
514	111	5	12.42
273	277	4	17.86
136	382	3	6.68
12	268	34	27.42
1266	215	3	20.42
782	12	13	24.76
853	112	3	7.76
1113	151	3	14.96
1455	101	5	8.41
144	274	4	8.52
266	685	4	26.66
12	1413	7	13.33
102	249	11	8.25
1273	226	4	30.58
106	1051	8	39.34
362	158	3	8.07
125	593	3	7.79
108	1180	3	8.6
101	830	7	7.02
265	274	3	11.33
14	2013	5	10.7
1082	176	3	16.4
1191	109	3	8.65
176	120	18	50.62
260	168	4	10.71
335	231	3	11.59
1053	120	3	10.7
482	131	3	7.45
150	1334	3	15.81
14	2531	4	8.56
9	304	4	8.29
102	1700	3	6.79
136	711	3	9.89
101	1537	5	8.41
504	515	3	20.91
695	21	15	7.48
202	334	3	10.04
12	2169	5	9.52
171	340	9	47.46
2107	645	3	32.5
12	2245	5	9.52
101	3834	3	9.52
133	181	7	11.22
1121	101	7	13.6
178	12	50	12.72
318	236	5	24.96
21	682	15	7.48
337	159	4	12.44
389	13	4	7.02
106	285	22	82.41
594	621	5	44.84
580	169	4	18.44
753	125	3	8.95
527	116	4	9.32
311	14	25	25.81
174	300	4	13.13
413	267	3	14.85
347	430	7	54.2
267	410	4	21.97
110	228	7	7.67
101	571	9	7.74
1146	14	7	7.12
296	12	36	60.48
184	197	4	8.33
152	1306	3	16.95
151	409	3	8.71
2156	101	4	8.15
125	712	3	8.95
2170	12	5	9.52
469	109	4	6.72
1910	12	5	9.52
320	746	6	51.05
12	782	13	24.76
473	570	3	20.98
14	478	13	6.63
603	639	3	23.42
530	108	4	7.74
731	21	14	6.98
2813	125	4	30.72
690	2319	3	35.16
875	2623	4	55.31
1359	413	3	26.02
166	671	3	12.53
175	298	3	8.52
259	12	33	19.3
231	188	4	10.94
333	149	3	6.79
267	413	3	14.85
210	122	8	14.58
1351	12	8	15.23
1046	111	5	20.36
615	190	4	20.48
409	623	3	21.2
1703	2195	3	39.62
939	489	3	24.58
1216	14	8	11.68
115	655	4	10.95
2007	102	3	8.2
281	136	6	16.13
234	300	3	11.08
362	918	3	22.32
267	159	4	10.01
267	111	20	77.35
168	117	19	45.47
101	299	15	7.74
508	201	3	13.06
3779	576	3	38.45
982	211	3	17.75
12	989	9	8.66
2	717	3	6.89
142	12	69	9.71
726	1165	3	28.68
536	267	4	24.35
2443	430	4	48.96
2376	128	4	31.58
243	175	3	6.75
12	476	14	8.08
111	1392	3	11.03
109	2469	3	15.22
428	14	24	51.43
9	215	7	15.43
565	12	13	8.36
665	783	6	61.92
352	178	3	9.33
21	319	35	17.47
1468	222	3	21.54
16	294	4	7.71
289	536	4	25.35
102	401	7	7.21
921	1592	5	65.44
12	1142	9	17.14
405	113	9	30.28
12	1398	6	6.66
240	230	3	8.96
111	365	10	32.63
117	1803	4	21.34
128	175	7	10.12
338	157	3	7.57
687	111	6	21.1
125	289	6	14.05
122	3337	3	22.8
535	122	5	16.77
3776	101	3	9.52
106	1657	4	17.1
1880	9	3	19.72
153	185	7	16.1
3670	101	3	9.52
544	127	4	12.01
12	175	48	11.85
111	1309	3	10.07
438	131	5	16.65
14	1110	7	7.12
125	806	7	36.16
2854	14	4	8.56
14	1146	7	7.12
357	101	15	12.92
101	357	15	12.92
230	240	3	8.96
1601	333	3	26.26
110	1471	3	10.51
226	726	4	24.98
504	111	7	22.46
175	179	4	7.56
142	563	5	22.45
225	506	3	14.34
14	2694	4	8.56
104	202	10	7.58
103	953	4	8.87
221	21	60	29.99
13	16	17	17.18
228	999	6	47.78
104	381	9	22.1
488	1024	5	49.11
487	110	5	11.12
119	21	221	12.94
14	279	24	10.02
382	199	4	17.67
651	12	14	16.56
274	190	3	7.94
14	195	43	14.98
225	301	3	10.61
944	3728	3	41.78
195	317	3	9.84
2465	12	4	7.61
102	917	8	26.52
20	1418	5	69.26
301	225	3	10.61
128	369	5	13.76
12	1313	8	15.23
334	102	15	30.79
394	175	4	16.15
1147	110	3	9.56
308	161	3	7.35
583	107	4	6.91
2037	12	5	9.52
1284	111	5	23.5
275	513	4	24.28
152	783	7	44.06
269	122	6	12.32
136	123	12	12.36
149	121	13	20.61
705	21	15	7.48
102	1601	5	19.05
1553	106	6	31.19
12	182	51	16.84
706	727	4	36.46
14	965	11	23.54
962	110	3	7.48
747	152	3	12.13
132	122	24	48.09
447	9	4	11.69
338	12	20	7.45
1223	122	3	12.44
3087	101	3	9.52
107	222	8	7.5
882	252	4	27.68
317	101	14	8.83
140	370	3	6.83
111	428	7	19.66
14	1658	6	12.84
367	180	3	9.72
109	1748	4	18.72
251	561	3	16.14
21	362	30	14.97
194	234	3	6.81
103	1355	3	6.85
107	134	18	8.72
362	21	30	14.97
1402	114	3	11.73
682	179	3	13.97
367	8	5	14.24
2125	105	3	11.43
215	142	5	10.54
179	124	10	19.01
154	352	3	7.47
268	12	34	27.42
145	874	3	12.39
528	133	4	12.53
3855	168	3	27.78
12	1556	5	9.52
145	950	3	12.96
12	1480	7	13.33
163	461	4	16.11
359	1363	3	24.61
105	730	4	8.22
1117	617	3	27.39
143	242	4	7.18
105	774	4	8.82
12	281	25	8.38
12	333	25	18.89
12	130	167	197.37
102	1584	5	19.05
130	161	10	16.72
422	855	4	33.72
14	2217	5	10.7
114	385	5	10.92
778	167	8	57.61
114	198	11	18.98
222	14	37	20.98
803	904	3	27.15
120	425	5	14.01
147	311	3	6.76
120	349	5	11.51
447	441	3	19.13
106	3180	3	18.4
438	431	3	18.86
872	130	3	10.61
1389	185	3	18.43
2	12	148	8.81
1224	12	7	8.27
265	127	8	21.79
135	12	107	33.24
175	1871	3	20.52
12	1224	7	8.27
495	1027	10	130.42
101	2623	4	12.7
399	108	5	8.85
21	241	48	10.21
21	309	36	17.97
16	128	10	8.13
2666	14	4	8.56
709	2	3	6.89
189	457	4	18.64
953	106	4	10.79
466	161	4	15.96
104	1204	3	6.84
150	858	3	13
1009	819	3	28.42
337	168	4	13.51
199	348	6	29.58
221	396	3	12.51
221	576	3	14.8
1198	152	3	15.1
2	755	4	11.55
14	116	125	10.16
136	904	3	11.31
287	21	40	19.97
123	318	4	7.35
102	2098	3	8.2
920	152	5	29.09
110	1500	3	10.51
2453	14	4	8.56
118	637	3	7.05
157	338	3	7.57
12	2643	4	7.61
293	277	3	12.34
109	470	5	10.94
114	894	3	8.1
2243	905	3	34.45
106	1195	3	7.52
104	13	30	11.94
530	142	4	15.51
458	101	10	8.6
343	8	7	23.87
307	163	3	7.45
199	243	3	7.58
12	2065	5	9.52
210	280	3	9.94
1658	14	6	12.84
671	14	13	14.9
267	515	4	23.9
127	487	3	6.73
487	127	3	6.73
515	111	5	12.42
1480	12	7	13.33
199	1141	4	27.4
721	124	3	9
188	231	4	10.94
1485	282	4	35.05
325	180	3	8.8
934	1006	4	41.76
1609	102	3	6.79
14	106	205	19.21
623	14	14	19.59
1040	106	3	6.85
2501	14	4	8.56
1309	267	8	88.36
101	196	33	19.86
1471	110	3	10.51
1212	332	6	58.69
508	2911	3	37.76
21	698	15	7.48
726	542	3	23.58
561	122	3	7.26
151	529	3	9.78
109	1363	4	15.42
164	259	7	25.62
8	109	19	15.07
230	129	6	11.24
110	169	10	8.17
277	106	7	8.45
325	367	7	49.19
123	132	15	18.48
2144	125	4	25.76
148	104	20	17.37
123	191	64	433.93
259	202	3	8.03
101	1147	5	6.66
131	535	3	8.03
959	1805	3	33.47
181	120	7	8.72
102	3289	3	14.56
834	611	6	61.02
431	438	3	18.86
104	157	17	14.27
350	130	4	8.89
214	12	34	6.7
12	149	91	53.11
102	1389	4	9.06
822	1294	5	58.1
125	1594	3	14.84
101	3515	3	9.52
112	3701	3	20.68
2196	14	5	10.7
686	21	15	7.48
355	216	3	11.56
233	286	15	108.51
126	937	4	16.74
159	131	21	64.41
21	483	21	10.47
715	21	14	6.98
366	1387	4	36.25
179	12	73	85.13
2284	12	4	7.61
1637	8	5	34.66
12	1481	6	6.66
564	107	4	6.91
394	265	3	14.13
1930	12	5	9.52
2219	117	4	23.91
183	102	20	16.84
106	607	8	26.49
103	1532	4	13.23
21	288	39	19.47
104	872	5	13.89
707	108	4	9.59
1110	14	7	7.12
338	1290	3	24.2
219	1162	4	28.75
776	1697	3	32.31
14	671	13	14.9
12	583	13	8.36
117	753	4	12.66
117	669	3	6.91
12	403	25	40.16
279	233	4	16.23
160	463	3	10.02
119	683	3	7.65
746	21	14	6.98
143	379	4	11.88
101	2019	4	8.15
131	745	3	9.87
101	1975	4	8.15
214	517	3	13.94
3435	1818	3	46.35
372	21	28	13.97
683	119	3	7.65
1219	14	7	7.12
265	110	8	13.78
144	566	5	21.67
573	147	3	10.08
252	991	4	28.52
21	199	69	18.6
2208	12	5	9.52
2136	112	3	14.08
16	413	4	11.15
116	694	3	6.98
139	270	6	16.26
139	135	10	11.75
109	1706	3	11.56
268	187	4	12.54
657	21	16	7.98
102	334	15	30.79
128	311	4	8.55
2739	108	3	15.18
3345	200	3	29.9
1031	2226	3	38.71
101	1053	6	7.42
12	160	61	12.87
136	501	3	8.16
191	483	3	12.21
12	2	148	8.81
14	914	8	6.75
499	8	3	7.7
666	109	4	9.65
630	9	3	10.5
153	12	70	18.47
516	109	5	11.42
172	206	6	18.86
150	1469	4	25.57
101	1250	6	10.97
105	226	8	6.71
102	1988	3	8.2
113	1136	3	9.79
117	407	12	51.79
129	230	6	11.24
314	162	4	12
198	21	73	28.94
152	471	3	9.63
12	2605	4	7.61
152	515	4	15.62
1352	510	3	27.19
441	14	18	18.66
8	152	10	14.87
495	223	3	14.34
184	104	14	14.66
400	113	4	6.89
113	486	4	8.45
155	120	8	6.95
195	268	4	12.92
2552	12	4	7.61
127	151	9	9.69
445	128	3	6.63
138	119	68	304.93
361	171	4	14.5
301	21	37	18.47
194	1096	3	17.2
674	248	3	17.2
1168	108	3	8.6
431	131	13	72.08
12	2348	4	7.61
310	157	3	6.92
14	151	60	9.1
3103	957	3	41.78
202	249	3	7.79
325	8	4	8.47
935	109	7	31.79
102	1733	3	6.79
310	114	7	15.47
238	21	50	10.97
1429	121	4	21.25
294	790	3	19.7
161	231	6	17.88
284	1068	3	21.51
104	458	7	16.74
509	504	6	52.19
3561	101	3	9.52
487	111	4	7.81
12	2270	4	7.61
790	12	11	11.74
471	783	4	34.12
21	715	14	6.98
658	136	4	15.1
2871	14	4	8.56
14	1553	6	7.93
162	408	3	9.19
267	304	4	18.92
155	353	3	7.83
267	499	3	16
121	882	5	22.37
501	128	3	7.42
1477	300	7	80.23
122	132	24	48.09
161	1310	3	16.83
104	1476	3	8.52
8	9	132	977.5
206	546	4	20.68
364	127	5	13.04
1355	103	3	6.85
1039	109	3	7.96
444	182	3	11.3
1101	152	3	14.37
1320	108	3	9.4
175	116	10	14.1
9	410	5	16.05
132	221	6	10.91
104	635	4	6.84
109	863	3	7.37
117	890	6	27.03
12	181	43	7.55
214	188	14	72.18
186	12	67	64.63
649	442	4	31.39
196	101	33	19.86
2398	1784	3	41.85
101	1003	6	7.42
14	1811	5	10.7
255	144	4	7.74
144	112	21	33.82
21	514	20	9.98
21	582	18	8.98
418	129	4	10.3
974	248	3	19.28
317	165	3	8.32
409	175	5	23.83
101	2290	4	12.7
809	169	3	14.05
107	374	6	9.98
21	257	45	11.97
323	336	27	307.45
102	583	9	20.43
482	3865	3	37.44
118	1134	4	16.97
321	12	22	8.4
299	101	15	7.74
325	838	3	20.94
176	130	7	9.77
106	3400	3	18.4
520	231	8	57.66
176	281	3	7.69
1644	1032	4	49.49
149	222	4	7.13
108	399	5	8.85
2374	325	3	29.88
152	700	3	11.69
732	152	3	12.13
534	1176	3	26.66
1469	150	4	25.57
1753	587	5	65.41
222	143	5	9.82
106	3179	3	18.4
408	21	25	7.01
114	130	15	10.94
294	112	5	7.02
222	12	36	13.06
120	350	4	7.55
529	168	3	11.2
1469	107	3	9.31
3002	3088	3	54.67
410	807	4	32.6
21	111	284	6.81
165	172	4	6.81
1034	1126	4	44.77
739	21	14	6.98
128	385	4	10.1
102	416	7	7.66
579	152	3	10.56
112	158	10	8.09
14	1642	6	12.84
621	21	17	8.48
2911	508	3	37.76
140	454	5	18.41
482	1295	5	52.38
139	247	4	7.06
565	1351	4	40.44
470	516	3	20.6
228	130	6	11.37
1784	2398	3	41.85
404	166	8	42.57
1916	261	3	25.91
283	930	4	30.43
221	654	3	15.55
9	413	4	11.35
603	343	3	19.19
157	711	3	12.08
14	1053	10	21.4
326	327	3	14.28
288	397	3	15.09
514	21	20	9.98
1894	205	3	23.29
12	334	24	15.83
136	528	4	13.21
1695	262	3	24.2
397	288	3	15.09
109	469	4	6.72
104	114	27	7.05
758	122	3	8.75
175	331	3	9.17
12	708	14	20.3
175	279	3	7.94
388	144	3	7.56
137	174	24	98.18
444	130	3	6.72
280	210	3	9.94
1359	396	3	25.51
346	359	3	15.6
643	155	3	11.57
14	1310	7	9.79
267	396	3	14.36
2198	103	3	10.33
949	156	3	14.01
199	21	69	18.6
1941	108	3	15.18
199	244	3	7.58
654	221	3	15.55
542	14	13	9.16
486	113	4	8.45
126	173	8	10.88
102	2348	3	10.24
318	104	8	12.83
126	293	4	6.73
495	577	4	32.07
122	371	7	22.77
932	109	3	7.37
1692	122	3	14.62
2260	215	3	26.46
419	12	24	38.33
127	179	7	9.25
604	178	4	19.81
136	785	3	11.31
346	109	12	38.9
7	101	5	6.66
1766	101	6	19.05
14	231	29	7.84
103	637	9	29.44
104	441	7	14.69
8	1205	5	27.81
276	203	3	8.81
1658	224	4	33.72
123	1413	6	40.37
174	283	3	7.72
328	465	3	17.15
122	301	5	10.17
14	1129	7	7.12
168	522	4	17.37
151	394	3	8.03
200	1108	3	18.52
104	1438	3	8.52
1180	108	3	8.6
271	132	8	24.34
257	21	45	11.97
2849	14	4	8.56
369	128	5	13.76
152	347	3	7.57
859	267	6	49.38
129	202	6	8.51
109	524	12	52.53
161	466	4	15.96
109	388	10	32.22
783	665	6	61.92
560	142	3	10.51
360	101	17	20.17
920	9	5	25.42
157	153	6	8.61
142	337	3	6.84
12	917	11	20.95
415	794	6	55.55
1338	192	4	28.33
14	314	21	8.65
14	107	186	7.78
119	138	68	304.93
152	21	113	15.43
293	580	3	17.56
283	295	3	12.94
1003	360	4	33.89
115	1897	3	14.56
133	104	23	14.1
114	662	9	41.81
159	1047	3	14.86
21	621	17	8.48
578	143	3	9.6
522	128	3	7.42
3564	102	3	14.56
126	169	9	13.37
678	670	4	35.82
256	133	5	9.48
122	558	7	29.76
190	615	4	20.48
127	107	63	151.51
101	331	15	10.4
289	504	6	43.19
2065	12	5	9.52
21	183	84	42.05
1305	130	3	13.37
2185	105	4	19.05
1096	194	3	17.2
108	1249	3	9.4
21	287	40	19.97
151	699	5	25.01
173	131	7	9.61
209	160	6	15.33
128	464	3	6.88
2479	152	3	21.94
669	21	16	7.98
117	822	5	19.21
746	320	6	51.05
991	252	4	28.52
822	1295	3	30.05
320	101	15	11.18
1880	170	3	23.68
106	1837	6	36.84
187	130	7	10.71
2196	12	5	9.52
783	152	7	44.06
474	132	5	16.97
3087	3776	3	54.67
1122	102	8	32.77
123	782	3	9.39
835	267	3	19.34
101	1101	6	7.42
1665	106	3	10.37
1594	125	3	14.84
111	473	4	7.47
2230	1454	3	38.38
927	12	11	20.95
521	289	3	16.73
169	211	4	8.56
240	12	52	99.38
102	130	29	8.01
102	333	10	12.34
112	127	16	9.82
219	299	4	16.09
21	531	20	9.98
223	349	3	11.65
409	104	5	6.92
3289	102	3	14.56
153	14	56	7.44
120	136	13	13.69
376	104	18	70.96
120	339	6	15.58
130	333	5	12.64
175	671	3	13.55
14	1019	8	8.79
137	730	3	10.63
105	803	5	13.44
136	12	139	135.58
987	565	9	108.85
12	491	17	15.84
630	593	5	48.11
493	21	21	10.47
14	2519	4	8.56
343	1637	4	39.12
21	276	42	20.97
524	21	20	9.98
139	526	6	26.15
765	129	3	9.93
653	104	4	7.33
8	920	5	25.09
223	14	30	7.41
642	21	16	7.98
8	972	3	11.39
914	111	5	19.14
163	287	3	6.87
970	224	3	18.15
683	220	3	15.97
1703	9	3	15.98
644	9	3	9.21
716	170	9	66.93
118	3569	3	21.79
164	348	3	8.34
101	2933	3	9.52
132	1779	4	24.35
21	638	16	7.98
920	1205	5	58.49
180	21	87	43.56
202	104	10	7.58
820	14	10	9.87
117	203	7	8.49
101	3802	3	9.52
1337	13	3	10.94
103	615	5	8.92
1	274	5	16.81
1470	117	3	12.3
104	153	15	9.16
109	475	4	6.72
181	268	4	12.63
181	133	7	11.22
12	2468	4	7.61
509	122	4	11.12
689	102	5	7.02
244	150	4	8.18
2	956	3	8.36
111	1696	4	19.6
393	145	3	7.46
1334	150	3	15.81
881	573	4	36.27
123	1398	3	13.61
111	859	7	31.52
587	1753	5	65.41
235	265	3	10.23
12	249	34	19.07
136	411	7	28.28
624	111	5	14.76
12	103	295	25.79
381	12	18	11.47
1277	442	3	26.29
343	3227	3	34.96
124	384	6	18.53
474	117	5	13.44
108	196	9	8.59
2493	14	4	8.56
617	134	3	8.66
1700	102	3	6.79
153	307	3	6.69
782	137	4	17.37
638	105	5	11.2
627	101	8	6.88
144	560	4	15.85
1731	12	6	11.42
127	658	4	13.45
101	627	8	6.88
21	341	32	15.97
116	882	5	19.63
126	768	3	9.52
224	970	3	18.15
2593	102	3	10.24
109	1973	3	13.07
349	134	5	13.59
263	628	3	17.16
398	14	16	8
2315	150	3	21.79
114	104	27	7.05
130	447	3	6.72
243	103	10	10.72
191	126	6	6.96
102	1159	4	7.97
124	195	10	20.58
576	117	6	21.08
2874	12	4	7.61
520	164	6	30.98
248	142	5	12.23
412	139	3	7.35
790	13	3	7.77
171	12	49	7.61
723	21	14	6.98
310	14	21	8.65
14	212	38	16.78
585	21	18	8.98
122	1226	3	12.44
117	143	21	38.76
259	376	3	13.51
150	2315	3	21.79
189	561	5	27.53
12	1700	6	11.42
1309	234	4	30.87
1888	14	5	10.7
216	200	3	6.76
115	781	3	7.72
1647	109	3	11.56
150	966	4	20.81
630	1878	5	68.68
21	647	16	7.98
125	753	3	8.95
8	261	6	14.14
369	1499	3	25.84
395	704	4	30.59
347	395	4	24.5
959	949	3	28.9
1118	14	7	7.12
189	14	80	172.3
1083	102	6	16.41
145	397	3	7.68
111	924	11	74.74
113	480	4	8.45
137	257	11	41.54
124	1049	3	11.16
14	467	16	13.51
16	3427	3	24.02
203	134	6	9.44
175	102	21	19.27
1661	108	3	11.51
231	143	5	10.29
111	1695	5	28.55
14	2883	4	8.56
655	115	4	10.95
350	120	4	7.55
469	9	3	7.34
12	2459	4	7.61
257	155	6	18.61
185	364	3	10.05
2101	111	3	13.72
148	161	6	8.41
150	3241	3	26.27
14	420	17	11.77
416	120	4	9.13
146	193	38	227.75
2777	173	3	23.68
2358	102	4	19.41
104	14	244	33.11
1	184	4	6.95
109	453	5	10.06
1295	822	3	30.05
126	566	4	12.39
141	102	24	7.5
125	718	9	51.28
109	1225	3	9.44
738	21	14	6.98
1025	102	8	29.22
168	2775	4	37.08
406	109	21	116.8
266	12	30	17.15
1315	12	6	6.66
102	689	5	7.02
1118	142	7	51.37
112	803	3	7.28
127	556	3	7.29
189	261	3	7.69
108	1642	3	11.51
318	182	10	55.98
688	114	3	6.76
101	3087	3	9.52
515	21	20	9.98
2217	14	5	10.7
188	121	8	12.56
665	21	16	7.98
448	216	4	20.41
101	3776	3	9.52
1205	920	5	58.49
125	1787	3	14.84
1310	161	3	16.83
253	105	11	18.5
185	112	8	7.55
14	299	22	9.74
14	101	858	64.26
14	164	52	10.87
114	265	7	12.86
12	2813	4	7.61
170	9	10	20.38
152	819	4	19.42
247	576	5	32.56
1389	14	8	17.12
1249	108	3	9.4
131	644	3	9.05
706	875	4	37.93
335	106	6	8.1
279	175	3	7.94
1033	150	5	30.12
12	401	18	9.99
209	167	11	44.4
1301	394	4	36.87
558	200	6	37.31
102	552	6	7.83
251	185	3	7.2
1228	176	3	18
1096	8	5	26.35
21	174	88	23.18
1556	12	5	9.52
165	157	5	7.13
13	1627	4	20.8
317	195	3	9.84
893	540	6	60.7
236	465	3	14.39
144	260	8	26.83
14	1702	5	10.7
219	209	3	6.99
782	123	3	9.39
102	175	21	19.27
309	21	36	17.97
425	158	4	14.82
1795	2	3	12.61
3776	3087	3	54.67
12	214	34	6.7
130	175	6	7.33
12	266	30	17.15
510	542	4	31.07
270	749	5	36.67
187	268	4	12.54
187	133	7	11.07
499	122	6	21.87
981	855	3	28.97
413	960	5	46.31
405	128	4	10.1
267	835	3	19.34
209	219	3	6.99
461	262	6	39.74
14	2012	5	10.7
1335	132	3	13.52
190	125	6	6.68
145	686	4	17.11
606	111	6	19.35
1305	317	3	24.2
119	2041	4	24.46
178	604	4	19.81
542	753	3	23.58
108	1181	3	8.6
147	249	4	8.04
153	458	3	10.06
103	190	13	10.29
313	120	5	10.12
408	241	3	13.48
260	21	46	22.98
176	175	5	11.03
288	203	3	9.23
117	686	3	7.28
102	1117	4	7.97
14	986	9	10.51
112	1525	3	11.38
298	175	3	8.52
394	1301	4	36.87
12	191	72	97.28
875	106	4	10.03
425	113	4	7.46
130	104	23	13.18
1205	9	5	28.14
120	157	16	32.74
103	597	6	12.93
247	139	4	7.06
2282	2143	3	43.44
1699	101	5	10.92
107	331	6	8.25
851	1893	4	50.31
390	199	4	17.67
144	189	6	10.58
265	394	3	14.13
12	1550	7	13.33
348	187	4	15.3
102	104	99	53.41
1301	141	3	14.7
116	145	19	31.16
1920	102	4	14.6
231	124	6	10.41
371	289	4	22
102	2092	4	14.6
161	450	3	9.92
731	260	4	26.74
161	390	3	9.19
978	14	8	6.75
1686	104	3	9.66
132	897	4	16.94
207	14	44	26.16
875	2290	4	55.31
104	376	18	70.96
2012	14	5	10.7
188	102	17	11.48
748	140	3	10.92
401	176	3	10.3
401	120	4	8.84
346	170	4	14.24
2187	12	5	9.52
807	8	6	30.38
14	298	23	11.92
14	222	37	20.98
167	236	4	9.95
157	391	4	13.96
1289	101	5	6.66
145	172	11	32.92
127	222	5	6.85
723	1547	3	30.57
367	959	4	32.94
667	237	3	16.19
16	700	3	9.45
164	591	3	11.57
101	3070	3	9.52
8	428	3	6.68
527	16	3	7.73
383	21	25	7.01
3712	132	3	23.92
117	1470	3	12.3
102	1083	6	16.41
1294	183	3	18.28
1366	12	8	15.23
522	168	4	17.37
410	8	5	15.74
206	172	6	18.86
374	107	6	9.98
104	391	7	12.99
618	103	5	8.92
13	389	4	7.02
108	1019	3	7.92
12	2229	5	9.52
354	21	30	14.97
122	1225	3	12.44
477	129	7	28.96
504	21	20	9.98
333	1601	3	26.26
614	21	17	8.48
2090	908	3	34.45
3372	964	3	41.78
129	12	98	9.83
293	124	9	29.1
957	3103	3	41.78
217	233	3	8.45
17	9	3	15.98
960	1916	3	35.05
102	2627	3	10.24
181	1533	5	40.25
108	1941	3	15.18
134	158	7	7.46
249	102	11	8.25
1299	3812	3	44.08
122	131	23	44.91
12	1910	5	9.52
462	141	3	8.19
113	425	4	7.46
362	154	3	7.65
2567	14	4	8.56
21	515	20	9.98
2167	338	3	28.04
21	395	27	13.47
343	732	4	30.05
104	2134	3	11.14
600	101	9	8.73
12	1501	6	6.66
128	120	12	8.94
112	259	7	11.33
237	204	3	7.65
12	176	46	6.78
696	12	11	7.45
130	317	4	8.66
12	296	36	60.48
214	201	4	10.83
14	1035	8	8.79
2526	453	3	32.36
113	3481	3	20.87
319	879	5	41.04
930	448	4	35.33
147	573	3	10.08
109	614	7	23.63
554	248	3	15.67
3400	106	3	18.4
858	150	3	13
12	551	15	12.91
802	12	10	7.92
128	1315	3	14.26
2375	2282	3	45.67
204	103	10	6.73
124	151	9	9.44
1277	109	6	30.49
168	2016	5	46.41
111	289	15	51.71
12	1315	6	6.66
190	274	3	7.94
1176	534	3	26.66
173	166	7	16.91
1528	14	6	7.93
152	1987	3	19.73
21	260	46	22.98
363	123	10	40.41
583	102	9	20.43
1363	509	3	27.19
2726	117	3	17.19
348	183	3	9.53
102	151	23	10.83
105	2036	3	11.43
179	274	3	7.68
291	163	10	48.25
21	408	25	7.01
1457	121	3	13.61
1987	152	3	19.73
317	104	8	13.73
289	267	24	224.95
170	347	3	9.15
2282	2375	3	45.67
247	186	3	7.09
183	1294	3	18.28
432	2	4	7.31
12	179	73	85.13
353	155	3	7.83
3701	112	3	20.68
185	832	3	15.05
802	242	3	17.9
540	135	4	13.25
428	111	7	19.66
167	778	8	57.61
576	247	5	32.56
2375	2143	3	43.44
170	21	83	8.17
9	152	10	15.41
1270	106	3	8.29
1378	102	7	28.15
294	338	3	13.97
133	644	3	8.99
182	104	15	17.08
850	102	6	13.6
21	152	113	15.43
165	189	4	6.65
21	203	70	35.01
1009	152	3	14.37
150	471	3	9.49
251	260	4	16.25
914	289	5	41.02
1263	103	3	6.85
450	161	3	9.92
1191	215	5	39.44
1550	12	7	13.33
999	899	3	28.3
101	825	7	7.02
121	120	16	15.99
626	354	7	62.41
114	2078	3	14.44
337	142	3	6.84
281	127	7	18.18
21	665	16	7.98
102	2187	3	8.2
1098	117	6	30.1
146	1127	5	30.68
151	12	67	10.52
267	14	28	15.72
195	212	9	37.46
134	349	5	13.59
143	1743	3	17.15
480	21	21	10.47
1525	1808	3	36.79
145	276	8	28.65
117	276	6	10.84
1748	109	4	18.72
442	649	4	31.39
859	504	9	103.21
2348	12	4	7.61
171	112	10	10.92
104	127	32	28.88
146	105	16	9.28
257	137	11	41.54
105	14	211	13.25
190	1728	3	20.81
407	21	26	12.97
371	189	5	22.67
740	21	14	6.98
105	1527	3	8.81
593	125	3	7.79
168	434	3	10.36
101	416	12	9.44
1574	106	4	15.27
378	169	3	9.52
1315	128	3	14.26
122	269	6	12.32
533	417	3	19.49
193	490	3	12.21
1961	170	4	32.61
1108	261	3	21.22
194	710	3	14.48
436	319	3	16.51
2245	12	5	9.52
2275	2293	4	70.59
641	139	6	29.29
1313	12	8	15.23
113	409	4	7.46
169	809	3	14.05
413	8	4	11.11
1975	112	5	34.5
152	1198	3	15.1
584	237	10	81.74
417	533	3	19.49
108	675	4	9.59
879	861	5	53.42
14	2780	4	8.56
2267	14	4	8.56
458	104	7	16.74
104	184	14	14.66
407	140	3	7.24
1535	192	3	19.97
175	130	6	7.33
287	12	27	13.68
157	127	8	8.27
14	542	13	9.16
416	107	6	11.24
167	420	4	15.66
407	576	4	29.26
185	12	44	7.65
167	101	34	11.18
124	760	3	9
346	159	3	7.84
413	1298	3	26.02
127	1464	3	13.8
227	234	3	8.54
869	113	3	7.94
2339	439	3	32.36
1878	216	5	51.41
452	732	3	22.35
667	104	5	10.75
21	670	15	7.48
470	1933	3	30.72
113	258	6	8.44
12	1811	5	9.52
102	927	11	53.47
12	1871	6	11.42
14	1389	8	17.12
1093	12	9	11.61
114	1402	3	11.73
289	371	4	22
101	2560	4	12.7
2468	101	4	12.7
2855	12	4	7.61
16	9	23	54.56
21	109	318	8.09
126	805	3	9.52
496	12	14	6.75
1483	453	3	27.31
14	623	14	19.59
118	381	4	8.21
176	116	10	13.34
260	108	6	6.7
443	234	4	20.86
2751	14	4	8.56
582	117	4	10.56
398	127	4	9.54
930	283	4	30.43
153	393	3	8.3
9	109	24	28.74
562	1238	5	54.16
432	149	3	8.58
1464	101	5	8.41
566	821	5	47.43
14	2218	5	10.7
172	229	3	6.74
153	274	5	14.33
108	166	25	57.76
447	112	5	11.57
111	1292	3	10.07
1525	118	3	12.45
1006	1477	6	80.12
265	381	3	14.6
128	16	10	8.13
1964	104	4	18.65
475	420	3	18.88
465	328	3	17.15
211	402	3	12.47
626	656	5	49.6
521	111	4	8.18
125	190	6	6.68
261	8	6	14.14
812	112	3	7.28
107	268	7	8.09
1674	142	3	17.75
107	133	24	20.57
2587	12	4	7.61
362	12	27	34.9
101	2065	4	8.15
2741	846	3	36.68
1805	949	3	33.47
14	2468	4	8.56
119	852	3	9.01
103	204	10	6.73
108	475	4	6.67
159	536	4	16.71
2821	14	4	8.56
430	2443	4	48.96
190	108	14	22.63
144	255	4	7.74
101	895	7	8.21
3569	118	3	21.79
215	189	4	10.42
101	963	7	9.63
2327	2190	3	43.44
111	515	5	12.42
246	185	3	6.98
101	3670	3	9.52
120	294	6	13.59
104	667	5	10.75
282	1485	4	35.05
152	934	5	29.09
2038	104	3	11.14
727	2623	4	53.84
1358	125	3	12.65
13	2	48	91.34
108	734	5	15.13
608	21	16	7.98
441	141	5	18.41
494	21	21	10.47
106	1115	3	7.52
104	110	32	7.23
130	694	3	9.21
175	149	5	7.71
203	117	7	8.49
225	525	3	14.34
14	567	12	7.81
3378	964	3	41.78
137	12	98	33
396	536	3	19.57
145	565	3	9.83
2134	12	5	9.52
102	694	6	10.6
832	185	3	15.05
110	12	183	17.78
179	682	3	13.97
267	443	3	15.12
2623	727	4	53.84
2209	14	5	10.7
641	21	16	7.98
1341	14	8	17.12
224	14	32	9.83
523	21	20	9.98
766	129	3	9.93
102	2217	3	8.2
21	695	15	7.48
21	739	14	6.98
379	451	4	26.77
637	103	9	29.44
122	504	3	6.66
113	127	15	8.58
101	130	81	47.44
101	281	16	7.4
175	507	3	12.47
422	2813	3	32.09
14	236	31	13.87
157	409	3	9.21
14	161	53	10.54
300	553	3	17.55
14	105	211	13.25
274	12	27	10.27
161	148	6	8.41
14	207	44	26.16
2318	14	4	8.56
1142	14	7	7.12
1429	104	3	8.52
855	189	3	15.73
453	1060	5	48.08
102	1658	3	6.79
138	1451	3	15.47
104	409	5	6.92
2197	12	5	9.52
152	261	4	9.25
207	275	3	8.97
790	294	3	19.7
457	627	6	54.75
138	178	6	8.77
245	112	6	7.54
151	124	9	9.44
2147	101	4	8.15
3268	101	3	9.52
206	242	4	12.62
21	636	16	7.98
305	351	3	14.69
168	248	4	10.24
347	152	3	7.57
413	570	3	20.43
311	128	4	8.55
113	288	10	27.16
117	1607	4	21.34
249	182	4	11.44
14	1226	7	9.79
117	1352	3	11.33
122	316	7	19.54
12	1944	5	9.52
286	14	23	8.97
334	944	3	21.72
164	12	54	7.62
566	277	5	34.17
1	188	4	7.2
280	3103	3	34.02
171	361	4	14.5
217	299	3	10.61
13	149	11	9.61
110	1543	3	10.51
1238	1624	3	35.77
670	21	15	7.48
315	14	22	10.74
117	582	4	10.56
875	706	4	37.93
175	311	4	14.77
2	1106	5	21.05
499	131	3	7.73
160	209	6	15.33
2041	203	4	34.94
470	548	4	31.12
696	227	3	16.39
130	195	6	8.15
12	163	56	9.4
640	945	3	27.46
216	1878	5	51.41
12	107	257	58.63
890	168	9	70.47
2247	103	3	10.33
113	952	3	8.48
102	331	9	9.47
191	1256	7	62.39
128	314	5	11.68
107	104	39	8.41
177	114	8	7.43
125	21	193	18.13
409	102	7	8.15
317	175	3	9.34
21	278	42	20.97
21	202	66	9.78
236	167	4	9.95
21	129	198	99.77
1181	108	3	8.6
2883	14	4	8.56
289	521	3	16.73
307	895	3	20.58
251	189	5	17.17
163	185	5	9.7
135	139	10	11.75
117	2041	5	36.1
265	157	6	19.58
112	458	4	8.6
111	1578	4	19.6
1696	111	4	19.6
2605	12	4	7.61
620	102	11	32.49
332	755	7	62.7
1398	123	3	13.61
106	1931	3	11.86
14	2561	4	8.56
3088	3002	3	54.67
239	152	12	50.77
101	175	40	31.12
1559	102	5	16.27
396	221	3	12.51
480	113	4	8.45
470	1968	3	30.72
351	520	4	27.1
199	382	4	17.67
165	767	3	13.81
647	122	6	24.96
21	701	15	7.48
248	319	19	162.46
304	9	4	8.29
1552	105	3	8.81
500	122	5	16.23
146	371	3	7.34
845	170	11	97.39
12	2284	4	7.61
487	172	3	12.28
14	266	23	6.63
192	446	9	59.59
2694	14	4	8.56
2143	2375	3	43.44
267	1309	8	88.36
102	1924	4	14.6
2374	2324	3	45.67
175	104	20	32.81
130	644	3	8.82
146	2921	3	25.72
679	991	4	38.79
104	259	9	11.22
147	899	4	19.49
458	130	3	7.5
422	105	5	7.33
107	2099	3	11.95
152	579	3	10.56
708	12	14	20.3
2665	105	3	13.56
2813	12	4	7.61
1025	146	3	13.69
301	563	4	26.27
8	215	7	15.02
158	447	3	9.61
116	176	10	13.34
212	195	9	37.46
184	107	12	12.15
116	120	22	23.48
300	1477	7	80.23
112	853	3	7.76
117	1287	3	11.33
12	1959	5	9.52
21	392	26	12.97
631	21	15	7.48
362	202	6	30.01
918	102	6	14.9
106	1094	10	61.49
589	1080	4	38.08
233	134	5	8.5
268	127	6	13
102	135	43	37.29
384	139	3	6.92
921	595	4	37.64
12	101	849	8.8
987	12	11	20.95
12	164	54	7.62
14	978	8	6.75
2139	144	3	18.83
152	920	5	29.09
13	827	3	7.77
1372	141	6	41.46
103	349	7	9.12
499	267	3	16
904	136	3	11.31
120	128	12	8.94
172	143	5	7.32
432	175	3	11.04
104	653	4	7.33
2070	113	3	14.27
106	1940	3	11.86
12	504	14	8.08
2	199	7	6.65
1805	959	3	33.47
112	1155	3	9.61
198	2345	3	25.08
124	130	12	10.51
621	594	5	44.84
265	12	28	11.27
112	527	4	8.6
173	122	8	10.2
127	656	3	9.57
179	409	3	11.04
21	271	40	9.93
107	416	6	11.24
737	21	14	6.98
21	187	81	40.54
172	1341	3	18.73
471	152	3	9.63
1451	138	3	15.47
1294	822	5	58.1
101	706	8	7.87
128	467	4	11.41
3070	101	3	9.52
577	495	4	32.07
323	12	29	31.77
1256	12	8	15.23
107	583	4	6.91
16	261	5	10.14
182	333	7	33.81
960	413	5	46.31
442	109	7	18.86
294	12	26	13.84
692	192	5	30.31
349	120	5	11.51
728	166	4	20.44
176	165	7	17.49
956	2	3	8.36
124	118	16	13.3
176	102	16	7.57
783	471	4	34.12
1152	14	7	7.12
156	306	4	11.27
1106	2	5	21.05
819	239	5	35.64
136	582	3	8.79
117	1073	3	9.8
168	3589	3	27.78
2933	101	3	9.52
120	112	18	11.51
172	12	50	20.8
152	1009	3	14.37
742	151	3	11.99
331	111	5	7.73
107	1533	4	15.39
409	151	3	8.71
317	130	4	8.66
104	2038	3	11.14
120	1458	3	13.22
1086	12	8	7.17
159	346	3	7.84
1637	343	4	39.12
551	21	19	9.48
112	171	10	10.92
420	338	5	33.36
111	514	5	12.42
364	14	21	17.52
178	550	3	12.27
364	1	3	9.34
12	1930	5	9.52
189	140	5	6.8
189	215	4	10.42
2478	12	4	7.61
215	638	3	15.65
101	447	12	11.3
102	2013	4	14.6
175	317	3	9.34
175	265	3	7.55
371	111	5	9.18
650	12	16	30.49
2144	13	4	23.38
12	778	10	7.92
371	159	6	25.39
2143	2282	3	43.44
150	3291	3	26.27
13	104	30	11.94
141	1372	6	41.46
106	1128	4	12.65
2627	102	3	10.24
1575	14	7	14.98
227	104	12	17.3
12	2197	5	9.52
152	239	12	50.77
332	152	7	28.83
248	21	48	17.23
188	175	6	16.33
161	266	4	10.64
513	275	4	24.28
117	168	19	45.47
819	1009	3	28.42
1808	112	3	12.56
347	170	3	9.15
622	127	3	8.3
1218	495	4	39.5
267	337	4	19.89
21	686	15	7.48
234	267	6	28.44
21	738	14	6.98
374	198	15	111.92
8	499	3	7.7
361	128	4	9.02
281	169	3	7.16
12	779	10	7.92
145	1201	3	14.34
123	210	12	31.79
175	268	3	7.55
12	703	11	7.45
237	667	3	16.19
416	101	12	9.44
572	2444	4	51.52
244	120	5	7.11
360	233	3	12.47
553	300	3	17.55
221	203	3	6.85
14	2847	4	8.56
109	406	21	116.8
152	1205	5	31.83
2497	234	4	41.92
1765	128	3	15.47
2290	727	4	53.84
109	1280	3	9.44
495	325	4	26.04
2820	127	3	23.19
101	470	10	7.72
1889	633	4	47.59
1740	1077	3	34.14
101	317	14	8.83
127	176	8	11.72
383	142	3	7.99
953	103	4	8.87
981	192	3	17.36
2827	12	4	7.61
3232	106	3	18.4
109	1536	5	27.44
3291	150	3	26.27
905	320	3	21.31
12	2170	5	9.52
170	716	9	66.93
791	1390	5	59.13
119	203	9	15.69
12	899	10	10.18
142	215	5	10.54
3334	1703	3	46.35
175	447	5	24.3
2792	12	4	7.61
153	380	3	8.3
9	170	10	20.38
349	103	7	9.12
1542	395	3	26.29
613	21	17	8.48
576	150	3	10.42
408	108	20	103.87
12	390	25	40.16
166	404	8	42.57
148	1001	5	28.31
265	136	4	7.22
1478	106	5	25.38
190	171	4	7.2
538	21	19	9.48
102	555	6	7.83
233	352	3	12.07
21	170	83	8.17
984	124	3	10.53
1408	1697	3	36.79
448	1878	3	30.42
107	130	50	105.12
16	527	3	7.73
246	12	47	69.99
112	14	134	8.11
162	757	3	12.99
340	171	9	47.46
384	21	27	13.47
621	108	6	18.01
128	134	11	10.34
12	1468	6	6.66
550	141	3	9.05
130	102	29	8.01
182	507	3	12.47
14	2273	4	8.56
904	12	11	15.04
129	654	3	8.65
337	1694	3	26.46
572	324	3	18.25
14	2229	5	10.7
109	1095	3	7.96
391	157	4	13.96
453	109	5	10.06
12	178	50	12.72
166	105	13	9.57
12	222	36	13.06
118	124	16	13.3
550	243	3	15.43
108	327	13	41.6
2013	14	5	10.7
630	216	7	54.34
187	102	15	7.43
153	228	4	7.86
101	3561	3	9.52
572	156	3	10.84
106	1870	4	19.64
1060	453	5	48.08
169	281	3	7.16
122	642	3	7.95
440	1097	4	35.9
3049	101	3	9.52
1129	105	3	7.11
134	617	3	8.66
101	1066	7	11.38
179	127	7	9.25
1329	461	3	26.58
358	151	3	7.44
163	12	56	9.4
1335	122	3	12.44
173	101	39	22.21
21	218	61	30.5
177	425	3	10.77
241	327	9	57.61
3611	106	3	18.4
692	167	3	13.12
1063	2	3	8.97
728	132	5	22.01
258	113	6	8.44
101	3382	3	9.52
14	2501	4	8.56
114	177	8	7.43
387	151	3	8.03
191	12	72	97.28
148	1100	4	21.32
143	578	3	9.6
500	101	10	8.6
106	1554	4	15.27
106	1478	5	25.38
152	9	10	15.41
159	1703	3	18.67
14	267	28	15.72
167	209	11	44.4
336	539	3	18.09
382	136	3	6.68
382	187	3	10.77
575	404	3	19.92
175	432	3	11.04
122	1223	3	12.44
101	167	34	11.18
1817	102	3	6.79
189	378	4	16.53
122	535	5	16.77
145	273	4	8.67
107	2167	3	11.95
158	317	4	12.51
101	2915	3	9.52
318	151	4	11.17
749	270	5	36.67
2641	12	4	7.61
501	136	3	8.16
1594	718	3	31.81
1702	14	5	10.7
117	1216	4	16.77
490	193	3	12.21
128	688	3	9.12
102	2007	3	8.2
2847	14	4	8.56
2	970	3	8.36
1578	111	4	19.6
3584	101	3	9.52
803	112	3	7.28
153	742	3	12.27
293	126	4	6.73
1695	111	5	28.55
2332	2363	4	70.59
1481	12	6	6.66
319	436	3	16.51
12	2590	4	7.61
12	2608	4	7.61
108	707	4	9.59
108	842	4	11.48
1306	152	3	16.95
14	522	18	27.22
623	409	3	21.2
131	371	4	9.96
131	431	13	72.08
117	576	6	21.08
175	166	5	9.91
130	703	3	9.21
142	429	3	8.45
231	259	5	21.06
628	263	3	17.16
311	393	3	16.06
277	146	7	23.3
122	210	8	14.58
2672	101	3	9.52
567	14	12	7.81
116	175	10	14.1
821	131	3	10.34
324	21	34	16.97
364	262	3	13.42
688	128	3	9.12
301	156	3	6.68
577	1024	4	38.6
193	302	35	341.69
178	138	6	8.77
21	702	15	7.48
21	650	16	7.98
127	265	8	21.79
127	317	4	8
267	289	24	224.95
694	12	11	7.45
730	137	3	10.63
101	176	32	11.93
210	354	3	11.01
145	215	5	10.03
102	899	6	13.6
122	509	4	11.12
274	153	5	14.33
14	265	28	15.72
14	317	27	34.32
1165	726	3	28.68
1429	105	3	8.81
111	2101	3	13.72
248	260	17	127.12
161	104	17	16.29
2561	14	4	8.56
732	700	3	25.14
170	621	3	12.57
102	3658	3	14.56
12	419	24	38.33
243	102	11	7.63
201	508	3	13.06
2220	102	3	8.2
191	123	64	433.93
531	21	20	9.98
757	162	3	12.99
2345	198	3	25.08
288	113	10	27.16
313	144	8	30.92
103	12	295	25.79
152	665	4	17.54
12	2867	4	7.61
222	127	5	6.85
1694	337	3	26.46
524	109	12	52.53
334	118	7	18.22
914	14	8	6.75
102	390	18	56.99
163	291	10	48.25
903	102	5	9.26
105	1764	4	16.51
265	14	28	15.72
700	152	3	11.69
121	311	5	11.8
467	466	3	19.69
1185	102	4	7.97
1041	102	4	7.06
139	130	11	13.39
159	122	20	51.6
974	117	6	28.45
139	197	6	10.3
1959	12	5	9.52
409	107	5	8.05
899	12	10	10.18
113	3509	3	20.87
1287	474	3	26.58
12	102	848	1463.37
1006	300	6	53.45
2122	102	3	8.2
118	14	121	14.5
819	152	4	19.42
172	14	39	8.13
187	134	8	14.58
515	859	3	24.3
1922	12	5	9.52
143	172	5	7.32
143	124	17	31.85
316	413	3	16.24
597	103	6	12.93
359	509	4	27.1
905	2243	3	34.45
239	1009	3	19.47
121	507	3	7.12
862	1510	3	31.62
144	142	53	294.3
429	104	7	14.09
1134	14	7	7.12
21	480	21	10.47
882	121	5	22.37
194	300	3	9.16
183	2	14	25.88
678	21	15	7.48
1194	1807	3	34.9
1161	309	3	22.6
121	252	33	196.36
229	172	3	6.74
106	2470	3	14
121	149	13	20.61
1472	576	3	28.9
394	151	3	8.03
176	101	32	11.93
121	1429	4	21.25
1053	101	6	7.42
2	183	14	25.88
294	14	23	10.86
707	21	15	7.48
187	390	4	16.74
197	110	9	9.14
1499	369	3	25.84
401	102	7	7.21
401	165	4	15.03
996	587	3	26.63
14	104	244	33.11
1049	163	3	15.35
12	2196	5	9.52
656	626	5	49.6
1712	12	6	11.42
133	107	24	20.57
109	8	19	15.07
248	168	4	10.24
495	1218	4	39.5
161	317	3	8
304	289	4	19.91
1361	721	3	29.55
126	157	11	16.81
21	737	14	6.98
337	289	3	13.81
158	120	13	22.27
193	146	38	227.75
111	835	3	7.44
2169	147	3	19.22
127	104	32	28.88
195	180	5	11.91
1853	248	3	25.39
1601	102	5	19.05
155	196	5	9.24
615	14	12	9.28
174	295	3	8.01
501	14	17	22.01
101	600	9	8.73
413	316	3	16.24
393	311	3	16.06
134	338	5	13.28
116	268	6	9.79
212	231	3	7.8
2330	3062	3	50.17
567	142	3	10.16
945	640	3	27.46
13	249	11	28.13
1510	862	3	31.62
109	452	5	10.06
175	266	4	12.44
203	119	9	15.69
2875	14	4	8.56
142	530	4	15.51
192	125	6	7.27
703	130	3	9.21
21	604	17	8.48
685	1609	3	31.35
106	231	8	7.96
637	118	3	7.05
180	129	6	6.73
127	175	12	27.29
1128	106	4	12.65
267	152	4	9.41
2398	14	4	8.56
14	175	73	101.01
7	2	3	10.47
181	417	3	11.08
2580	194	3	24.83
171	190	4	7.2
104	429	7	14.09
556	130	3	7.8
133	179	8	14
972	8	3	11.39
536	122	3	6.95
1537	101	5	8.41
3515	101	3	9.52
242	210	3	7.97
14	2666	4	8.56
2	870	3	7.81
203	167	4	7.82
231	293	3	10.76
957	280	3	21.18
416	102	7	7.66
717	2	3	6.89
2658	14	4	8.56
12	2060	5	9.52
1219	893	3	29.73
407	1607	3	27.77
127	432	4	10.15
134	203	6	9.44
573	881	4	36.27
14	1142	7	7.12
1755	14	6	12.84
832	14	11	14.06
249	147	4	8.04
112	12	220	122.8
367	192	7	37.42
2775	168	4	37.08
112	245	6	7.54
132	3712	3	23.92
102	164	23	16.89
104	1964	4	18.65
521	21	20	9.98
107	198	24	60.24
139	160	6	6.75
141	810	3	11.39
659	21	16	7.98
3865	482	3	37.44
120	158	13	22.27
917	102	8	26.52
474	210	3	12.89
226	105	8	6.71
366	103	6	6.93
130	164	7	7.94
130	101	81	47.44
12	135	107	33.24
149	333	3	6.79
101	1928	5	15.87
152	2479	3	21.94
130	556	3	7.8
751	167	6	37.03
197	184	4	8.33
12	2757	4	7.61
9	14	86	14.51
732	21	14	6.98
187	467	3	11.78
12	2833	4	7.61
1298	221	4	30.15
223	276	3	9.87
617	1117	3	27.39
399	21	26	12.97
321	155	3	6.98
1047	159	3	14.86
1147	142	4	23.69
2830	103	4	22.41
725	103	4	6.91
21	261	42	7.98
1134	527	3	26.32
1922	1366	5	75.42
517	214	3	13.94
265	171	3	7
443	267	3	15.12
123	1078	4	17.48
102	1343	4	9.06
504	859	9	103.21
9	261	4	6.73
338	1125	4	34.14
768	126	3	9.52
103	124	32	21.85
241	149	5	12.06
1916	413	3	29.86
14	2636	4	8.56
330	12	27	26.03
114	122	19	15.97
470	109	5	10.94
370	140	3	6.83
187	299	3	8.72
591	107	5	10.79
9	518	4	13.25
1292	111	3	10.07
120	155	8	6.95
572	109	8	28.51
120	206	7	10.38
924	111	11	74.74
1907	102	5	24.27
12	121	132	43.68
12	297	24	10.42
300	764	3	20.04
1649	907	3	32.86
579	21	18	8.98
395	147	3	7.7
21	474	22	10.97
409	179	3	11.04
317	161	3	8
134	157	8	9.84
720	117	3	7.69
1203	107	4	12.77
142	1118	7	51.37
145	393	3	7.46
379	102	9	12.66
3728	944	3	41.78
466	467	3	19.69
198	114	11	18.98
129	21	198	99.77
161	432	3	9.66
838	325	3	20.94
752	102	5	8.43
1867	102	3	6.79
108	841	3	6.8
274	458	3	16.14
14	447	18	18.66
14	387	17	9.19
504	12	14	8.08
1225	109	3	9.44
157	126	11	16.81
1418	20	5	69.26
175	120	8	11.06
175	176	5	11.03
142	560	3	10.51
124	721	3	9
274	9	4	7.04
12	987	11	20.95
794	415	6	55.55
1671	315	4	40.48
1871	12	6	11.42
185	153	7	16.1
1561	159	4	26.44
863	109	3	7.37
2	7	3	10.47
1623	102	5	19.05
161	175	5	9.33
101	3679	3	9.52
106	1553	6	31.19
188	214	14	72.18
276	21	42	20.97
114	688	3	6.76
2456	14	4	8.56
227	267	7	35.31
561	251	3	16.14
567	428	3	20.43
533	102	6	7.28
2510	102	3	10.24
21	727	14	6.98
1698	102	3	6.79
2623	875	4	55.31
410	131	4	10.83
522	14	18	27.22
658	127	4	13.45
110	458	4	7.56
192	1338	4	28.33
127	268	6	13
215	1007	3	18.81
256	107	7	7.14
122	536	3	6.95
155	357	4	12.69
879	319	5	41.04
12	2851	4	7.61
197	139	6	10.3
457	101	10	7.72
182	249	4	11.44
1398	12	6	6.66
299	104	7	8.57
102	1348	4	9.06
316	189	6	26.76
464	128	3	6.88
101	1894	4	8.15
1500	102	4	10.41
149	175	5	7.71
288	21	39	19.47
204	237	3	7.65
594	271	3	17.32
163	307	3	7.45
1238	295	3	23.29
265	114	7	12.86
16	13	17	17.18
21	324	34	16.97
352	233	3	12.07
1931	2277	3	47.94
595	921	4	37.64
547	130	5	18.29
150	576	3	10.42
101	2468	4	12.7
2800	12	4	7.61
200	500	4	20.12
21	579	18	8.98
1024	488	5	49.11
21	407	26	12.97
150	215	5	10.94
465	236	3	14.39
420	1	3	10.22
420	14	17	11.77
267	859	6	49.38
113	1769	3	12.74
1525	131	6	42.43
3628	102	3	14.56
186	21	75	10.77
149	432	3	8.58
131	1080	3	12.06
103	366	6	6.93
108	317	5	7.03
591	164	3	11.57
2437	12	4	7.61
109	932	3	7.37
264	210	3	8.67
432	161	3	9.66
14	2318	4	8.56
930	2384	4	56.17
12	694	11	7.45
123	299	5	10.45
231	335	3	11.59
614	109	7	23.63
129	241	6	12.05
1	262	3	6.76
9	972	3	11.58
636	21	16	7.98
9	920	5	25.42
2226	1031	3	38.71
810	141	3	11.39
109	1191	3	8.65
567	186	3	12.95
907	1649	3	32.86
892	102	5	9.26
2854	169	3	23.43
1845	1187	3	34.9
155	101	40	11.66
1697	1408	3	36.79
105	1188	3	7.11
127	281	7	18.18
980	896	3	28.3
1351	565	4	40.44
1944	12	5	9.52
164	376	3	8.92
410	267	4	21.97
111	2483	3	15.88
151	14	60	9.1
161	118	9	8.93
556	175	3	12.47
392	21	26	12.97
101	3678	3	9.52
12	2217	5	9.52
141	1301	3	14.7
12	2165	4	7.61
14	130	94	17.7
454	140	5	18.41
253	135	5	9.99
515	289	4	24.89
16	1916	5	40.09
1352	117	3	11.33
161	130	10	16.72
1928	101	5	15.87
1808	1525	3	36.79
213	136	6	11.37
712	16	3	9.87
185	14	41	8.55
185	246	3	6.98
14	118	121	14.5
1159	102	4	7.97
874	145	3	12.39
1554	106	4	15.27
413	1359	3	26.02
14	286	23	8.97
113	154	10	7.47
1141	14	8	11.68
168	269	8	33.44
1458	120	3	13.22
2183	101	4	8.15
206	127	6	8.32
21	669	16	7.98
16	712	3	9.87
16	636	3	9.05
1341	172	3	18.73
126	547	3	7.24
364	185	3	10.05
151	398	3	8.25
567	9	4	13.7
462	108	4	6.67
1290	134	4	21.06
333	102	10	12.34
557	21	19	9.48
413	16	4	11.15
706	21	15	7.48
588	21	18	8.98
244	182	3	6.75
214	632	8	60.31
157	336	3	7.39
12	2641	4	7.61
441	139	8	37.71
12	2437	4	7.61
104	227	12	17.3
14	2849	4	8.56
422	192	4	18.02
1353	794	5	58.1
109	572	8	28.51
298	179	3	8.52
108	3051	3	19.6
130	107	50	105.12
12	195	45	12.42
130	163	7	7.84
2766	14	4	8.56
1068	284	3	21.51
120	244	5	7.11
1057	114	3	9.26
535	131	3	8.03
391	14	23	33.2
343	707	3	20.01
150	244	4	8.18
150	21	127	63.73
261	16	5	10.14
429	182	3	11.04
390	187	4	16.74
105	1932	3	11.43
348	199	6	29.58
621	170	3	12.57
1202	166	3	16.38
1703	159	3	18.67
1803	117	4	21.34
558	261	4	24.64
106	688	7	23.02
1009	239	3	19.47
140	196	5	7.11
261	535	7	51.88
151	651	3	11.15
1295	482	5	52.38
21	108	330	17.32
200	216	3	6.76
1566	102	4	10.41
966	150	4	20.81
1195	106	3	7.52
182	318	10	55.98
146	976	11	94.95
529	14	15	13.82
124	103	32	21.85
359	346	3	15.6
205	108	9	10.08
104	1888	3	11.14
101	2183	4	8.15
107	214	8	6.73
882	116	5	19.63
102	3038	3	14.56
302	21	35	7.95
9	1205	5	28.14
1115	106	3	7.52
121	522	3	6.83
112	185	8	7.55
155	643	3	11.57
2739	1427	4	61.03
102	1566	4	10.41
12	151	67	10.52
12	330	27	26.03
1532	14	7	14.98
108	175	9	7.47
555	102	6	7.83
447	158	3	9.61
14	2605	4	8.56
2243	320	4	41.48
197	21	68	6.97
1607	117	4	21.34
149	265	5	13.45
124	220	6	9.52
1547	12	6	6.66
122	1779	6	45.69
113	2070	3	14.27
959	192	5	34.19
111	319	5	7.23
128	405	4	10.1
1335	210	3	19.65
21	186	75	10.77
236	318	5	24.96
220	102	12	7.1
2363	2332	4	70.59
292	182	4	13.4
527	167	3	11.32
185	3869	3	28.93
151	340	3	7.08
509	1363	3	27.19
21	740	14	6.98
126	12	121	29.37
8	413	4	11.11
301	142	4	10.19
12	2187	5	9.52
109	346	12	38.9
855	125	6	29.75
200	3345	3	29.9
14	311	25	25.81
134	1290	4	21.06
274	1	5	16.81
274	14	35	40.43
186	902	3	15.58
396	1359	3	25.51
14	416	24	43.87
1476	104	3	8.52
105	136	17	7.07
257	12	34	22.06
895	101	7	8.21
12	2562	4	7.61
458	120	5	15.9
104	111	45	32.37
114	1019	3	9.26
141	236	5	10.45
139	629	5	22.22
102	2593	3	10.24
194	747	3	14.93
224	12	36	12.12
116	197	15	34.99
104	1380	3	7.61
101	2829	4	12.7
378	189	4	16.53
406	21	25	12.47
134	187	8	14.58
134	136	9	7.62
1594	806	3	32.31
127	416	5	14.52
164	14	52	10.87
8	325	4	8.47
158	385	3	8.89
212	134	6	10.35
1173	102	5	12.65
189	159	5	9.21
12	2097	5	9.52
671	274	3	17.57
300	194	3	9.16
157	310	3	6.92
131	438	5	16.65
504	289	6	43.19
413	1384	4	37.89
259	112	7	11.33
175	161	5	9.33
2	955	3	8.36
422	104	7	14.09
129	184	6	7.16
655	119	4	12.03
221	223	3	7.87
207	455	3	12.53
3062	2330	3	50.17
665	152	4	17.54
448	156	4	15.2
103	618	5	8.92
319	248	19	162.46
515	152	4	15.62
101	1464	5	8.41
102	1871	3	6.79
1142	12	9	17.14
12	927	11	20.95
101	285	18	12.19
125	2144	4	25.76
168	247	5	14.94
111	606	6	19.35
163	740	4	20.06
122	572	3	7.26
140	748	3	10.92
2290	875	4	55.31
828	332	5	40.99
577	1027	4	38.6
8	410	5	15.74
16	754	3	9.87
290	102	21	51.73
111	21	284	6.81
121	104	42	54.3
101	623	9	9.85
21	201	69	18.6
3218	103	3	16.81
106	658	4	7.69
363	242	7	43.04
12	2800	4	7.61
14	2440	4	8.56
182	120	8	11.06
14	2560	4	8.56
299	219	4	16.09
102	1147	4	9.06
299	175	3	8.52
576	221	3	14.8
727	2290	4	53.84
2605	14	4	8.56
2	394	5	10.11
243	358	3	12.61
201	214	4	10.83
166	175	5	9.91
1214	106	4	13.83
1339	132	3	13.52
478	14	13	6.63
934	152	5	29.09
376	164	3	8.92
338	294	3	13.97
390	12	25	40.16
233	279	4	16.23
612	105	4	6.73
125	168	13	26.94
409	101	15	20.02
176	1228	3	18
260	1221	3	22.96
2384	156	3	22.24
3481	113	3	20.87
395	334	3	15.87
