7639	1
1914	2
3330	3
6904	4
1782	5
7478	6
1805	7
5905	8
1475	9
2004	10
108	11
6633	12
353	13
3196	14
1230	15
194	16
2842	17
6666	18
5129	19
1131	20
4640	21
164	22
4606	23
122	24
4881	25
4457	26
661	27
2250	28
4522	29
6795	30
470	31
5330	32
354	33
4944	34
6336	35
340	36
3928	37
5157	38
4842	39
143	40
69	41
3571	42
2722	43
5684	44
49	45
901	46
6097	47
917	48
350	49
505	50
6581	51
2782	52
4276	53
459	54
590	55
2276	56
7075	57
3634	58
42	59
3162	60
3457	61
2935	62
1774	63
4145	64
709	65
91	66
946	67
2715	68
794	69
7264	70
6484	71
1862	72
1549	73
5766	74
5542	75
5973	76
7368	77
1594	78
5993	79
5099	80
2664	81
6119	82
768	83
7377	84
75	85
241	86
283	87
6732	88
7562	89
436	90
254	91
1361	92
663	93
7331	94
80	95
822	96
11	97
2494	98
1544	99
1867	100
1268	101
6491	102
5282	103
6970	104
1282	105
835	106
2229	107
2330	108
1905	109
150	110
1384	111
7167	112
4349	113
2473	114
7825	115
4695	116
1655	117
3726	118
1107	119
4831	120
7262	121
7170	122
6505	123
5526	124
1540	125
3298	126
735	127
2065	128
3482	129
4902	130
1077	131
6955	132
3698	133
6010	134
3905	135
400	136
3398	137
1792	138
701	139
2693	140
3410	141
5745	142
1	143
4316	144
921	145
4375	146
6409	147
265	148
67	149
2119	150
6091	151
4555	152
3288	153
292	154
7205	155
2118	156
87	157
106	158
1195	159
1257	160
993	161
4156	162
13	163
3435	164
8	165
4514	166
359	167
4455	168
3371	169
7871	170
7765	171
2059	172
6147	173
22	174
1504	175
7625	176
3995	177
5184	178
1378	179
4416	180
2749	181
7033	182
30	183
7177	184
3679	185
3767	186
7552	187
7189	188
7832	189
2033	190
4772	191
956	192
4393	193
4709	194
44	195
1357	196
7550	197
3110	198
457	199
583	200
2544	201
1735	202
86	203
201	204
638	205
2025	206
5240	207
6816	208
873	209
5690	210
4543	211
349	212
1130	213
104	214
487	215
741	216
6027	217
3159	218
4179	219
6658	220
207	221
4633	222
3655	223
1208	224
6553	225
7420	226
590	227
4040	228
1056	229
1163	230
3370	231
1100	232
2269	233
688	234
6288	235
508	236
6552	237
7722	238
1515	239
7273	240
922	241
755	242
6847	243
6414	244
4956	245
659	246
2101	247
184	248
42	249
2136	250
4530	251
174	252
966	253
4858	254
5555	255
6691	256
5541	257
4628	258
1410	259
7713	260
6644	261
7379	262
75	263
75	264
3699	265
568	266
1123	267
1514	268
1944	269
49	270
1254	271
2541	272
7392	273
4518	274
6888	275
231	276
3622	277
59	278
6380	279
1546	280
3670	281
280	282
3275	283
1465	284
2873	285
920	286
6432	287
1315	288
303	289
5763	290
5600	291
5433	292
3265	293
4512	294
7176	295
5512	296
5472	297
7066	298
7486	299
3167	300
2688	301
3021	302
7597	303
5655	304
4006	305
929	306
1584	307
5911	308
4749	309
3353	310
7611	311
6369	312
497	313
1320	314
5791	315
314	316
7211	317
684	318
3362	319
790	320
685	321
1996	322
192	323
6367	324
4968	325
5170	326
4554	327
3915	328
1234	329
5934	330
931	331
1096	332
7301	333
65	334
210	335
3964	336
31	337
6507	338
1638	339
7429	340
297	341
1831	342
1519	343
456	344
7274	345
332	346
296	347
20	348
6527	349
5963	350
7471	351
7142	352
526	353
271	354
1266	355
783	356
1395	357
7388	358
77	359
2497	360
6568	361
5895	362
5396	363
7855	364
2037	365
3052	366
1190	367
136	368
319	369
909	370
323	371
722	372
3678	373
6063	374
7234	375
653	376
3383	377
1145	378
5841	379
2554	380
6114	381
5339	382
3429	383
4769	384
1100	385
90	386
90	387
4688	388
5884	389
14	390
2151	391
249	392
5466	393
121	394
7276	395
2658	396
222	397
92	398
6226	399
2627	400
6597	401
7400	402
100	403
6488	404
1358	405
714	406
733	407
3868	408
2723	409
674	410
260	411
1281	412
960	413
2007	414
80	415
1116	416
3885	417
2027	418
3270	419
2382	420
2923	421
5593	422
7423	423
6031	424
7668	425
4933	426
2975	427
3091	428
5090	429
780	430
6	431
3764	432
6670	433
4070	434
1033	435
498	436
603	437
4077	438
595	439
1236	440
429	441
429	442
4913	443
5125	444
4890	445
273	446
7743	447
4115	448
7450	449
2460	450
3545	451
335	452
1581	453
432	454
7419	455
974	456
6968	457
1911	458
1692	459
2394	460
198	461
233	462
6334	463
2597	464
1432	465
2831	466
1191	467
2321	468
4208	469
4996	470
5969	471
1625	472
2215	473
5302	474
5045	475
3272	476
5387	477
2955	478
2734	479
7834	480
4704	481
1196	482
1288	483
1534	484
4239	485
1730	486
3656	487
6738	488
3425	489
2806	490
1767	491
4827	492
1362	493
286	494
245	495
3529	496
1675	497
696	498
3376	499
3872	500
208	501
354	502
1443	503
461	504
2630	505
5812	506
4792	507
4680	508
843	509
5520	510
181	511
5465	512
7441	513
1632	514
1359	515
2843	516
2857	517
4064	518
1298	519
962	520
2334	521
3813	522
1395	523
3317	524
3287	525
475	526
660	527
4639	528
2654	529
991	530
7700	531
1679	532
7833	533
3618	534
1558	535
99	536
892	537
5390	538
7616	539
1518	540
2985	541
818	542
3387	543
7271	544
3504	545
298	546
6600	547
156	548
5074	549
4459	550
6662	551
6695	552
1894	553
5041	554
5623	555
1141	556
340	557
5003	558
4289	559
1283	560
657	561
258	562
4940	563
7136	564
5644	565
484	566
1007	567
278	568
5412	569
6630	570
3773	571
4506	572
7279	573
1303	574
3367	575
4603	576
6081	577
339	578
7043	579
1013	580
1399	581
1070	582
2392	583
223	584
1034	585
1316	586
4092	587
4426	588
588	589
1061	590
85	591
3	592
19	593
856	594
965	595
2002	596
3468	597
7695	598
175	599
2108	600
4754	601
5191	602
2979	603
89	604
4669	605
1241	606
159	607
5061	608
5004	609
351	610
6404	611
1431	612
6513	613
4811	614
6862	615
664	616
294	617
1741	618
697	619
2992	620
7020	621
882	622
7231	623
7326	624
773	625
3	626
2057	627
3013	628
7227	629
5073	630
227	631
571	632
3954	633
6057	634
433	635
5883	636
6489	637
1099	638
1472	639
3911	640
254	641
2253	642
6441	643
7345	644
5143	645
6191	646
1286	647
3716	648
16	649
817	650
512	651
7284	652
27	653
7669	654
1909	655
3996	656
1763	657
2591	658
1882	659
539	660
3668	661
1510	662
5771	663
4210	664
364	665
3933	666
1495	667
6231	668
6368	669
1596	670
1093	671
739	672
743	673
1512	674
5725	675
3117	676
4223	677
84	678
344	679
2525	680
170	681
519	682
27	683
121	684
4469	685
528	686
1961	687
867	688
199	689
1422	690
4690	691
1712	692
3796	693
244	694
1428	695
4203	696
6388	697
2370	698
1884	699
351	700
5824	701
6706	702
27	703
5733	704
1473	705
1370	706
6586	707
1979	708
1608	709
1172	710
7613	711
708	712
5569	713
1628	714
3097	715
636	716
3855	717
1214	718
2763	719
6349	720
3808	721
3111	722
1663	723
2020	724
7465	725
872	726
159	727
4028	728
431	729
1723	730
3575	731
1015	732
3475	733
2565	734
6433	735
2458	736
4329	737
5312	738
2256	739
770	740
5838	741
3752	742
7160	743
5582	744
7647	745
78	746
6657	747
5976	748
697	749
5047	750
7858	751
2270	752
5958	753
3127	754
464	755
266	756
4889	757
7358	758
6832	759
6501	760
1182	761
1514	762
3740	763
5128	764
5349	765
754	766
51	767
701	768
64	769
2572	770
125	771
23	772
682	773
1733	774
1149	775
937	776
6845	777
4	778
1164	779
404	780
1105	781
5881	782
9	783
1252	784
1929	785
6610	786
6188	787
5778	788
1910	789
7059	790
2754	791
7283	792
3393	793
1365	794
5826	795
3820	796
2867	797
7527	798
2247	799
293	800
2919	801
4078	802
2413	803
5012	804
6473	805
6707	806
3479	807
6524	808
1729	809
2170	810
7836	811
5453	812
4720	813
677	814
1700	815
3557	816
1995	817
4517	818
4110	819
1123	820
905	821
5229	822
7049	823
198	824
128	825
1424	826
5615	827
226	828
29	829
7525	830
1207	831
5924	832
7077	833
4649	834
3215	835
573	836
3190	837
165	838
6620	839
5955	840
2087	841
6421	842
4166	843
804	844
5531	845
6270	846
6208	847
1813	848
545	849
5261	850
857	851
1499	852
7128	853
7521	854
4392	855
24	856
2222	857
84	858
1389	859
1578	860
3894	861
6717	862
784	863
3910	864
1070	865
6982	866
2153	867
3881	868
239	869
3847	870
4950	871
476	872
3786	873
2409	874
1239	875
5439	876
518	877
231	878
4945	879
66	880
6	881
6	882
66	883
3505	884
119	885
6808	886
450	887
1414	888
2999	889
827	890
7657	891
1111	892
1110	893
7108	894
2665	895
798	896
1195	897
5790	898
3069	899
3967	900
6266	901
1138	902
1279	903
3973	904
4489	905
76	906
5792	907
188	908
1170	909
5543	910
7451	911
2683	912
2	913
7614	914
1319	915
6291	916
3211	917
5856	918
3758	919
4667	920
223	921
7391	922
3320	923
6815	924
4235	925
5961	926
1825	927
4472	928
1190	929
1540	930
2095	931
4264	932
6224	933
1340	934
650	935
457	936
7458	937
4782	938
5926	939
2124	940
7214	941
612	942
7728	943
2860	944
6055	945
642	946
937	947
1527	948
6304	949
947	950
5729	951
367	952
4171	953
827	954
128	955
554	956
275	957
925	958
6318	959
735	960
16	961
180	962
7407	963
733	964
419	965
4758	966
211	967
4987	968
4408	969
7520	970
6966	971
2661	972
860	973
6443	974
7587	975
72	976
4576	977
5539	978
1490	979
63	980
7013	981
1367	982
7310	983
6307	984
3993	985
1508	986
89	987
729	988
7488	989
2316	990
1553	991
5831	992
742	993
4233	994
875	995
3381	996
4327	997
3935	998
2288	999
2931	1000
1471	1001
3934	1002
431	1003
1481	1004
1521	1005
7776	1006
531	1007
7510	1008
4141	1009
42	1010
7595	1011
3997	1012
50	1013
4374	1014
50	1015
1658	1016
12	1017
1159	1018
2469	1019
5620	1020
1076	1021
5616	1022
4135	1023
7215	1024
255	1025
1422	1026
666	1027
5891	1028
3223	1029
6978	1030
1875	1031
596	1032
1	1033
6360	1034
6475	1035
3203	1036
304	1037
4867	1038
5772	1039
5237	1040
792	1041
1288	1042
2849	1043
337	1044
851	1045
365	1046
629	1047
7232	1048
242	1049
1391	1050
7783	1051
3217	1052
5817	1053
3051	1054
896	1055
2428	1056
743	1057
298	1058
6916	1059
4563	1060
2871	1061
4197	1062
5952	1063
7872	1064
842	1065
310	1066
1974	1067
7824	1068
6164	1069
1202	1070
982	1071
613	1072
1134	1073
338	1074
4021	1075
111	1076
4922	1077
903	1078
4880	1079
7475	1080
1166	1081
230	1082
6952	1083
14	1084
3533	1085
1828	1086
65	1087
256	1088
32	1089
325	1090
3856	1091
4625	1092
979	1093
1341	1094
869	1095
6374	1096
2911	1097
3062	1098
1390	1099
1118	1100
1585	1101
5734	1102
3697	1103
1107	1104
4929	1105
7846	1106
5658	1107
4807	1108
3649	1109
1804	1110
578	1111
7356	1112
4330	1113
1964	1114
1356	1115
3262	1116
5463	1117
6818	1118
764	1119
4015	1120
6899	1121
5087	1122
2226	1123
574	1124
3962	1125
115	1126
1404	1127
5238	1128
4844	1129
3648	1130
6929	1131
3472	1132
277	1133
4185	1134
4634	1135
5055	1136
7682	1137
4107	1138
221	1139
757	1140
6177	1141
2241	1142
4498	1143
3445	1144
103	1145
5174	1146
2280	1147
2816	1148
1344	1149
7496	1150
164	1151
6915	1152
3793	1153
4776	1154
23	1155
261	1156
488	1157
926	1158
5270	1159
1216	1160
961	1161
2946	1162
852	1163
500	1164
6582	1165
6262	1166
5060	1167
1340	1168
3797	1169
2319	1170
3177	1171
2840	1172
3817	1173
6056	1174
4559	1175
7710	1176
652	1177
5110	1178
7734	1179
318	1180
5123	1181
2708	1182
4849	1183
3120	1184
38	1185
3361	1186
3561	1187
281	1188
6356	1189
4915	1190
3422	1191
1401	1192
6896	1193
3674	1194
716	1195
7258	1196
3991	1197
5345	1198
3063	1199
163	1200
1155	1201
6175	1202
978	1203
447	1204
452	1205
2024	1206
2972	1207
1566	1208
6564	1209
4903	1210
2617	1211
4712	1212
7250	1213
2361	1214
5258	1215
6100	1216
5742	1217
5450	1218
932	1219
501	1220
6874	1221
5377	1222
4402	1223
5979	1224
6967	1225
7634	1226
986	1227
4650	1228
1079	1229
307	1230
1491	1231
3965	1232
35	1233
5299	1234
6000	1235
7821	1236
2214	1237
688	1238
7187	1239
687	1240
1505	1241
165	1242
7228	1243
2125	1244
2259	1245
486	1246
7556	1247
3161	1248
5320	1249
4014	1250
1906	1251
5687	1252
94	1253
1121	1254
1199	1255
4314	1256
5851	1257
147	1258
2363	1259
6359	1260
4630	1261
5588	1262
3154	1263
5266	1264
7317	1265
5107	1266
5695	1267
1670	1268
5625	1269
38	1270
1103	1271
3249	1272
3788	1273
6483	1274
2194	1275
907	1276
565	1277
771	1278
3268	1279
6813	1280
327	1281
3846	1282
952	1283
7786	1284
6997	1285
7098	1286
7463	1287
673	1288
185	1289
7835	1290
2747	1291
4324	1292
358	1293
5879	1294
751	1295
35	1296
1357	1297
86	1298
367	1299
305	1300
615	1301
480	1302
135	1303
6886	1304
2579	1305
3150	1306
490	1307
5872	1308
2978	1309
294	1310
2051	1311
6614	1312
1820	1313
3747	1314
3941	1315
1551	1316
2302	1317
3728	1318
6053	1319
4232	1320
411	1321
4148	1322
3221	1323
4551	1324
3908	1325
5537	1326
997	1327
7672	1328
3598	1329
1463	1330
7876	1331
2234	1332
1651	1333
354	1334
3038	1335
3746	1336
535	1337
2152	1338
6702	1339
4484	1340
5603	1341
587	1342
334	1343
76	1344
6026	1345
5461	1346
4237	1347
5608	1348
900	1349
3853	1350
787	1351
971	1352
277	1353
3984	1354
6950	1355
368	1356
7498	1357
6935	1358
5116	1359
6201	1360
474	1361
2792	1362
5317	1363
5142	1364
6287	1365
2823	1366
724	1367
6038	1368
2561	1369
1482	1370
2261	1371
1548	1372
1446	1373
5319	1374
2263	1375
4581	1376
1500	1377
6216	1378
5015	1379
1090	1380
778	1381
4652	1382
4760	1383
6230	1384
4906	1385
7029	1386
4315	1387
62	1388
5264	1389
6412	1390
2480	1391
4130	1392
4112	1393
402	1394
2585	1395
2569	1396
6956	1397
6751	1398
2032	1399
7191	1400
7608	1401
6946	1402
1129	1403
3560	1404
1796	1405
5337	1406
4910	1407
5762	1408
1167	1409
5327	1410
3245	1411
4930	1412
3672	1413
5311	1414
4946	1415
767	1416
6776	1417
7186	1418
5423	1419
16	1420
2614	1421
4123	1422
1467	1423
3496	1424
920	1425
232	1426
6590	1427
5363	1428
144	1429
144	1430
2858	1431
4788	1432
3071	1433
1639	1434
3112	1435
61	1436
6364	1437
3735	1438
7380	1439
4295	1440
6271	1441
2646	1442
6237	1443
3350	1444
970	1445
2824	1446
660	1447
1291	1448
6778	1449
1454	1450
7370	1451
4595	1452
7366	1453
888	1454
1577	1455
3534	1456
3310	1457
4696	1458
1259	1459
6162	1460
35	1461
4790	1462
6394	1463
120	1464
5750	1465
4225	1466
6094	1467
406	1468
1765	1469
4825	1470
434	1471
4448	1472
2436	1473
6373	1474
5714	1475
7403	1476
183	1477
5322	1478
1377	1479
5329	1480
7534	1481
1576	1482
3761	1483
4833	1484
1912	1485
4684	1486
2712	1487
3799	1488
194	1489
1576	1490
1103	1491
6472	1492
1180	1493
301	1494
499	1495
7690	1496
715	1497
5375	1498
2817	1499
393	1500
5035	1501
4193	1502
1397	1503
6511	1504
5280	1505
3541	1506
1377	1507
6858	1508
477	1509
2490	1510
26	1511
87	1512
731	1513
1106	1514
1274	1515
7752	1516
1333	1517
1341	1518
345	1519
1537	1520
717	1521
167	1522
1117	1523
300	1524
2297	1525
29	1526
2112	1527
4217	1528
4155	1529
5194	1530
6384	1531
398	1532
1587	1533
1277	1534
6908	1535
1893	1536
1952	1537
1292	1538
2957	1539
232	1540
6866	1541
1295	1542
5814	1543
6243	1544
240	1545
6325	1546
403	1547
4651	1548
1464	1549
1749	1550
273	1551
7740	1552
5252	1553
4175	1554
997	1555
7679	1556
26	1557
2373	1558
5656	1559
3525	1560
5932	1561
2951	1562
349	1563
6693	1564
6884	1565
6117	1566
1660	1567
7039	1568
3337	1569
5448	1570
4367	1571
5863	1572
3489	1573
2645	1574
3384	1575
306	1576
3662	1577
5519	1578
5089	1579
10	1580
4106	1581
92	1582
7004	1583
5754	1584
6217	1585
1205	1586
6275	1587
5704	1588
265	1589
7178	1590
2847	1591
1223	1592
1351	1593
3266	1594
1041	1595
7684	1596
1174	1597
5900	1598
355	1599
7413	1600
3476	1601
265	1602
2249	1603
3210	1604
6697	1605
3811	1606
1539	1607
1539	1608
1570	1609
66	1610
2200	1611
1731	1612
6937	1613
6422	1614
904	1615
6309	1616
748	1617
4133	1618
2182	1619
745	1620
6357	1621
1965	1622
5255	1623
1270	1624
232	1625
3612	1626
324	1627
5923	1628
6965	1629
619	1630
2641	1631
7726	1632
53	1633
6842	1634
1	1635
3762	1636
3	1637
341	1638
1664	1639
3090	1640
5284	1641
5811	1642
1586	1643
1498	1644
5779	1645
6399	1646
1532	1647
3315	1648
588	1649
463	1650
4838	1651
5117	1652
1402	1653
5893	1654
388	1655
846	1656
1800	1657
3939	1658
503	1659
4548	1660
3927	1661
6768	1662
7233	1663
3769	1664
3256	1665
1279	1666
4355	1667
3805	1668
5383	1669
3439	1670
6401	1671
3607	1672
3084	1673
1918	1674
1588	1675
4082	1676
4476	1677
4391	1678
489	1679
2898	1680
6689	1681
2511	1682
5768	1683
5494	1684
1062	1685
3902	1686
891	1687
2103	1688
3007	1689
3053	1690
6981	1691
451	1692
4660	1693
2267	1694
4186	1695
2114	1696
1020	1697
6324	1698
34	1699
3882	1700
3450	1701
4346	1702
2492	1703
2534	1704
7014	1705
7622	1706
4257	1707
441	1708
7032	1709
2364	1710
6758	1711
7026	1712
3633	1713
5897	1714
3780	1715
2439	1716
3626	1717
67	1718
5854	1719
1966	1720
6087	1721
3500	1722
4290	1723
3423	1724
6372	1725
2781	1726
1890	1727
7600	1728
269	1729
6015	1730
3760	1731
949	1732
3584	1733
1823	1734
3066	1735
72	1736
296	1737
8	1738
4965	1739
3030	1740
3738	1741
60	1742
2462	1743
423	1744
5833	1745
1075	1746
5873	1747
4265	1748
362	1749
5786	1750
1187	1751
6021	1752
3867	1753
6665	1754
6335	1755
599	1756
112	1757
4921	1758
2738	1759
4953	1760
984	1761
65	1762
26	1763
6274	1764
7255	1765
4468	1766
959	1767
235	1768
228	1769
7344	1770
3455	1771
3641	1772
1160	1773
6936	1774
4894	1775
5912	1776
567	1777
5647	1778
1252	1779
1564	1780
700	1781
228	1782
9	1783
30	1784
6716	1785
1139	1786
18	1787
3076	1788
1043	1789
323	1790
4755	1791
3136	1792
5552	1793
7281	1794
4795	1795
4449	1796
1215	1797
543	1798
320	1799
248	1800
1438	1801
6642	1802
3449	1803
3680	1804
2	1805
711	1806
119	1807
727	1808
4897	1809
5011	1810
1047	1811
26	1812
1184	1813
67	1814
320	1815
1161	1816
6682	1817
4529	1818
7409	1819
6290	1820
1442	1821
5198	1822
7838	1823
4164	1824
2819	1825
803	1826
2542	1827
923	1828
1492	1829
1135	1830
21	1831
1298	1832
2606	1833
3806	1834
104	1835
996	1836
1522	1837
6167	1838
2312	1839
2094	1840
5303	1841
6957	1842
6782	1843
4706	1844
4062	1845
7221	1846
4701	1847
952	1848
519	1849
6734	1850
283	1851
6340	1852
2211	1853
2571	1854
2947	1855
1685	1856
97	1857
6575	1858
7056	1859
6678	1860
336	1861
1940	1862
4003	1863
6635	1864
1534	1865
97	1866
6912	1867
5995	1868
7079	1869
765	1870
316	1871
1227	1872
6298	1873
5233	1874
531	1875
90	1876
681	1877
4707	1878
639	1879
1396	1880
3412	1881
1919	1882
6138	1883
4294	1884
720	1885
1175	1886
5108	1887
4350	1888
4124	1889
3917	1890
4407	1891
988	1892
131	1893
331	1894
3357	1895
784	1896
7531	1897
5640	1898
5487	1899
4509	1900
916	1901
3583	1902
5013	1903
1650	1904
2510	1905
2305	1906
4587	1907
4935	1908
882	1909
3305	1910
2700	1911
253	1912
62	1913
7845	1914
1005	1915
2865	1916
576	1917
6342	1918
290	1919
6068	1920
2801	1921
2457	1922
8	1923
6189	1924
7670	1925
126	1926
1877	1927
1073	1928
1787	1929
2216	1930
1447	1931
3499	1932
4804	1933
7031	1934
5231	1935
3078	1936
1086	1937
5341	1938
4055	1939
6397	1940
140	1941
5557	1942
6984	1943
110	1944
6728	1945
3988	1946
4384	1947
6204	1948
32	1949
7297	1950
6508	1951
281	1952
1355	1953
7051	1954
2644	1955
6800	1956
7238	1957
340	1958
58	1959
1879	1960
1770	1961
7778	1962
7551	1963
1794	1964
6391	1965
4097	1966
3092	1967
1433	1968
353	1969
18	1970
157	1971
7462	1972
3028	1973
5532	1974
3226	1975
46	1976
3535	1977
3826	1978
1852	1979
6116	1980
6179	1981
239	1982
25	1983
6587	1984
906	1985
82	1986
213	1987
17	1988
3182	1989
34	1990
6779	1991
6006	1992
4380	1993
1297	1994
6125	1995
6514	1996
1824	1997
911	1998
4577	1999
3860	2000
1308	2001
5874	2002
889	2003
95	2004
5190	2005
6755	2006
1535	2007
4366	2008
2482	2009
404	2010
1478	2011
118	2012
5966	2013
1035	2014
5283	2015
182	2016
5639	2017
1565	2018
3341	2019
2707	2020
830	2021
2109	2022
624	2023
6761	2024
6293	2025
2384	2026
5334	2027
1990	2028
6099	2029
1026	2030
1541	2031
73	2032
235	2033
3208	2034
7874	2035
6746	2036
1231	2037
1838	2038
5987	2039
890	2040
6297	2041
542	2042
2090	2043
7325	2044
7306	2045
4046	2046
4389	2047
326	2048
1483	2049
1387	2050
7131	2051
163	2052
881	2053
5254	2054
2218	2055
7828	2056
34	2057
7643	2058
621	2059
6464	2060
1346	2061
186	2062
264	2063
1822	2064
219	2065
2300	2066
4127	2067
5262	2068
4381	2069
1256	2070
1972	2071
7078	2072
1233	2073
2489	2074
864	2075
3035	2076
1745	2077
7565	2078
34	2079
2802	2080
282	2081
1275	2082
6752	2083
1507	2084
257	2085
2154	2086
7727	2087
1477	2088
6174	2089
1575	2090
1193	2091
4884	2092
50	2093
92	2094
6700	2095
257	2096
25	2097
478	2098
2674	2099
249	2100
375	2101
7483	2102
4494	2103
3556	2104
73	2105
1743	2106
3919	2107
4334	2108
2874	2109
171	2110
978	2111
7048	2112
2379	2113
279	2114
5996	2115
1306	2116
1411	2117
1270	2118
5369	2119
1092	2120
384	2121
299	2122
2233	2123
5806	2124
294	2125
446	2126
1082	2127
3757	2128
101	2129
1364	2130
4170	2131
71	2132
4420	2133
4762	2134
975	2135
1633	2136
1245	2137
15	2138
5910	2139
1334	2140
1040	2141
5683	2142
6184	2143
320	2144
6267	2145
5137	2146
2273	2147
1179	2148
4719	2149
1469	2150
3392	2151
3896	2152
798	2153
637	2154
1563	2155
80	2156
135	2157
600	2158
4485	2159
25	2160
2387	2161
2324	2162
4806	2163
7150	2164
5435	2165
7253	2166
7146	2167
672	2168
1683	2169
2126	2170
1845	2171
1265	2172
7744	2173
605	2174
2015	2175
218	2176
2416	2177
1091	2178
397	2179
3709	2180
3473	2181
541	2182
7122	2183
46	2184
1220	2185
2769	2186
1089	2187
1	2188
577	2189
1135	2190
1194	2191
4425	2192
3238	2193
7731	2194
1797	2195
6494	2196
845	2197
6223	2198
6430	2199
4207	2200
3601	2201
1453	2202
1	2203
2755	2204
2512	2205
2070	2206
4556	2207
2825	2208
7848	2209
2266	2210
758	2211
3	2212
10	2213
968	2214
3397	2215
6812	2216
675	2217
186	2218
1102	2219
5689	2220
3171	2221
6655	2222
4244	2223
930	2224
4205	2225
1311	2226
1973	2227
1321	2228
1336	2229
6072	2230
1031	2231
6567	2232
2296	2233
3976	2234
242	2235
6428	2236
2290	2237
5407	2238
7435	2239
7342	2240
6078	2241
1865	2242
1087	2243
4711	2244
3989	2245
100	2246
3688	2247
1143	2248
627	2249
7497	2250
155	2251
4803	2252
211	2253
1186	2254
7319	2255
1314	2256
4240	2257
4159	2258
934	2259
75	2260
1044	2261
211	2262
3004	2263
5980	2264
2356	2265
90	2266
311	2267
3358	2268
2986	2269
288	2270
2448	2271
6013	2272
440	2273
4261	2274
266	2275
618	2276
3776	2277
5849	2278
5102	2279
3876	2280
705	2281
286	2282
162	2283
6172	2284
4307	2285
1061	2286
485	2287
899	2288
1740	2289
369	2290
1318	2291
169	2292
913	2293
6995	2294
4102	2295
3591	2296
980	2297
1376	2298
2183	2299
1368	2300
35	2301
2987	2302
7599	2303
4401	2304
5595	2305
6470	2306
5627	2307
615	2308
7315	2309
4354	2310
2685	2311
2248	2312
984	2313
2672	2314
5206	2315
5224	2316
1779	2317
5325	2318
4281	2319
1605	2320
7830	2321
3972	2322
203	2323
375	2324
4839	2325
6910	2326
6104	2327
5381	2328
4088	2329
166	2330
2145	2331
2760	2332
1778	2333
2326	2334
2989	2335
6668	2336
7594	2337
5036	2338
7591	2339
1623	2340
5554	2341
795	2342
28	2343
3606	2344
3588	2345
861	2346
4084	2347
2483	2348
940	2349
5008	2350
5755	2351
4183	2352
3924	2353
3960	2354
2484	2355
3768	2356
3966	2357
1150	2358
906	2359
3681	2360
1018	2361
7468	2362
215	2363
4759	2364
4048	2365
80	2366
3132	2367
3871	2368
853	2369
7165	2370
1268	2371
4275	2372
7801	2373
62	2374
1313	2375
5920	2376
6735	2377
7372	2378
3229	2379
1067	2380
48	2381
1950	2382
3442	2383
4253	2384
3235	2385
2049	2386
125	2387
3832	2388
6498	2389
5946	2390
4215	2391
52	2392
17	2393
4815	2394
2652	2395
5709	2396
4798	2397
896	2398
2397	2399
1296	2400
93	2401
3156	2402
5868	2403
3180	2404
1399	2405
5957	2406
873	2407
251	2408
7041	2409
1429	2410
1200	2411
7408	2412
510	2413
3248	2414
883	2415
767	2416
6931	2417
7	2418
7493	2419
3359	2420
5917	2421
521	2422
4923	2423
1290	2424
7747	2425
5717	2426
2237	2427
1903	2428
3115	2429
1172	2430
7121	2431
3521	2432
2540	2433
2732	2434
206	2435
92	2436
4787	2437
5285	2438
523	2439
5256	2440
4569	2441
3509	2442
3	2443
5236	2444
13	2445
2649	2446
1435	2447
36	2448
4656	2449
5493	2450
1380	2451
6107	2452
310	2453
5022	2454
3506	2455
4817	2456
6604	2457
1259	2458
1690	2459
6329	2460
237	2461
1858	2462
60	2463
5559	2464
1374	2465
3352	2466
197	2467
69	2468
1141	2469
5832	2470
1579	2471
5085	2472
653	2473
5798	2474
5460	2475
2129	2476
6747	2477
4668	2478
268	2479
3005	2480
4285	2481
3264	2482
3599	2483
6120	2484
4332	2485
1326	2486
6003	2487
2621	2488
5176	2489
7820	2490
81	2491
3930	2492
326	2493
516	2494
5	2495
4878	2496
1001	2497
5498	2498
5034	2499
7337	2500
3174	2501
474	2502
1249	2503
1366	2504
7023	2505
1002	2506
526	2507
2753	2508
6245	2509
3883	2510
6076	2511
7495	2512
4269	2513
1595	2514
3254	2515
690	2516
1801	2517
2779	2518
171	2519
703	2520
1835	2521
880	2522
1417	2523
18	2524
5669	2525
2447	2526
1491	2527
572	2528
370	2529
1026	2530
136	2531
5445	2532
1791	2533
31	2534
6365	2535
212	2536
33	2537
1450	2538
7091	2539
6308	2540
5749	2541
1517	2542
3593	2543
6865	2544
1146	2545
622	2546
5030	2547
5701	2548
6462	2549
5617	2550
1525	2551
6724	2552
185	2553
2918	2554
124	2555
124	2556
561	2557
3714	2558
324	2559
6463	2560
1024	2561
7655	2562
1833	2563
7440	2564
1112	2565
5551	2566
1848	2567
6788	2568
3427	2569
6654	2570
6520	2571
4605	2572
2043	2573
2659	2574
2262	2575
7204	2576
124	2577
1294	2578
7840	2579
2869	2580
1206	2581
3048	2582
6819	2583
524	2584
6011	2585
16	2586
7303	2587
755	2588
3706	2589
5294	2590
610	2591
7040	2592
5462	2593
3842	2594
116	2595
3064	2596
2671	2597
2179	2598
5777	2599
4405	2600
5084	2601
713	2602
2198	2603
1452	2604
2556	2605
387	2606
3237	2607
6539	2608
5635	2609
6504	2610
3643	2611
3477	2612
5497	2613
1387	2614
4339	2615
7124	2616
5318	2617
5046	2618
7485	2619
6301	2620
2035	2621
5133	2622
7582	2623
7513	2624
6302	2625
467	2626
6084	2627
5953	2628
5710	2629
6273	2630
381	2631
7494	2632
2964	2633
3184	2634
776	2635
7265	2636
5568	2637
3724	2638
4859	2639
3488	2640
683	2641
876	2642
712	2643
7327	2644
7196	2645
3105	2646
318	2647
1312	2648
6578	2649
79	2650
6480	2651
6037	2652
1016	2653
2431	2654
2375	2655
4096	2656
4352	2657
4098	2658
5358	2659
5328	2660
1212	2661
6515	2662
3875	2663
3982	2664
7703	2665
3628	2666
2366	2667
781	2668
1985	2669
5165	2670
3990	2671
4951	2672
7506	2673
6477	2674
4335	2675
9	2676
215	2677
5680	2678
2751	2679
1923	2680
1678	2681
215	2682
5741	2683
7796	2684
814	2685
5097	2686
177	2687
1234	2688
6493	2689
4689	2690
1354	2691
14	2692
702	2693
1187	2694
6	2695
3562	2696
944	2697
6160	2698
7789	2699
7610	2700
7464	2701
6	2702
132	2703
5918	2704
2386	2705
1272	2706
2940	2707
7636	2708
1347	2709
4313	2710
3106	2711
3101	2712
6322	2713
769	2714
6927	2715
928	2716
4052	2717
2580	2718
5160	2719
63	2720
213	2721
81	2722
372	2723
5070	2724
1573	2725
1719	2726
276	2727
4911	2728
4879	2729
1263	2730
2748	2731
264	2732
327	2733
2505	2734
5574	2735
1051	2736
6439	2737
425	2738
7851	2739
5052	2740
2293	2741
4486	2742
1916	2743
592	2744
3405	2745
3743	2746
419	2747
7748	2748
3176	2749
4333	2750
5388	2751
3979	2752
797	2753
3282	2754
1179	2755
5921	2756
6429	2757
3642	2758
900	2759
5667	2760
498	2761
712	2762
1271	2763
33	2764
6034	2765
1101	2766
377	2767
1392	2768
4439	2769
233	2770
4982	2771
7206	2772
720	2773
14	2774
147	2775
6001	2776
68	2777
4258	2778
595	2779
1188	2780
235	2781
2150	2782
2653	2783
5913	2784
651	2785
800	2786
7225	2787
504	2788
1480	2789
37	2790
207	2791
5416	2792
6986	2793
2520	2794
153	2795
1098	2796
5739	2797
4924	2798
142	2799
4969	2800
3283	2801
7477	2802
24	2803
1204	2804
624	2805
1150	2806
2008	2807
2328	2808
7009	2809
1411	2810
6045	2811
1713	2812
5009	2813
1022	2814
4508	2815
849	2816
5885	2817
4800	2818
6565	2819
4423	2820
3480	2821
1099	2822
4717	2823
1562	2824
4080	2825
2777	2826
336	2827
1857	2828
313	2829
7334	2830
858	2831
312	2832
4846	2833
339	2834
886	2835
1363	2836
6141	2837
66	2838
4521	2839
6330	2840
1365	2841
7156	2842
604	2843
120	2844
7629	2845
1297	2846
2342	2847
321	2848
6093	2849
413	2850
2355	2851
3843	2852
5864	2853
6541	2854
769	2855
4465	2856
109	2857
5751	2858
7247	2859
1120	2860
5956	2861
2699	2862
3938	2863
749	2864
560	2865
5039	2866
6398	2867
1235	2868
5641	2869
2702	2870
1561	2871
150	2872
7543	2873
2837	2874
6403	2875
7635	2876
1381	2877
50	2878
1439	2879
4487	2880
268	2881
1567	2882
1412	2883
4886	2884
6152	2885
1245	2886
6070	2887
552	2888
5697	2889
7574	2890
6352	2891
5726	2892
3067	2893
3665	2894
246	2895
6292	2896
79	2897
4714	2898
1577	2899
4303	2900
4565	2901
4067	2902
6416	2903
6197	2904
1582	2905
4743	2906
7642	2907
2633	2908
1083	2909
1849	2910
811	2911
7101	2912
619	2913
5691	2914
3485	2915
5195	2916
4368	2917
5277	2918
5735	2919
2583	2920
4226	2921
6256	2922
6928	2923
6233	2924
6835	2925
127	2926
450	2927
6672	2928
7431	2929
1015	2930
6938	2931
6305	2932
4234	2933
5723	2934
7754	2935
5006	2936
5449	2937
7438	2938
2120	2939
2212	2940
3824	2941
6534	2942
143	2943
7119	2944
5950	2945
3510	2946
5244	2947
3866	2948
3539	2949
7113	2950
810	2951
330	2952
3669	2953
1339	2954
52	2955
5189	2956
105	2957
5397	2958
88	2959
1717	2960
293	2961
6315	2962
5968	2963
86	2964
647	2965
6744	2966
841	2967
6860	2968
4926	2969
612	2970
7472	2971
5154	2972
808	2973
5058	2974
4539	2975
278	2976
221	2977
1189	2978
1381	2979
7364	2980
6328	2981
495	2982
5214	2983
7621	2984
6306	2985
5991	2986
311	2987
2795	2988
1144	2989
3292	2990
3135	2991
2147	2992
6496	2993
4034	2994
3636	2995
319	2996
6456	2997
2313	2998
6206	2999
6948	3000
1024	3001
55	3002
6161	3003
1976	3004
1122	3005
1042	3006
2643	3007
6660	3008
7843	3009
3207	3010
1490	3011
2886	3012
893	3013
1924	3014
3604	3015
3483	3016
1398	3017
1935	3018
4163	3019
5078	3020
710	3021
2486	3022
3448	3023
1768	3024
4511	3025
1460	3026
1812	3027
7389	3028
5306	3029
4678	3030
7158	3031
4030	3032
228	3033
309	3034
4	3035
204	3036
5350	3037
4753	3038
766	3039
4837	3040
4044	3041
1276	3042
7735	3043
2208	3044
149	3045
1495	3046
6434	3047
988	3048
7161	3049
3765	3050
402	3051
392	3052
836	3053
5581	3054
2974	3055
7416	3056
182	3057
1456	3058
862	3059
3446	3060
721	3061
7371	3062
3720	3063
4323	3064
4249	3065
4960	3066
1798	3067
5130	3068
2883	3069
1503	3070
6907	3071
465	3072
4388	3073
3168	3074
902	3075
5479	3076
7308	3077
2515	3078
389	3079
413	3080
5533	3081
470	3082
407	3083
189	3084
894	3085
3338	3086
4742	3087
3854	3088
6964	3089
4073	3090
1684	3091
7549	3092
6771	3093
2615	3094
967	3095
6879	3096
6220	3097
3206	3098
2563	3099
6214	3100
2800	3101
5029	3102
850	3103
4466	3104
4636	3105
7365	3106
4410	3107
5899	3108
1725	3109
4033	3110
2	3111
2726	3112
350	3113
4403	3114
107	3115
6664	3116
492	3117
1724	3118
1978	3119
2949	3120
2128	3121
566	3122
6911	3123
2586	3124
7627	3125
5077	3126
6395	3127
824	3128
1776	3129
1092	3130
715	3131
2967	3132
3961	3133
2829	3134
7290	3135
1444	3136
1300	3137
2876	3138
851	3139
4623	3140
1228	3141
3900	3142
3498	3143
3651	3144
7827	3145
4733	3146
5904	3147
3687	3148
646	3149
2594	3150
1076	3151
1547	3152
5404	3153
156	3154
5605	3155
854	3156
2357	3157
4794	3158
7027	3159
553	3160
2885	3161
935	3162
405	3163
6077	3164
7869	3165
4357	3166
7188	3167
7267	3168
1434	3169
1434	3170
6460	3171
5828	3172
2106	3173
5246	3174
2519	3175
3632	3176
5483	3177
7575	3178
87	3179
4947	3180
1321	3181
6071	3182
369	3183
3537	3184
779	3185
3579	3186
686	3187
3146	3188
6572	3189
711	3190
926	3191
6621	3192
3729	3193
2691	3194
3513	3195
7254	3196
51	3197
5323	3198
6512	3199
4379	3200
2138	3201
6757	3202
981	3203
249	3204
4417	3205
4259	3206
6634	3207
3878	3208
1445	3209
779	3210
5983	3211
2814	3212
3830	3213
6676	3214
2783	3215
4824	3216
6659	3217
3080	3218
6289	3219
2679	3220
3825	3221
7589	3222
301	3223
362	3224
2277	3225
5104	3226
2756	3227
29	3228
2625	3229
7011	3230
3700	3231
1744	3232
399	3233
1398	3234
2425	3235
787	3236
6945	3237
1079	3238
1069	3239
163	3240
1021	3241
876	3242
3011	3243
154	3244
1689	3245
811	3246
5225	3247
5024	3248
5475	3249
4896	3250
4571	3251
809	3252
752	3253
6639	3254
1556	3255
4446	3256
4209	3257
2740	3258
472	3259
2022	3260
45	3261
4297	3262
5784	3263
3019	3264
2088	3265
437	3266
7816	3267
442	3268
395	3269
373	3270
7782	3271
825	3272
1059	3273
806	3274
1563	3275
995	3276
7062	3277
98	3278
972	3279
6906	3280
3143	3281
923	3282
5694	3283
2527	3284
1522	3285
3313	3286
3536	3287
7028	3288
6148	3289
3151	3290
1913	3291
1448	3292
6627	3293
4608	3294
76	3295
6805	3296
4453	3297
6821	3298
1430	3299
1526	3300
74	3301
6679	3302
1715	3303
6020	3304
7617	3305
977	3306
3419	3307
915	3308
7343	3309
7762	3310
1451	3311
245	3312
4343	3313
3467	3314
6960	3315
7085	3316
6870	3317
2451	3318
2759	3319
5032	3320
190	3321
453	3322
31	3323
6198	3324
5673	3325
1271	3326
5372	3327
5056	3328
1572	3329
1572	3330
2877	3331
517	3332
46	3333
275	3334
4427	3335
5289	3336
4260	3337
1201	3338
6583	3339
3501	3340
1336	3341
6431	3342
4018	3343
14	3344
2714	3345
1348	3346
6437	3347
7434	3348
5298	3349
256	3350
10	3351
95	3352
1108	3353
4703	3354
6459	3355
2793	3356
6723	3357
5614	3358
408	3359
291	3360
6653	3361
5338	3362
21	3363
6354	3364
502	3365
656	3366
1289	3367
3119	3368
2323	3369
6427	3370
912	3371
6407	3372
7763	3373
1003	3374
5721	3375
259	3376
1533	3377
5049	3378
7397	3379
5127	3380
589	3381
1142	3382
2941	3383
5728	3384
5601	3385
6051	3386
571	3387
7008	3388
278	3389
803	3390
6557	3391
7002	3392
2890	3393
3638	3394
1936	3395
3431	3396
4362	3397
1039	3398
5223	3399
119	3400
583	3401
941	3402
4042	3403
7745	3404
7849	3405
4370	3406
5478	3407
871	3408
1921	3409
4963	3410
2009	3411
2452	3412
6264	3413
6546	3414
2422	3415
1085	3416
2399	3417
2670	3418
1143	3419
3421	3420
6145	3421
6423	3422
4820	3423
3314	3424
1599	3425
1732	3426
3555	3427
1955	3428
1459	3429
1669	3430
546	3431
5612	3432
6005	3433
1465	3434
2620	3435
6851	3436
5936	3437
5290	3438
2311	3439
1054	3440
2794	3441
4413	3442
5064	3443
4117	3444
1188	3445
7548	3446
1635	3447
4093	3448
448	3449
718	3450
7749	3451
846	3452
528	3453
6142	3454
3494	3455
4188	3456
2622	3457
1212	3458
2014	3459
3321	3460
4983	3461
939	3462
919	3463
2730	3464
145	3465
4461	3466
7678	3467
1078	3468
4698	3469
1622	3470
7704	3471
1226	3472
2291	3473
5066	3474
553	3475
6882	3476
7245	3477
5901	3478
1841	3479
2442	3480
3951	3481
4196	3482
1307	3483
6725	3484
6594	3485
1241	3486
1314	3487
247	3488
170	3489
100	3490
6867	3491
5269	3492
3077	3493
9	3494
7716	3495
998	3496
1474	3497
41	3498
2405	3499
7030	3500
382	3501
2075	3502
1409	3503
4534	3504
578	3505
6526	3506
1435	3507
5587	3508
538	3509
6190	3510
81	3511
6435	3512
85	3513
19	3514
5112	3515
396	3516
480	3517
1134	3518
1413	3519
5889	3520
1353	3521
1440	3522
269	3523
5415	3524
959	3525
309	3526
856	3527
5217	3528
3039	3529
2546	3530
376	3531
333	3532
4206	3533
3456	3534
204	3535
194	3536
507	3537
3804	3538
4328	3539
174	3540
4137	3541
1111	3542
6609	3543
4019	3544
5670	3545
6018	3546
5316	3547
3027	3548
503	3549
4738	3550
7261	3551
2677	3552
29	3553
361	3554
1198	3555
706	3556
3676	3557
1051	3558
1133	3559
1388	3560
7252	3561
862	3562
730	3563
380	3564
29	3565
3388	3566
2773	3567
2742	3568
493	3569
2479	3570
5931	3571
6249	3572
2086	3573
6631	3574
492	3575
558	3576
1932	3577
1242	3578
570	3579
2533	3580
2619	3581
3394	3582
54	3583
3812	3584
6047	3585
1464	3586
1492	3587
1930	3588
7035	3589
493	3590
4952	3591
651	3592
4732	3593
1452	3594
7453	3595
188	3596
166	3597
1550	3598
4877	3599
1093	3600
7242	3601
5253	3602
6920	3603
6846	3604
5545	3605
1017	3606
823	3607
7411	3608
5820	3609
2522	3610
799	3611
1156	3612
2274	3613
987	3614
4430	3615
7367	3616
1306	3617
3433	3618
184	3619
7601	3620
2098	3621
7145	3622
1606	3623
291	3624
6615	3625
2223	3626
934	3627
3873	3628
2564	3629
1086	3630
4340	3631
2549	3632
295	3633
3348	3634
2081	3635
6656	3636
2787	3637
6127	3638
704	3639
675	3640
1451	3641
3986	3642
3625	3643
1853	3644
5430	3645
5454	3646
4561	3647
2097	3648
1221	3649
5502	3650
2348	3651
7729	3652
3216	3653
5642	3654
2548	3655
1501	3656
2696	3657
494	3658
5823	3659
744	3660
1657	3661
200	3662
5226	3663
180	3664
7305	3665
149	3666
2733	3667
1230	3668
573	3669
5499	3670
165	3671
1450	3672
270	3673
6894	3674
611	3675
2921	3676
6522	3677
1023	3678
2135	3679
6825	3680
3232	3681
2660	3682
3018	3683
181	3684
593	3685
1060	3686
5219	3687
4597	3688
6971	3689
1084	3690
812	3691
4128	3692
2304	3693
4151	3694
134	3695
7439	3696
4590	3697
3497	3698
2209	3699
5050	3700
7661	3701
5366	3702
7057	3703
2314	3704
1307	3705
4558	3706
816	3707
4267	3708
6618	3709
224	3710
3906	3711
7733	3712
2709	3713
122	3714
844	3715
137	3716
352	3717
7501	3718
2566	3719
7399	3720
5095	3721
2433	3722
3952	3723
7760	3724
177	3725
267	3726
4189	3727
5436	3728
269	3729
3848	3730
7844	3731
1322	3732
3619	3733
234	3734
1583	3735
2018	3736
303	3737
1248	3738
6741	3739
7725	3740
1030	3741
1019	3742
5286	3743
1323	3744
7866	3745
5144	3746
3284	3747
4479	3748
6080	3749
4994	3750
5585	3751
4850	3752
7576	3753
4609	3754
4662	3755
43	3756
2292	3757
5251	3758
5677	3759
360	3760
303	3761
2031	3762
1943	3763
718	3764
703	3765
7446	3766
6806	3767
6636	3768
1600	3769
56	3770
1989	3771
842	3772
634	3773
13	3774
973	3775
7324	3776
1627	3777
5111	3778
6850	3779
501	3780
4278	3781
5180	3782
6130	3783
5834	3784
2429	3785
7374	3786
379	3787
299	3788
1331	3789
4385	3790
4286	3791
2036	3792
169	3793
366	3794
4809	3795
241	3796
6065	3797
4607	3798
96	3799
2419	3800
6317	3801
5	3802
4900	3803
10	3804
1854	3805
4785	3806
54	3807
3737	3808
584	3809
6544	3810
2203	3811
6258	3812
2711	3813
4432	3814
3892	3815
4229	3816
2689	3817
262	3818
2810	3819
669	3820
933	3821
2697	3822
980	3823
5259	3824
4251	3825
7785	3826
4452	3827
112	3828
924	3829
1667	3830
7772	3831
3411	3832
4347	3833
6836	3834
828	3835
2085	3836
2281	3837
1520	3838
7519	3839
2719	3840
579	3841
3148	3842
6183	3843
2417	3844
649	3845
38	3846
1114	3847
6754	3848
6760	3849
1773	3850
1861	3851
47	3852
6645	3853
1058	3854
385	3855
5858	3856
3512	3857
7198	3858
260	3859
1868	3860
609	3861
2165	3862
53	3863
7663	3864
7278	3865
6943	3866
56	3867
56	3868
1642	3869
5580	3870
6942	3871
5736	3872
3444	3873
99	3874
5815	3875
262	3876
1493	3877
7818	3878
183	3879
4959	3880
748	3881
5962	3882
6892	3883
1370	3884
7741	3885
2122	3886
646	3887
6767	3888
3807	3889
1304	3890
5989	3891
6998	3892
156	3893
281	3894
1243	3895
171	3896
1181	3897
1010	3898
2686	3899
5513	3900
5914	3901
6606	3902
2735	3903
5682	3904
3594	3905
4086	3906
4645	3907
421	3908
6313	3909
1199	3910
4721	3911
5740	3912
2612	3913
4001	3914
7097	3915
5378	3916
3736	3917
4158	3918
1209	3919
4885	3920
6799	3921
2113	3922
5120	3923
5796	3924
4309	3925
7148	3926
5204	3927
514	3928
3831	3929
640	3930
5584	3931
6827	3932
809	3933
597	3934
2034	3935
5362	3936
2251	3937
6140	3938
1425	3939
6709	3940
4422	3941
5652	3942
943	3943
6419	3944
2365	3945
5467	3946
4545	3947
85	3948
7017	3949
2192	3950
2184	3951
633	3952
1674	3953
3462	3954
1426	3955
1115	3956
2870	3957
6338	3958
6525	3959
5469	3960
1474	3961
2933	3962
7007	3963
205	3964
366	3965
609	3966
2189	3967
6458	3968
393	3969
2354	3970
4443	3971
5611	3972
6109	3973
1759	3974
1502	3975
6780	3976
7137	3977
3220	3978
4345	3979
890	3980
93	3981
1541	3982
5281	3983
6802	3984
415	3985
1764	3986
582	3987
6014	3988
4299	3989
1237	3990
3031	3991
1173	3992
7808	3993
4049	3994
2988	3995
7219	3996
5169	3997
39	3998
4105	3999
2069	4000
7034	4001
6232	4002
1506	4003
1899	4004
4875	4005
6829	4006
2950	4007
1499	4008
7609	4009
7732	4010
5151	4011
7719	4012
288	4013
1521	4014
151	4015
1721	4016
258	4017
1405	4018
220	4019
2001	4020
279	4021
191	4022
7517	4023
1303	4024
2140	4025
1177	4026
632	4027
1531	4028
1416	4029
813	4030
2052	4031
1872	4032
158	4033
5578	4034
1264	4035
2336	4036
3260	4037
6623	4038
4663	4039
4814	4040
4736	4041
7544	4042
2828	4043
22	4044
1254	4045
2157	4046
601	4047
5192	4048
6113	4049
5485	4050
2878	4051
447	4052
3874	4053
847	4054
5148	4055
2278	4056
384	4057
766	4058
5199	4059
6196	4060
6150	4061
2403	4062
6032	4063
6602	4064
1136	4065
5678	4066
656	4067
6447	4068
5296	4069
854	4070
3684	4071
5113	4072
3879	4073
46	4074
5093	4075
4157	4076
4799	4077
2454	4078
409	4079
7680	4080
2496	4081
1696	4082
5409	4083
4834	4084
1947	4085
740	4086
6016	4087
2236	4088
1102	4089
7839	4090
426	4091
5431	4092
3888	4093
5230	4094
7865	4095
821	4096
347	4097
356	4098
8	4099
7363	4100
3230	4101
7220	4102
1532	4103
7109	4104
4657	4105
357	4106
7841	4107
7068	4108
3884	4109
2607	4110
3302	4111
422	4112
1874	4113
1709	4114
596	4115
7256	4116
623	4117
3258	4118
974	4119
2404	4120
2854	4121
345	4122
2207	4123
3947	4124
469	4125
4619	4126
4979	4127
2258	4128
5665	4129
3530	4130
3791	4131
891	4132
4661	4133
196	4134
2632	4135
998	4136
39	4137
229	4138
7630	4139
1263	4140
5972	4141
7516	4142
6685	4143
22	4144
6872	4145
813	4146
5017	4147
177	4148
7	4149
244	4150
6485	4151
3129	4152
2407	4153
5138	4154
2850	4155
1329	4156
3550	4157
4870	4158
37	4159
169	4160
2472	4161
6828	4162
6643	4163
7567	4164
1019	4165
5140	4166
1834	4167
5393	4168
1615	4169
5332	4170
6337	4171
1200	4172
3722	4173
4045	4174
7792	4175
2315	4176
3417	4177
252	4178
7428	4179
6339	4180
59	4181
5997	4182
1300	4183
89	4184
284	4185
961	4186
5131	4187
6671	4188
7777	4189
1846	4190
213	4191
1240	4192
819	4193
5935	4194
791	4195
302	4196
530	4197
710	4198
832	4199
3318	4200
3389	4201
2996	4202
2827	4203
848	4204
4796	4205
5053	4206
1760	4207
893	4208
692	4209
2464	4210
899	4211
500	4212
2741	4213
6876	4214
5876	4215
181	4216
1388	4217
298	4218
7275	4219
1008	4220
5492	4221
5118	4222
5	4223
7244	4224
1029	4225
2264	4226
1367	4227
34	4228
6149	4229
297	4230
137	4231
7644	4232
7863	4233
4231	4234
820	4235
6856	4236
5413	4237
774	4238
2181	4239
792	4240
48	4241
1637	4242
238	4243
5121	4244
1517	4245
3233	4246
2785	4247
4139	4248
374	4249
57	4250
341	4251
230	4252
4376	4253
1504	4254
7260	4255
1526	4256
1478	4257
5507	4258
1574	4259
5977	4260
4731	4261
3978	4262
554	4263
2948	4264
6532	4265
2531	4266
2705	4267
305	4268
398	4269
2174	4270
6227	4271
2415	4272
51	4273
6347	4274
5594	4275
6652	4276
885	4277
956	4278
61	4279
4473	4280
2156	4281
1634	4282
3605	4283
6260	4284
1151	4285
2772	4286
5402	4287
3481	4288
102	4289
496	4290
3957	4291
6830	4292
1379	4293
834	4294
3081	4295
5560	4296
287	4297
1256	4298
3093	4299
1131	4300
3889	4301
2508	4302
176	4303
5666	4304
3003	4305
525	4306
6977	4307
1548	4308
1592	4309
5607	4310
5638	4311
483	4312
7739	4313
1083	4314
4594	4315
6848	4316
1037	4317
4566	4318
1543	4319
801	4320
1524	4321
5458	4322
5403	4323
2729	4324
7505	4325
5546	4326
2240	4327
4939	4328
1983	4329
6326	4330
801	4331
6221	4332
2820	4333
1528	4334
3014	4335
3415	4336
207	4337
4005	4338
889	4339
7701	4340
845	4341
5044	4342
7104	4343
1915	4344
2790	4345
6028	4346
1004	4347
1643	4348
761	4349
3554	4350
1325	4351
5509	4352
4931	4353
3567	4354
7210	4355
938	4356
3250	4357
4108	4358
4835	4359
5628	4360
3175	4361
3815	4362
2061	4363
7069	4364
4638	4365
3293	4366
7116	4367
2335	4368
3542	4369
1603	4370
2380	4371
4301	4372
110	4373
4854	4374
7850	4375
6438	4376
2694	4377
243	4378
1869	4379
2798	4380
2924	4381
580	4382
7598	4383
602	4384
217	4385
7257	4386
218	4387
1863	4388
3281	4389
6579	4390
4593	4391
1931	4392
7460	4393
895	4394
6236	4395
4937	4396
4823	4397
2317	4398
7166	4399
1775	4400
5021	4401
2673	4402
5583	4403
2271	4404
939	4405
5309	4406
3049	4407
6759	4408
202	4409
4980	4410
1428	4411
5840	4412
271	4413
6	4414
4397	4415
4818	4416
3465	4417
2744	4418
3452	4419
1068	4420
7307	4421
2669	4422
826	4423
97	4424
6855	4425
7302	4426
1959	4427
2553	4428
414	4429
4199	4430
3408	4431
7381	4432
547	4433
5705	4434
5788	4435
1589	4436
291	4437
5419	4438
2929	4439
139	4440
5321	4441
4697	4442
1586	4443
2331	4444
2592	4445
3183	4446
5592	4447
3858	4448
332	4449
2155	4450
378	4451
4174	4452
7330	4453
82	4454
5880	4455
608	4456
834	4457
5780	4458
2573	4459
3379	4460
7042	4461
3413	4462
263	4463
2650	4464
7499	4465
5267	4466
5187	4467
992	4468
1060	4469
4505	4470
5211	4471
6820	4472
614	4473
6023	4474
7209	4475
7793	4476
7757	4477
1968	4478
2560	4479
5631	4480
1956	4481
1126	4482
1162	4483
6261	4484
355	4485
3518	4486
1629	4487
5268	4488
1042	4489
4856	4490
1476	4491
950	4492
6801	4493
3116	4494
113	4495
418	4496
5948	4497
6975	4498
1219	4499
3294	4500
2844	4501
4741	4502
7207	4503
1830	4504
3926	4505
5830	4506
7653	4507
4861	4508
1273	4509
5753	4510
5676	4511
5307	4512
7182	4513
2521	4514
136	4515
3829	4516
1065	4517
4482	4518
5241	4519
1228	4520
4004	4521
4892	4522
6075	4523
1261	4524
7649	4525
7791	4526
1338	4527
996	4528
1472	4529
1967	4530
1513	4531
363	4532
4441	4533
1233	4534
2651	4535
5540	4536
1264	4537
100	4538
3631	4539
7829	4540
4578	4541
4247	4542
3771	4543
762	4544
5188	4545
131	4546
2593	4547
3974	4548
2488	4549
1673	4550
2962	4551
20	4552
5420	4553
666	4554
7709	4555
6803	4556
953	4557
374	4558
3613	4559
657	4560
117	4561
28	4562
1273	4563
4613	4564
1579	4565
7332	4566
4031	4567
255	4568
6022	4569
7336	4570
4262	4571
258	4572
225	4573
4975	4574
5550	4575
3042	4576
352	4577
6062	4578
5228	4579
1302	4580
337	4581
719	4582
2117	4583
6947	4584
3255	4585
7193	4586
744	4587
4282	4588
2167	4589
5119	4590
7586	4591
5232	4592
5925	4593
2530	4594
1466	4595
1028	4596
2058	4597
6817	4598
3667	4599
6279	4600
7022	4601
1362	4602
1859	4603
3690	4604
7313	4605
5100	4606
4057	4607
5424	4608
20	4609
3538	4610
306	4611
2005	4612
4119	4613
7538	4614
5386	4615
3570	4616
1620	4617
5094	4618
1494	4619
1440	4620
3057	4621
6375	4622
56	4623
3592	4624
3205	4625
39	4626
4481	4627
6042	4628
6985	4629
1843	4630
7675	4631
1153	4632
1613	4633
1251	4634
494	4635
6090	4636
277	4637
114	4638
1037	4639
259	4640
3955	4641
5149	4642
1046	4643
1408	4644
3438	4645
2537	4646
5394	4647
5385	4648
3041	4649
140	4650
6601	4651
3611	4652
2863	4653
7038	4654
4943	4655
7251	4656
3916	4657
1901	4658
2938	4659
662	4660
977	4661
3219	4662
68	4663
304	4664
825	4665
4190	4666
443	4667
1267	4668
7584	4669
4540	4670
954	4671
5890	4672
1127	4673
797	4674
6265	4675
2713	4676
1505	4677
1222	4678
1654	4679
6616	4680
1166	4681
74	4682
3008	4683
3712	4684
3187	4685
2141	4686
7318	4687
5477	4688
5819	4689
848	4690
7147	4691
157	4692
4954	4693
1315	4694
5305	4695
3943	4696
5109	4697
7535	4698
955	4699
2341	4700
4562	4701
655	4702
3620	4703
810	4704
2325	4705
6883	4706
4620	4707
5609	4708
2455	4709
7474	4710
182	4711
7654	4712
990	4713
220	4714
817	4715
1345	4716
639	4717
7240	4718
4100	4719
3325	4720
7180	4721
629	4722
4580	4723
4504	4724
1089	4725
4515	4726
173	4727
1023	4728
3549	4729
1075	4730
368	4731
1224	4732
4126	4733
4271	4734
1319	4735
540	4736
3118	4737
2193	4738
1850	4739
7082	4740
1864	4741
6881	4742
7564	4743
2067	4744
5951	4745
148	4746
7405	4747
94	4748
569	4749
1210	4750
1349	4751
79	4752
466	4753
5577	4754
3144	4755
808	4756
3660	4757
2907	4758
1500	4759
5998	4760
4673	4761
6151	4762
3733	4763
5622	4764
274	4765
3224	4766
1757	4767
98	4768
6863	4769
72	4770
5708	4771
58	4772
1455	4773
5767	4774
1032	4775
7804	4776
1044	4777
3755	4778
6753	4779
6766	4780
645	4781
2846	4782
160	4783
2743	4784
636	4785
302	4786
2461	4787
7767	4788
3958	4789
951	4790
4022	4791
6804	4792
1898	4793
1148	4794
6502	4795
4863	4796
3946	4797
3893	4798
1803	4799
734	4800
237	4801
870	4802
4654	4803
1444	4804
5964	4805
5271	4806
7036	4807
2023	4808
2318	4809
4051	4810
261	4811
7061	4812
1400	4813
2892	4814
5842	4815
4043	4816
2301	4817
2552	4818
3840	4819
38	4820
5181	4821
2107	4822
3985	4823
3975	4824
3721	4825
372	4826
2242	4827
7677	4828
7815	4829
5752	4830
4986	4831
5712	4832
1980	4833
1461	4834
2993	4835
586	4836
1040	4837
203	4838
2959	4839
1337	4840
829	4841
3155	4842
1197	4843
7711	4844
88	4845
698	4846
829	4847
600	4848
284	4849
1218	4850
300	4851
7164	4852
2983	4853
2912	4854
1130	4855
4778	4856
1483	4857
7454	4858
202	4859
6424	4860
6885	4861
1728	4862
3789	4863
3890	4864
312	4865
308	4866
802	4867
916	4868
4421	4869
909	4870
6864	4871
2111	4872
45	4873
4283	4874
2171	4875
3589	4876
6561	4877
7718	4878
5115	4879
1229	4880
6681	4881
1593	4882
2833	4883
6543	4884
516	4885
1755	4886
2928	4887
368	4888
835	4889
6548	4890
2077	4891
512	4892
700	4893
4757	4894
3065	4895
6411	4896
5126	4897
1285	4898
1354	4899
3528	4900
449	4901
5079	4902
7533	4903
3036	4904
1486	4905
1016	4906
5760	4907
4447	4908
1197	4909
2960	4910
804	4911
1337	4912
312	4913
2	4914
971	4915
1125	4916
2227	4917
441	4918
604	4919
5001	4920
1585	4921
1056	4922
2558	4923
217	4924
1235	4925
2352	4926
7860	4927
732	4928
7689	4929
2657	4930
2322	4931
1277	4932
1386	4933
6284	4934
3751	4935
2127	4936
7445	4937
1328	4938
3913	4939
6554	4940
7487	4941
1939	4942
1053	4943
379	4944
1358	4945
1746	4946
5898	4947
1078	4948
1132	4949
929	4950
7288	4951
1242	4952
4152	4953
1251	4954
1688	4955
1616	4956
1094	4957
2516	4958
5447	4959
844	4960
2246	4961
7259	4962
3635	4963
824	4964
49	4965
5575	4966
4132	4967
964	4968
4054	4969
70	4970
706	4971
5937	4972
4462	4973
5888	4974
5310	4975
3785	4976
648	4977
3095	4978
160	4979
2046	4980
681	4981
6478	4982
360	4983
3869	4984
6482	4985
1038	4986
1383	4987
7651	4988
6358	4989
5488	4990
3380	4991
5014	4992
1680	4993
146	4994
7322	4995
21	4996
3326	4997
5273	4998
1789	4999
1511	5000
4284	5001
4406	5002
1992	5003
5720	5004
399	5005
4991	5006
6969	5007
1551	5008
650	5009
6675	5010
239	5011
7592	5012
3523	5013
2102	5014
5193	5015
3040	5016
5301	5017
2634	5018
5761	5019
1185	5020
1176	5021
7528	5022
5859	5023
7707	5024
1088	5025
1348	5026
199	5027
1363	5028
1305	5029
4356	5030
2977	5031
4549	5032
577	5033
3363	5034
2006	5035
3094	5036
3108	5037
241	5038
1170	5039
6900	5040
6103	5041
2765	5042
1636	5043
6922	5044
6346	5045
1469	5046
2190	5047
6980	5048
3033	5049
7218	5050
2076	5051
6312	5052
342	5053
1380	5054
6044	5055
6798	5056
7024	5057
6918	5058
3307	5059
6085	5060
1790	5061
7590	5062
4317	5063
3770	5064
3852	5065
5590	5066
3514	5067
1619	5068
5965	5069
1933	5070
41	5071
1376	5072
3133	5073
6974	5074
6182	5075
1977	5076
2872	5077
1080	5078
2166	5079
963	5080
7645	5081
40	5082
1445	5083
5860	5084
5867	5085
319	5086
7646	5087
6248	5088
762	5089
7847	5090
2398	5091
5067	5092
2377	5093
5769	5094
7764	5095
2856	5096
2443	5097
7249	5098
4905	5099
428	5100
1096	5101
947	5102
4059	5103
6773	5104
2466	5105
3311	5106
6839	5107
5166	5108
2662	5109
6559	5110
3886	5111
6303	5112
3001	5113
7455	5114
2939	5115
6210	5116
2351	5117
4440	5118
966	5119
7738	5120
872	5121
3202	5122
5288	5123
242	5124
4150	5125
6880	5126
4541	5127
1168	5128
3017	5129
3088	5130
4266	5131
6471	5132
5440	5133
5547	5134
2990	5135
179	5136
955	5137
1441	5138
1390	5139
2139	5140
6486	5141
327	5142
2173	5143
4023	5144
93	5145
5182	5146
7044	5147
7396	5148
4752	5149
1052	5150
3181	5151
454	5152
6930	5153
3253	5154
5702	5155
4072	5156
760	5157
209	5158
2055	5159
1108	5160
1068	5161
455	5162
5619	5163
1614	5164
2053	5165
460	5166
1405	5167
4218	5168
6591	5169
1161	5170
1360	5171
4475	5172
7375	5173
6123	5174
3640	5175
5304	5176
5359	5177
1886	5178
1313	5179
1309	5180
2243	5181
575	5182
5939	5183
7354	5184
7045	5185
1681	5186
1296	5187
3451	5188
4524	5189
3083	5190
123	5191
5484	5192
6168	5193
63	5194
5596	5195
1084	5196
5839	5197
3169	5198
4252	5199
6822	5200
6193	5201
442	5202
840	5203
840	5204
548	5205
1948	5206
1439	5207
4125	5208
4300	5209
858	5210
2698	5211
5693	5212
7482	5213
7090	5214
7190	5215
2079	5216
6417	5217
7637	5218
1080	5219
3440	5220
5150	5221
1946	5222
4964	5223
313	5224
580	5225
7410	5226
2582	5227
1871	5228
5293	5229
6381	5230
19	5231
815	5232
867	5233
6351	5234
5870	5235
1301	5236
3137	5237
5887	5238
390	5239
569	5240
3279	5241
1178	5242
1036	5243
52	5244
1081	5245
728	5246
5027	5247
5649	5248
989	5249
5713	5250
481	5251
1753	5252
726	5253
568	5254
575	5255
5243	5256
1486	5257
1455	5258
2862	5259
2201	5260
2412	5261
6954	5262
6176	5263
1394	5264
2306	5265
7125	5266
2628	5267
924	5268
262	5269
2133	5270
6454	5271
1707	5272
3739	5273
3551	5274
3792	5275
3597	5276
4570	5277
802	5278
4212	5279
5105	5280
2374	5281
3213	5282
1609	5283
6712	5284
284	5285
6453	5286
1470	5287
1269	5288
1568	5289
5511	5290
3838	5291
1202	5292
6066	5293
7126	5294
255	5295
5075	5296
5470	5297
7282	5298
5525	5299
643	5300
7826	5301
4816	5302
4013	5303
237	5304
4766	5305
4860	5306
1895	5307
153	5308
4713	5309
866	5310
6425	5311
57	5312
6774	5313
1515	5314
256	5315
7862	5316
1957	5317
2809	5318
222	5319
698	5320
1119	5321
1538	5322
4424	5323
101	5324
5371	5325
7481	5326
37	5327
302	5328
4907	5329
4612	5330
594	5331
4236	5332
2826	5333
6118	5334
630	5335
5744	5336
3403	5337
884	5338
5764	5339
4627	5340
2764	5341
3360	5342
168	5343
5916	5344
879	5345
913	5346
7287	5347
3082	5348
1002	5349
7424	5350
7433	5351
24	5352
25	5353
2279	5354
1323	5355
6713	5356
6406	5357
7224	5358
6281	5359
5103	5360
4383	5361
4901	5362
4908	5363
3895	5364
5524	5365
5650	5366
752	5367
742	5368
7237	5369
3572	5370
108	5371
415	5372
3581	5373
5348	5374
6171	5375
4198	5376
6025	5377
3718	5378
6178	5379
183	5380
7369	5381
7638	5382
2717	5383
550	5384
626	5385
2647	5386
6999	5387
823	5388
1984	5389
2737	5390
6311	5391
4248	5392
4516	5393
2932	5394
1938	5395
2902	5396
7296	5397
307	5398
3061	5399
2504	5400
6558	5401
4144	5402
7504	5403
6710	5404
1278	5405
115	5406
7633	5407
7152	5408
1847	5409
40	5410
93	5411
1631	5412
888	5413
6500	5414
3356	5415
881	5416
5514	5417
2244	5418
1610	5419
4074	5420
3301	5421
3861	5422
1727	5423
4202	5424
3466	5425
7810	5426
6234	5427
3043	5428
1457	5429
3863	5430
3179	5431
878	5432
3495	5433
1	5434
4560	5435
5471	5436
1896	5437
4793	5438
6674	5439
7750	5440
3585	5441
6608	5442
7217	5443
3131	5444
1324	5445
7660	5446
4320	5447
4866	5448
6684	5449
694	5450
7414	5451
7208	5452
6574	5453
6857	5454
6718	5455
3623	5456
1095	5457
5510	5458
2866	5459
5562	5460
12	5461
7572	5462
6240	5463
4460	5464
558	5465
133	5466
4438	5467
7683	5468
20	5469
616	5470
788	5471
6786	5472
2084	5473
5405	5474
732	5475
1278	5476
6733	5477
439	5478
2013	5479
4035	5480
3920	5481
5340	5482
1565	5483
5523	5484
444	5485
4075	5486
4919	5487
1793	5488
78	5489
7693	5490
540	5491
5506	5492
1477	5493
6523	5494
4467	5495
4789	5496
1816	5497
6259	5498
3837	5499
637	5500
1621	5501
1475	5502
1287	5503
3447	5504
7771	5505
248	5506
306	5507
5482	5508
4418	5509
763	5510
3841	5511
4705	5512
4961	5513
2835	5514
3375	5515
5208	5516
3209	5517
6893	5518
1573	5519
6731	5520
1074	5521
464	5522
1385	5523
2639	5524
2778	5525
4851	5526
26	5527
1742	5528
5308	5529
6039	5530
5597	5531
472	5532
634	5533
3899	5534
6951	5535
497	5536
4756	5537
4909	5538
53	5539
159	5540
287	5541
2257	5542
7	5543
304	5544
3859	5545
4574	5546
6939	5547
4665	5548
6934	5549
1327	5550
1049	5551
1310	5552
3285	5553
7248	5554
7083	5555
1446	5556
2956	5557
2467	5558
5719	5559
4	5560
3246	5561
2254	5562
3271	5563
6250	5564
41	5565
901	5566
5836	5567
5534	5568
292	5569
7502	5570
1331	5571
1509	5572
2427	5573
1324	5574
104	5575
1118	5576
1460	5577
286	5578
1317	5579
1292	5580
3490	5581
3191	5582
7199	5583
4973	5584
4658	5585
5674	5586
5	5587
2813	5588
965	5589
745	5590
6629	5591
6844	5592
2767	5593
257	5594
918	5595
3278	5596
2421	5597
3912	5598
7806	5599
4600	5600
6205	5601
68	5602
5361	5603
7500	5604
271	5605
807	5606
723	5607
5351	5608
1290	5609
2980	5610
2916	5611
3992	5612
3267	5613
7229	5614
1208	5615
1598	5616
623	5617
6019	5618
82	5619
3818	5620
105	5621
229	5622
243	5623
785	5624
47	5625
77	5626
7466	5627
142	5628
4729	5629
1225	5630
4616	5631
556	5632
7421	5633
6402	5634
1124	5635
3138	5636
670	5637
2346	5638
1138	5639
5152	5640
289	5641
3134	5642
2390	5643
1382	5644
3963	5645
1371	5646
1821	5647
1366	5648
6043	5649
5930	5650
2745	5651
562	5652
4852	5653
3277	5654
288	5655
7746	5656
104	5657
958	5658
5756	5659
6492	5660
3006	5661
839	5662
1158	5663
4411	5664
99	5665
7807	5666
2072	5667
549	5668
1391	5669
3663	5670
5544	5671
7172	5672
6611	5673
1902	5674
788	5675
227	5676
125	5677
1523	5678
5807	5679
2637	5680
5637	5681
7868	5682
1578	5683
2994	5684
830	5685
6749	5686
5335	5687
7615	5688
5153	5689
4871	5690
7070	5691
4686	5692
2770	5693
2333	5694
6124	5695
602	5696
1222	5697
585	5698
591	5699
1293	5700
2178	5701
1266	5702
462	5703
1110	5704
3517	5705
6737	5706
7060	5707
3617	5708
1580	5709
6242	5710
5940	5711
3810	5712
4533	5713
2944	5714
7526	5715
6294	5716
1175	5717
5906	5718
1163	5719
850	5720
4589	5721
7620	5722
428	5723
1991	5724
610	5725
608	5726
1373	5727
1421	5728
2191	5729
7212	5730
658	5731
4970	5732
511	5733
7559	5734
5902	5735
3903	5736
1393	5737
514	5738
2629	5739
4708	5740
4500	5741
317	5742
2995	5743
861	5744
1567	5745
290	5746
7457	5747
775	5748
3836	5749
7153	5750
1554	5751
247	5752
572	5753
4747	5754
2149	5755
7387	5756
7168	5757
5457	5758
2395	5759
2030	5760
3784	5761
88	5762
1737	5763
5907	5764
1687	5765
3334	5766
5759	5767
4664	5768
1287	5769
838	5770
109	5771
1402	5772
4523	5773
4091	5774
3759	5775
1516	5776
4016	5777
770	5778
1168	5779
671	5780
3782	5781
793	5782
40	5783
7277	5784
4493	5785
1769	5786
4143	5787
5707	5788
6556	5789
5878	5790
359	5791
945	5792
2432	5793
4273	5794
757	5795
6098	5796
7129	5797
330	5798
7558	5799
3377	5800
386	5801
2636	5802
4724	5803
3107	5804
2724	5805
7604	5806
557	5807
2997	5808
2169	5809
3070	5810
1094	5811
4995	5812
12	5813
6048	5814
224	5815
9	5816
7430	5817
2146	5818
5970	5819
5715	5820
738	5821
6479	5822
3404	5823
243	5824
2761	5825
40	5826
7195	5827
4784	5828
2934	5829
5141	5830
1221	5831
6715	5832
2474	5833
6519	5834
2309	5835
7092	5836
1343	5837
3790	5838
414	5839
1151	5840
1342	5841
1463	5842
432	5843
225	5844
4121	5845
5235	5846
1574	5847
7143	5848
1244	5849
4575	5850
6386	5851
152	5852
5643	5853
401	5854
2441	5855
932	5856
564	5857
3432	5858
7540	5859
4601	5860
5975	5861
3865	5862
3173	5863
945	5864
148	5865
2905	5866
5205	5867
179	5868
6726	5869
3918	5870
1771	5871
5651	5872
6092	5873
3295	5874
1152	5875
3596	5876
322	5877
2626	5878
3616	5879
1442	5880
1471	5881
7662	5882
5245	5883
7230	5884
4061	5885
5418	5886
1588	5887
7398	5888
4735	5889
5686	5890
7300	5891
7285	5892
1481	5893
316	5894
4342	5895
1887	5896
2188	5897
5086	5898
3160	5899
482	5900
7171	5901
3781	5902
786	5903
7139	5904
3194	5905
349	5906
6624	5907
2595	5908
5818	5909
721	5910
252	5911
3491	5912
6012	5913
3845	5914
1484	5915
6704	5916
2123	5917
342	5918
3519	5919
462	5920
3956	5921
6449	5922
2202	5923
5088	5924
1485	5925
2598	5926
158	5927
4308	5928
289	5929
999	5930
5572	5931
4883	5932
4066	5933
606	5934
524	5935
2703	5936
2402	5937
2930	5938
836	5939
5101	5940
7691	5941
4865	5942
1489	5943
102	5944
1209	5945
6517	5946
7596	5947
7052	5948
5994	5949
43	5950
3586	5951
7632	5952
6194	5953
1699	5954
641	5955
2701	5956
6257	5957
4187	5958
895	5959
3231	5960
3100	5961
3574	5962
1347	5963
2282	5964
6852	5965
5239	5966
6692	5967
382	5968
6310	5969
831	5970
3959	5971
3303	5972
3420	5973
1459	5974
1907	5975
1069	5976
187	5977
4681	5978
70	5979
70	5980
3901	5981
1437	5982
199	5983
3185	5984
5853	5985
1468	5986
6064	5987
3300	5988
2927	5989
2410	5990
7802	5991
502	5992
726	5993
3212	5994
325	5995
2284	5996
6878	5997
3340	5998
884	5999
7761	6000
7665	6001
6004	6002
560	6003
5185	6004
6154	6005
5389	6006
2776	6007
126	6008
2736	6009
6875	6010
4819	6011
2551	6012
618	6013
2471	6014
4291	6015
3719	6016
5844	6017
5984	6018
7130	6019
3251	6020
6748	6021
3426	6022
69	6023
6503	6024
4450	6025
3201	6026
4310	6027
347	6028
366	6029
3558	6030
3689	6031
5992	6032
5599	6033
5167	6034
4409	6035
2205	6036
2786	6037
6244	6038
1885	6039
263	6040
126	6041
5797	6042
3244	6043
3725	6044
1001	6045
6007	6046
2	6047
7352	6048
7508	6049
4173	6050
170	6051
292	6052
364	6053
2536	6054
355	6055
290	6056
1162	6057
1458	6058
118	6059
246	6060
115	6061
5985	6062
191	6063
541	6064
4775	6065
4219	6066
5163	6067
6255	6068
200	6069
4723	6070
1545	6071
426	6072
983	6073
7473	6074
4099	6075
4109	6076
1	6077
1176	6078
436	6079
2401	6080
1666	6081
6901	6082
1039	6083
7546	6084
3949	6085
2758	6086
479	6087
561	6088
191	6089
2538	6090
2424	6091
2984	6092
870	6093
644	6094
689	6095
3323	6096
3186	6097
1369	6098
174	6099
427	6100
3	6101
3372	6102
7133	6103
7362	6104
4071	6105
1206	6106
4718	6107
6792	6108
3798	6109
763	6110
5724	6111
6781	6112
84	6113
1480	6114
5882	6115
5855	6116
831	6117
3664	6118
3195	6119
557	6120
5007	6121
2295	6122
6988	6123
2371	6124
6389	6125
5158	6126
6617	6127
6135	6128
6195	6129
342	6130
5825	6131
138	6132
4828	6133
3178	6134
6902	6135
141	6136
6229	6137
5379	6138
6711	6139
1014	6140
3969	6141
2204	6142
7579	6143
1148	6144
4026	6145
1133	6146
2476	6147
420	6148
4737	6149
1538	6150
4365	6151
438	6152
7087	6153
2855	6154
5222	6155
6826	6156
3578	6157
4146	6158
625	6159
4149	6160
7418	6161
1686	6162
1498	6163
4412	6164
559	6165
4977	6166
796	6167
1536	6168
1257	6169
5696	6170
828	6171
1407	6172
5971	6173
5352	6174
322	6175
2906	6176
6497	6177
6285	6178
4242	6179
6677	6180
2104	6181
6385	6182
4298	6183
534	6184
6467	6185
7756	6186
1954	6187
3646	6188
383	6189
6457	6190
195	6191
5124	6192
7853	6193
912	6194
2115	6195
684	6196
4363	6197
3087	6198
5565	6199
5718	6200
6783	6201
465	6202
3010	6203
5059	6204
206	6205
973	6206
4277	6207
161	6208
976	6209
30	6210
6314	6211
2739	6212
1400	6213
3502	6214
5699	6215
1557	6216
5434	6217
7554	6218
7706	6219
3026	6220
7385	6221
1396	6222
6272	6223
3385	6224
2613	6225
6219	6226
3075	6227
2913	6228
5018	6229
839	6230
908	6231
4047	6232
3650	6233
2961	6234
4272	6235
157	6236
324	6237
1240	6238
3945	6239
4396	6240
220	6241
794	6242
193	6243
6474	6244
4918	6245
374	6246
3102	6247
2307	6248
2228	6249
2901	6250
841	6251
370	6252
7724	6253
338	6254
3778	6255
1258	6256
1553	6257
522	6258
4898	6259
166	6260
7712	6261
5364	6262
7766	6263
5200	6264
3484	6265
533	6266
4904	6267
1136	6268
3316	6269
1147	6270
3520	6271
1	6272
1284	6273
1876	6274
4483	6275
7769	6276
6570	6277
6521	6278
3772	6279
665	6280
381	6281
105	6282
397	6283
1066	6284
6426	6285
2503	6286
4513	6287
328	6288
4586	6289
1545	6290
33	6291
3621	6292
7426	6293
556	6294
6890	6295
309	6296
301	6297
1210	6298
133	6299
7141	6300
1126	6301
6796	6302
6192	6303
3590	6304
1326	6305
64	6306
2041	6307
1055	6308
6450	6309
2896	6310
4331	6311
6469	6312
7339	6313
7088	6314
6169	6315
693	6316
4305	6317
1496	6318
4227	6319
2910	6320
7503	6321
5653	6322
2016	6323
5800	6324
5799	6325
3029	6326
1624	6327
1880	6328
300	6329
5408	6330
7803	6331
4675	6332
263	6333
1009	6334
6159	6335
6200	6336
5083	6337
1217	6338
103	6339
1630	6340
2338	6341
897	6342
2608	6343
390	6344
2245	6345
1698	6346
1310	6347
7823	6348
611	6349
5443	6350
3474	6351
143	6352
566	6353
5566	6354
5342	6355
7542	6356
6343	6357
3327	6358
1201	6359
1275	6360
7382	6361
1975	6362
1214	6363
1529	6364
2822	6365
1332	6366
1702	6367
727	6368
2815	6369
6598	6370
2958	6371
7086	6372
2788	6373
6698	6374
5589	6375
5489	6376
3289	6377
4832	6378
7314	6379
7515	6380
2470	6381
2887	6382
3600	6383
15	6384
3932	6385
5827	6386
551	6387
816	6388
5941	6389
6396	6390
4238	6391
4694	6392
4699	6393
7721	6394
6669	6395
7671	6396
401	6397
2762	6398
47	6399
2344	6400
5242	6401
2655	6402
52	6403
5657	6404
6058	6405
6163	6406
887	6407
692	6408
3263	6409
5411	6410
488	6411
451	6412
1167	6413
4932	6414
6319	6415
5944	6416
3329	6417
3453	6418
2518	6419
1766	6420
6701	6421
2500	6422
3058	6423
1169	6424
3406	6425
5257	6426
4805	6427
6440	6428
970	6429
196	6430
6925	6431
3332	6432
628	6433
686	6434
4700	6435
537	6436
2	6437
1352	6438
4783	6439
753	6440
753	6441
1456	6442
875	6443
2092	6444
772	6445
356	6446
7577	6447
4936	6448
4734	6449
1453	6450
74	6451
699	6452
5959	6453
1917	6454
2144	6455
2581	6456
101	6457
5183	6458
6225	6459
2372	6460
1327	6461
915	6462
1351	6463
5042	6464
1182	6465
287	6466
77	6467
7859	6468
5821	6469
5610	6470
6775	6471
2570	6472
1569	6473
1436	6474
3923	6475
1383	6476
5982	6477
936	6478
408	6479
6390	6480
2721	6481
1262	6482
6562	6483
927	6484
1479	6485
2514	6486
1981	6487
3297	6488
5343	6489
7666	6490
1408	6491
7293	6492
1115	6493
4104	6494
734	6495
4643	6496
6393	6497
4715	6498
3441	6499
7705	6500
4938	6501
3276	6502
5057	6503
400	6504
3532	6505
513	6506
513	6507
1054	6508
6499	6509
7105	6510
5347	6511
7415	6512
7135	6513
27	6514
61	6515
3834	6516
6155	6517
376	6518
6105	6519
1284	6520
247	6521
225	6522
1057	6523
7681	6524
4691	6525
7395	6526
1758	6527
586	6528
2161	6529
2836	6530
6959	6531
335	6532
7163	6533
221	6534
1375	6535
1356	6536
1	6537
4702	6538
5432	6539
6476	6540
1754	6541
2064	6542
6932	6543
5452	6544
4337	6545
8	6546
1140	6547
4604	6548
7093	6549
690	6550
598	6551
2768	6552
3257	6553
82	6554
4228	6555
5313	6556
5685	6557
6299	6558
6599	6559
3059	6560
1329	6561
203	6562
722	6563
371	6564
6871	6565
151	6566
76	6567
259	6568
1119	6569
3983	6570
5002	6571
4114	6572
6589	6573
4750	6574
6919	6575
6073	6576
33	6577
4176	6578
116	6579
2914	6580
21	6581
200	6582
5850	6583
1128	6584
989	6585
3247	6586
216	6587
5659	6588
5862	6589
2142	6590
195	6591
5473	6592
1246	6593
5634	6594
1249	6595
2557	6596
5521	6597
3002	6598
7685	6599
4414	6600
5529	6601
4568	6602
1544	6603
3981	6604
229	6605
910	6606
687	6607
222	6608
1810	6609
993	6610
1316	6611
98	6612
230	6613
1837	6614
4777	6615
1260	6616
2197	6617
388	6618
6921	6619
5468	6620
4591	6621
6132	6622
55	6623
1109	6624
318	6625
91	6626
7106	6627
7000	6628
3744	6629
922	6630
716	6631
238	6632
2852	6633
3587	6634
469	6635
738	6636
1250	6637
1819	6638
2066	6639
2895	6640
3524	6641
4728	6642
3324	6643
1897	6644
152	6645
6049	6646
7799	6647
1705	6648
5421	6649
1416	6650
3130	6651
1146	6652
1035	6653
5765	6654
5775	6655
3252	6656
5178	6657
1703	6658
5410	6659
3242	6660
631	6661
2943	6662
3821	6663
5427	6664
345	6665
6353	6666
5164	6667
3304	6668
5822	6669
7202	6670
7094	6671
5168	6672
2186	6673
1406	6674
308	6675
5040	6676
1537	6677
814	6678
7755	6679
522	6680
3711	6681
7058	6682
565	6683
4400	6684
1183	6685
2891	6686
509	6687
1120	6688
3366	6689
5081	6690
3803	6691
815	6692
2864	6693
333	6694
4041	6695
4978	6696
4948	6697
4496	6698
543	6699
897	6700
4564	6701
6083	6702
135	6703
5139	6704
4532	6705
3291	6706
1414	6707
4547	6708
2640	6709
1189	6710
736	6711
435	6712
6446	6713
234	6714
5020	6715
7155	6716
1005	6717
4624	6718
2463	6719
3802	6720
759	6721
3742	6722
3382	6723
665	6724
3548	6725
365	6726
86	6727
3717	6728
466	6729
2716	6730
635	6731
7697	6732
2681	6733
391	6734
1030	6735
3471	6736
3582	6737
412	6738
331	6739
7386	6740
679	6741
2369	6742
3114	6743
7076	6744
7246	6745
3402	6746
1169	6747
6877	6748
1180	6749
458	6750
1360	6751
5598	6752
676	6753
3391	6754
4920	6755
162	6756
6082	6757
574	6758
7084	6759
1289	6760
1192	6761
7355	6762
3794	6763
877	6764
1372	6765
3936	6766
1227	6767
2019	6768
7607	6769
7338	6770
3020	6771
3702	6772
800	6773
1237	6774
3614	6775
4344	6776
7074	6777
2908	6778
334	6779
5091	6780
1255	6781
6059	6782
6992	6783
7328	6784
5648	6785
2060	6786
2040	6787
2774	6788
6784	6789
3443	6790
4797	6791
3880	6792
5804	6793
4377	6794
305	6795
151	6796
7742	6797
2308	6798
3286	6799
549	6800
190	6801
1908	6802
3704	6803
6607	6804
555	6805
4836	6806
7120	6807
4677	6808
36	6809
2050	6810
5368	6811
7071	6812
210	6813
2618	6814
6320	6815
1429	6816
43	6817
1397	6818
6797	6819
562	6820
4501	6821
4364	6822
2231	6823
4646	6824
1591	6825
4029	6826
4853	6827
109	6828
3763	6829
4917	6830
7674	6831
7294	6832
3192	6833
581	6834
5135	6835
2577	6836
1527	6837
994	6838
4390	6839
1508	6840
6694	6841
4974	6842
2668	6843
4808	6844
4748	6845
6468	6846
1542	6847
5031	6848
475	6849
359	6850
5414	6851
3877	6852
7	6853
2695	6854
4572	6855
719	6856
417	6857
5392	6858
3414	6859
1751	6860
7784	6861
1482	6862
7018	6863
7702	6864
7320	6865
4764	6866
5662	6867
691	6868
6958	6869
6251	6870
7341	6871
605	6872
2562	6873
849	6874
85	6875
164	6876
1889	6877
7346	6878
1809	6879
7378	6880
4848	6881
1780	6882
3122	6883
5428	6884
3552	6885
7555	6886
346	6887
2159	6888
4536	6889
511	6890
4116	6891
1555	6892
832	6893
6891	6894
5943	6895
3312	6896
4293	6897
6040	6898
5486	6899
6592	6900
5960	6901
2682	6902
2603	6903
2358	6904
4195	6905
4821	6906
6625	6907
7304	6908
5928	6909
1419	6910
617	6911
607	6912
652	6913
1025	6914
4451	6915
4172	6916
328	6917
2071	6918
1404	6919
167	6920
1520	6921
328	6922
4230	6923
1401	6924
737	6925
7479	6926
822	6927
6530	6928
1325	6929
7447	6930
7099	6931
5173	6932
765	6933
168	6934
6280	6935
6933	6936
7581	6937
3434	6938
1065	6939
1653	6940
385	6941
83	6942
4168	6943
904	6944
273	6945
6247	6946
117	6947
536	6948
1246	6949
1036	6950
2656	6951
6228	6952
2599	6953
4495	6954
6687	6955
77	6956
316	6957
4341	6958
6962	6959
1739	6960
6269	6961
5706	6962
7425	6963
1050	6964
30	6965
4882	6966
424	6967
4722	6968
702	6969
3661	6970
3685	6971
2185	6972
6199	6973
4998	6974
7588	6975
5813	6976
3929	6977
141	6978
6613	6979
5624	6980
1559	6981
2160	6982
4386	6983
1198	6984
78	6985
6392	6986
5122	6987
4557	6988
7676	6989
4864	6990
3850	6991
1095	6992
1059	6993
667	6994
7174	6995
226	6996
4727	6997
4615	6998
807	6999
1945	7000
7103	7001
4216	7002
4610	7003
5072	7004
346	7005
717	7006
5272	7007
4997	7008
4165	7009
7537	7010
853	7011
5048	7012
5265	7013
7329	7014
4927	7015
84	7016
1519	7017
3968	7018
1330	7019
7659	7020
2131	7021
4287	7022
216	7023
1088	7024
4829	7025
276	7026
3828	7027
7775	7028
95	7029
6549	7030
1695	7031
311	7032
6211	7033
3374	7034
4	7035
6720	7036
778	7037
478	7038
640	7039
2590	7040
776	7041
1449	7042
175	7043
987	7044
1777	7045
5134	7046
1501	7047
1786	7048
4279	7049
2942	7050
11	7051
594	7052
7857	7053
4507	7054
6101	7055
1295	7056
2172	7057
473	7058
2080	7059
677	7060
1421	7061
372	7062
1468	7063
5843	7064
6158	7065
7321	7066
1090	7067
1437	7068
7376	7069
3336	7070
4288	7071
5161	7072
635	7073
43	7074
2638	7075
644	7076
2283	7077
7779	7078
5758	7079
289	7080
6573	7081
1178	7082
205	7083
1183	7084
2718	7085
6593	7086
1502	7087
7870	7088
246	7089
5092	7090
4431	7091
103	7092
5365	7093
4113	7094
4635	7095
2920	7096
5633	7097
5417	7098
593	7099
2605	7100
6436	7101
1149	7102
1535	7103
2225	7104
6276	7105
3239	7106
878	7107
3355	7108
363	7109
208	7110
5672	7111
3296	7112
6667	7113
1012	7114
1412	7115
1582	7116
6637	7117
7602	7118
6833	7119
2493	7120
6650	7121
1247	7122
607	7123
2347	7124
2578	7125
547	7126
3779	7127
1335	7128
437	7129
4214	7130
6218	7131
972	7132
1531	7133
1590	7134
209	7135
335	7136
4255	7137
4739	7138
6673	7139
7449	7140
7787	7141
1047	7142
7714	7143
1806	7144
6379	7145
1602	7146
1121	7147
3750	7148
5909	7149
2437	7150
2137	7151
6983	7152
1470	7153
5344	7154
59	7155
6131	7156
948	7157
6990	7158
410	7159
6378	7160
6377	7161
2162	7162
1071	7163
638	7164
5496	7165
6777	7166
527	7167
4081	7168
6295	7169
7357	7170
91	7171
1231	7172
2922	7173
130	7174
7263	7175
4984	7176
6626	7177
5865	7178
4138	7179
714	7180
3647	7181
628	7182
4632	7183
6740	7184
2187	7185
3241	7186
1156	7187
1260	7188
28	7189
4510	7190
7169	7191
5333	7192
5848	7193
708	7194
1269	7195
5367	7196
6861	7197
1997	7198
1034	7199
3559	7200
438	7201
1665	7202
6640	7203
7266	7204
4893	7205
1320	7206
7268	7207
7768	7208
150	7209
826	7210
161	7211
1420	7212
7814	7213
5171	7214
7427	7215
7580	7216
7692	7217
7444	7218
5602	7219
1203	7220
3999	7221
1244	7222
1301	7223
1272	7224
7012	7225
236	7226
1073	7227
5026	7228
5429	7229
3749	7230
1174	7231
132	7232
1701	7233
5646	7234
6203	7235
1027	7236
1238	7237
793	7238
101	7239
411	7240
4182	7241
338	7242
3328	7243
2526	7244
5748	7245
4463	7246
3652	7247
5857	7248
4672	7249
7696	7250
2021	7251
3109	7252
4710	7253
147	7254
3671	7255
418	7256
7618	7257
1010	7258
3677	7259
471	7260
2038	7261
5530	7262
2750	7263
4895	7264
5570	7265
353	7266
2459	7267
2423	7268
4194	7269
859	7270
5179	7271
6344	7272
5978	7273
3050	7274
5781	7275
6807	7276
2725	7277
296	7278
3580	7279
2275	7280
7001	7281
505	7282
1993	7283
7563	7284
820	7285
2584	7286
731	7287
4957	7288
2163	7289
581	7290
1127	7291
2221	7292
1718	7293
2611	7294
5794	7295
5010	7296
5967	7297
3814	7298
4322	7299
4967	7300
737	7301
1511	7302
930	7303
5068	7304
1958	7305
83	7306
6376	7307
931	7308
236	7309
4464	7310
2830	7311
2692	7312
7226	7313
1091	7314
598	7315
508	7316
7656	7317
4531	7318
5629	7319
6770	7320
1487	7321
4211	7322
1827	7323
2383	7324
785	7325
6646	7326
4184	7327
648	7328
123	7329
2294	7330
1525	7331
7623	7332
6612	7333
1045	7334
133	7335
4761	7336
7539	7337
4103	7338
6859	7339
73	7340
7694	7341
6332	7342
1072	7343
489	7344
4847	7345
5942	7346
3701	7347
625	7348
691	7349
371	7350
1969	7351
234	7352
6729	7353
2450	7354
4069	7355
1283	7356
1071	7357
337	7358
5746	7359
527	7360
3157	7361
4090	7362
863	7363
5275	7364
4010	7365
1762	7366
444	7367
1045	7368
2968	7369
843	7370
5221	7371
7852	7372
2175	7373
3261	7374
515	7375
7730	7376
321	7377
295	7378
6410	7379
3766	7380
3141	7381
546	7382
3540	7383
5186	7384
6714	7385
6222	7386
1467	7387
4962	7388
7511	7389
308	7390
5287	7391
7800	7392
3072	7393
1063	7394
6991	7395
7641	7396
1097	7397
3126	7398
4361	7399
7530	7400
953	7401
5730	7402
5793	7403
3756	7404
3454	7405
214	7406
1748	7407
1394	7408
6542	7409
1799	7410
3707	7411
361	7412
285	7413
6033	7414
313	7415
4955	7416
348	7417
3009	7418
7545	7419
4017	7420
1004	7421
6823	7422
7442	7423
1067	7424
5106	7425
2099	7426
168	7427
1184	7428
2339	7429
6509	7430
796	7431
1355	7432
627	7433
6647	7434
7080	7435
1626	7436
3659	7437
805	7438
6772	7439
1350	7440
202	7441
2078	7442
1645	7443
3306	7444
2576	7445
5621	7446
5846	7447
4222	7448
483	7449
6854	7450
5938	7451
1125	7452
2477	7453
329	7454
6370	7455
5783	7456
4056	7457
7123	7458
2074	7459
3378	7460
1087	7461
5875	7462
173	7463
1612	7464
3044	7465
883	7466
2177	7467
240	7468
4373	7469
4292	7470
6531	7471
969	7472
346	7473
3819	7474
1193	7475
7593	7476
3833	7477
6651	7478
1949	7479
591	7480
6207	7481
4537	7482
6576	7483
6157	7484
2675	7485
2789	7486
7573	7487
250	7488
782	7489
630	7490
1046	7491
2952	7492
78	7493
1536	7494
1113	7495
2082	7496
2882	7497
865	7498
1379	7499
782	7500
693	7501
4326	7502
3149	7503
6547	7504
5016	7505
4802	7506
6115	7507
4497	7508
2044	7509
17	7510
1229	7511
967	7512
1291	7513
5586	7514
116	7515
5785	7516
5	7517
267	7518
6185	7519
7753	7520
4744	7521
268	7522
5037	7523
3696	7524
1147	7525
7448	7526
389	7527
1826	7528
7289	7529
6585	7530
253	7531
7053	7532
5370	7533
2834	7534
2746	7535
1339	7536
4598	7537
723	7538
631	7539
7286	7540
5326	7541
1334	7542
5441	7543
533	7544
83	7545
1353	7546
2345	7547
885	7548
3953	7549
6703	7550
6213	7551
4653	7552
917	7553
175	7554
7138	7555
3145	7556
1415	7557
6445	7558
4360	7559
4394	7560
6595	7561
4304	7562
317	7563
2976	7564
4118	7565
4876	7566
272	7567
107	7568
2303	7569
2414	7570
4250	7571
3673	7572
5660	7573
5162	7574
4683	7575
2213	7576
2791	7577
323	7578
520	7579
877	7580
837	7581
1255	7582
789	7583
5155	7584
7050	7585
6282	7586
587	7587
6603	7588
4592	7589
4928	7590
1369	7591
5446	7592
7628	7593
1	7594
5703	7595
4270	7596
2329	7597
2517	7598
1509	7599
1493	7600
282	7601
5829	7602
5661	7603
750	7604
6789	7605
1844	7606
5422	7607
1385	7608
1447	7609
7003	7610
1426	7611
903	7612
4025	7613
2385	7614
22	7615
44	7616
3128	7617
7571	7618
446	7619
1371	7620
5722	7621
2089	7622
3034	7623
2604	7624
1293	7625
6451	7626
3073	7627
6002	7628
6538	7629
6239	7630
134	7631
205	7632
2889	7633
3515	7634
4579	7635
6917	7636
5354	7637
1038	7638
5613	7639
65	7640
2690	7641
1359	7642
3683	7643
144	7644
1116	7645
244	7646
5464	7647
911	7648
7797	7649
592	7650
1761	7651
417	7652
6989	7653
1028	7654
6035	7655
3944	7656
1818	7657
751	7658
3998	7659
6580	7660
192	7661
7025	7662
1485	7663
5398	7664
938	7665
4843	7666
6518	7667
430	7668
5835	7669
6719	7670
7522	7671
214	7672
869	7673
187	7674
1507	7675
2017	7676
11	7677
542	7678
654	7679
2255	7680
13	7681
6588	7682
1418	7683
5757	7684
6209	7685
6785	7686
4655	7687
1530	7688
5974	7689
3113	7690
4614	7691
155	7692
7223	7693
5606	7694
2507	7695
178	7696
4674	7697
6137	7698
3152	7699
7560	7700
6560	7701
1542	7702
272	7703
416	7704
756	7705
4359	7706
1888	7707
6739	7708
1062	7709
4629	7710
4746	7711
783	7712
1215	7713
696	7714
4348	7715
5196	7716
7213	7717
4666	7718
3407	7719
7102	7720
4136	7721
4972	7722
4582	7723
7640	7724
5805	7725
6688	7726
6555	7727
1007	7728
1011	7729
6649	7730
1734	7731
6622	7732
981	7733
7	7734
4263	7735
5203	7736
276	7737
868	7738
2268	7739
5692	7740
2238	7741
325	7742
5553	7743
1349	7744
7134	7745
694	7746
6180	7747
3970	7748
7157	7749
6763	7750
6321	7751
3576	7752
2367	7753
6246	7754
1552	7755
5536	7756
3971	7757
7809	7758
6889	7759
5505	7760
3222	7761
1177	7762
659	7763
96	7764
6327	7765
176	7766
383	7767
2784	7768
4687	7769
5247	7770
461	7771
5564	7772
4153	7773
3645	7774
1817	7775
6362	7776
683	7777
2491	7778
7658	7779
2894	7780
532	7781
2210	7782
1000	7783
4872	7784
1839	7785
1281	7786
857	7787
7813	7788
2003	7789
1851	7790
3801	7791
208	7792
1441	7793
838	7794
274	7795
364	7796
3531	7797
1142	7798
1350	7799
3299	7800
114	7801
821	7802
7759	7803
6371	7804
4154	7805
226	7806
219	7807
4419	7808
481	7809
3527	7810
2832	7811
1081	7812
914	7813
3016	7814
106	7815
6186	7816
5218	7817
1265	7818
6690	7819
6834	7820
1971	7821
7561	7822
7359	7823
491	7824
435	7825
1811	7826
5988	7827
4916	7828
6794	7829
3603	7830
2973	7831
7005	7832
107	7833
6490	7834
4676	7835
1248	7836
1556	7837
2388	7838
5201	7839
5159	7840
5444	7841
33	7842
459	7843
64	7844
490	7845
2426	7846
103	7847
378	7848
394	7849
454	7850
7181	7851
5561	7852
4693	7853
3573	7854
96	7855
986	7856
45	7857
350	7858
4740	7859
6253	7860
6742	7861
2048	7862
3396	7863
750	7864
649	7865
5573	7866
2667	7867
1006	7868
2635	7869
1057	7870
333	7871
1870	7872
1346	7873
7443	7874
351	7875
6914	7876
4009	7877
6941	7878
4131	7879
3153	7880
713	7881
614	7882
1104	7883
293	7884
707	7885
746	7886
365	7887
7115	7888
1510	7889
468	7890
3428	7891
6764	7892
2456	7893
5711	7894
6841	7895
236	7896
2068	7897
1496	7898
440	7899
3274	7900
664	7901
507	7902
3365	7903
1604	7904
3822	7905
482	7906
3204	7907
642	7908
172	7909
416	7910
6569	7911
3469	7912
5295	7913
7095	7914
357	7915
7064	7916
2430	7917
6528	7918
1171	7919
6996	7920
5274	7921
231	7922
559	7923
2803	7924
5177	7925
1611	7926
387	7927
32	7928
7469	7929
2807	7930
517	7931
795	7932
2393	7933
567	7934
138	7935
6949	7936
5025	7937
5816	7938
2286	7939
448	7940
1928	7941
5376	7942
1250	7943
5837	7944
370	7945
57	7946
189	7947
270	7948
7723	7949
6849	7950
1677	7951
534	7952
326	7953
669	7954
1236	7955
658	7956
23	7957
7360	7958
4786	7959
933	7960
2567	7961
7459	7962
140	7963
1050	7964
6096	7965
344	7966
4841	7967
1041	7968
1389	7969
6300	7970
36	7971
1432	7972
2465	7973
3158	7974
7127	7975
495	7976
1815	7977
3054	7978
55	7979
279	7980
6756	7981
4268	7982
7817	7983
936	7984
6036	7985
4161	7986
3193	7987
3121	7988
2676	7989
949	7990
254	7991
178	7992
2868	7993
1587	7994
5663	7995
2780	7996
71	7997
360	7998
5727	7999
3694	8000
7373	8001
1506	8002
898	8003
4519	8004
579	8005
1043	8006
5399	8007
252	8008
2121	8009
2875	8010
6909	8011
2010	8012
6212	8013
4181	8014
4538	8015
5062	8016
806	8017
6382	8018
3198	8019
6648	8020
6993	8021
1155	8022
7553	8023
5373	8024
7272	8025
1584	8026
261	8027
2196	8028
905	8029
3	8030
358	8031
7235	8032
3344	8033
695	8034
1132	8035
158	8036
5632	8037
5069	8038
6686	8039
1309	8040
2130	8041
128	8042
2116	8043
1900	8044
7673	8045
5197	8046
6979	8047
9	8048
23	8049
1194	8050
2310	8051
538	8052
3280	8053
4246	8054
5630	8055
7568	8056
874	8057
676	8058
5528	8059
6286	8060
6050	8061
2168	8062
5395	8063
5315	8064
2771	8065
68	8066
3089	8067
6363	8068
21	8069
2953	8070
620	8071
314	8072
15	8073
5556	8074
4434	8075
990	8076
1601	8077
3342	8078
3085	8079
4647	8080
5248	8081
4567	8082
1738	8083
188	8084
7173	8085
3099	8086
2435	8087
4399	8088
347	8089
3693	8090
3322	8091
4442	8092
1066	8093
6238	8094
20	8095
7353	8096
467	8097
3851	8098
2042	8099
5438	8100
6144	8101
7243	8102
5355	8103
81	8104
1157	8105
6442	8106
1322	8107
3225	8108
6540	8109
4200	8110
4319	8111
2539	8112
3339	8113
654	8114
5401	8115
4751	8116
1652	8117
3857	8118
1559	8119
1378	8120
2418	8121
4371	8122
6721	8123
6838	8124
7162	8125
2368	8126
5852	8127
2260	8128
352	8129
7201	8130
4626	8131
7154	8132
5054	8133
1982	8134
3526	8135
7822	8136
2752	8137
786	8138
4644	8139
4351	8140
2110	8141
5356	8142
7006	8143
1299	8144
4502	8145
1529	8146
7401	8147
2000	8148
4763	8149
6361	8150
3692	8151
410	8152
4382	8153
4822	8154
5033	8155
6060	8156
1154	8157
6510	8158
4428	8159
1716	8160
4	8161
4781	8162
4520	8163
1570	8164
4588	8165
61	8166
674	8167
5353	8168
344	8169
4525	8170
1216	8171
3630	8172
6054	8173
6506	8174
139	8175
7770	8176
7612	8177
1009	8178
1238	8179
544	8180
3897	8181
2220	8182
5146	8183
2811	8184
4899	8185
1014	8186
2063	8187
777	8188
6641	8189
3569	8190
4692	8191
7361	8192
24	8193
3346	8194
6831	8195
6533	8196
747	8197
2555	8198
2680	8199
620	8200
2720	8201
1554	8202
6254	8203
1382	8204
2884	8205
789	8206
3045	8207
1393	8208
7384	8209
94	8210
5215	8211
6030	8212
1211	8213
6730	8214
5999	8215
5300	8216
6029	8217
746	8218
968	8219
1077	8220
4122	8221
2981	8222
129	8223
520	8224
2678	8225
4527	8226
4147	8227
1430	8228
2532	8229
1461	8230
7149	8231
1518	8232
5747	8233
2406	8234
6089	8235
7518	8236
4685	8237
1232	8238
7291	8239
6278	8240
7067	8241
7183	8242
4387	8243
2710	8244
3037	8245
5558	8246
1304	8247
7650	8248
463	8249
1892	8250
6069	8251
403	8252
6387	8253
3563	8254
5776	8255
764	8256
3862	8257
1017	8258
5847	8259
632	8260
7063	8261
7347	8262
1807	8263
3163	8264
6663	8265
406	8266
214	8267
1317	8268
5500	8269
7867	8270
1866	8271
3948	8272
6868	8273
860	8274
1333	8275
663	8276
599	8277
1756	8278
192	8279
2011	8280
6086	8281
969	8282
4404	8283
3816	8284
1829	8285
529	8286
728	8287
777	8288
6017	8289
6466	8290
3703	8291
518	8292
3046	8293
63	8294
2766	8295
434	8296
6009	8297
6146	8298
7805	8299
7311	8300
2180	8301
2600	8302
6765	8303
5626	8304
1276	8305
725	8306
5527	8307
1192	8308
176	8309
6551	8310
4280	8311
266	8312
3686	8313
5114	8314
1558	8315
1328	8316
1048	8317
3214	8318
3657	8319
6383	8320
3459	8321
510	8322
2389	8323
3124	8324
7831	8325
4552	8326
2093	8327
1105	8328
551	8329
449	8330
5495	8331
3164	8332
146	8333
655	8334
6268	8335
7864	8336
5426	8337
1419	8338
563	8339
4934	8340
18	8341
1487	8342
1006	8343
1097	8344
1196	8345
1530	8346
6577	8347
71	8348
7737	8349
297	8350
6824	8351
1994	8352
2378	8353
3710	8354
1802	8355
260	8356
1330	8357
3922	8358
3627	8359
4358	8360
6418	8361
3343	8362
106	8363
3437	8364
5929	8365
1403	8366
7292	8367
120	8368
7624	8369
1795	8370
4101	8371
1693	8372
7394	8373
4888	8374
2359	8375
1934	8376
3787	8377
1031	8378
5360	8379
98	8380
7648	8381
24	8382
1649	8383
1029	8384
7072	8385
149	8386
129	8387
7686	8388
7046	8389
102	8390
585	8391
3827	8392
4726	8393
453	8394
4958	8395
3015	8396
1425	8397
2851	8398
5808	8399
1335	8400
71	8401
1418	8402
3259	8403
114	8404
3503	8405
2499	8406
186	8407
7316	8408
5076	8409
391	8410
5314	8411
1513	8412
3056	8413
7175	8414
7194	8415
1424	8416
1286	8417
5291	8418
6444	8419
6944	8420
7476	8421
1392	8422
3522	8423
6139	8424
1226	8425
3140	8426
3977	8427
2132	8428
6699	8429
5903	8430
51	8431
515	8432
662	8433
113	8434
2230	8435
2468	8436
110	8437
892	8438
23	8439
423	8440
4160	8441
7280	8442
2853	8443
1207	8444
332	8445
189	8446
772	8447
134	8448
5147	8449
6727	8450
1140	8451
1064	8452
6887	8453
1569	8454
6129	8455
373	8456
7295	8457
2550	8458
6331	8459
131	8460
6345	8461
2332	8462
6134	8463
633	8464
1878	8465
3236	8466
2998	8467
7877	8468
111	8469
363	8470
994	8471
907	8472
5156	8473
4925	8474
946	8475
6079	8476
17	8477
2391	8478
5517	8479
5098	8480
7856	8481
5481	8482
5675	8483
2535	8484
3349	8485
1204	8486
5773	8487
240	8488
774	8489
219	8490
5503	8491
322	8492
1694	8493
837	8494
2340	8495
5789	8496
496	8497
3925	8498
622	8499
4602	8500
1012	8501
4058	8502
5548	8503
7489	8504
1597	8505
1783	8506
3461	8507
2727	8508
7200	8509
6963	8510
6536	8511
1671	8512
4990	8513
1750	8514
957	8515
3189	8516
3165	8517
4398	8518
3308	8519
1840	8520
7132	8521
2498	8522
37	8523
7566	8524
7015	8525
6024	8526
4076	8527
7096	8528
2915	8529
4840	8530
3319	8531
3610	8532
3754	8533
1549	8534
5522	8535
6052	8536
6762	8537
5954	8538
5949	8539
1555	8540
5145	8541
89	8542
3395	8543
7054	8544
4433	8545
5455	8546
3424	8547
445	8548
3708	8549
4065	8550
3023	8551
2199	8552
754	8553
2524	8554
506	8555
6550	8556
1449	8557
6241	8558
1808	8559
2631	8560
1881	8561
3166	8562
4499	8563
759	8564
4129	8565
3715	8566
5671	8567
6924	8568
2509	8569
7569	8570
4730	8571
704	8572
4007	8573
6810	8574
2666	8575
2320	8576
1074	8577
2252	8578
2487	8579
2360	8580
1159	8581
1662	8582
2545	8583
1646	8584
6814	8585
7507	8586
299	8587
6487	8588
6529	8589
7788	8590
1560	8591
4637	8592
3096	8593
1998	8594
2523	8595
425	8596
5038	8597
4204	8598
550	8599
2971	8600
4180	8601
7512	8602
339	8603
7111	8604
270	8605
2547	8606
5731	8607
1218	8608
1543	8609
1772	8610
1299	8611
775	8612
4458	8613
6128	8614
855	8615
5908	8616
7541	8617
1003	8618
866	8619
7532	8620
307	8621
1311	8622
4869	8623
377	8624
781	8625
5082	8626
4038	8627
6400	8628
1386	8629
1072	8630
3942	8631
4177	8632
1438	8633
7854	8634
7585	8635
1	8636
887	8637
679	8638
1814	8639
5871	8640
2818	8641
2796	8642
58	8643
348	8644
864	8645
1239	8646
485	8647
1454	8648
4224	8649
957	8650
31	8651
5668	8652
641	8653
2445	8654
7065	8655
4053	8656
5927	8657
1484	8658
5043	8659
422	8660
5384	8661
4480	8662
6420	8663
1152	8664
4830	8665
267	8666
1225	8667
739	8668
5732	8669
48	8670
1064	8671
589	8672
4011	8673
5810	8674
5795	8675
452	8676
458	8677
603	8678
6461	8679
4985	8680
4415	8681
725	8682
1512	8683
1883	8684
852	8685
682	8686
5380	8687
7667	8688
1114	8689
2224	8690
3745	8691
2381	8692
1836	8693
2287	8694
4321	8695
818	8696
4221	8697
7437	8698
4274	8699
3234	8700
5263	8701
108	8702
1294	8703
951	8704
4120	8705
6111	8706
180	8707
1953	8708
7140	8709
3086	8710
1048	8711
7114	8712
7715	8713
7698	8714
555	8715
1191	8716
5567	8717
4087	8718
179	8719
5886	8720
2609	8721
962	8722
421	8723
264	8724
348	8725
3653	8726
1129	8727
5681	8728
3386	8729
992	8730
7687	8731
6571	8732
2904	8733
1013	8734
420	8735
2217	8736
5207	8737
4063	8738
6750	8739
1561	8740
597	8741
430	8742
274	8743
1547	8744
7107	8745
6566	8746
2073	8747
3774	8748
1431	8749
2420	8750
321	8751
1025	8752
1708	8753
6415	8754
1710	8755
3172	8756
6046	8757
963	8758
6722	8759
4470	8760
2411	8761
7736	8762
7184	8763
6122	8764
123	8765
4454	8766
12	8767
6181	8768
3547	8769
3980	8770
2513	8771
16	8772
3170	8773
5212	8774
7606	8775
54	8776
1373	8777
7873	8778
4599	8779
7404	8780
1247	8781
152	8782
83	8783
4000	8784
601	8785
2839	8786
5292	8787
2861	8788
1220	8789
730	8790
564	8791
975	8792
5664	8793
6923	8794
3564	8795
4526	8796
248	8797
4914	8798
5065	8799
1219	8800
673	8801
2502	8802
1282	8803
2396	8804
2568	8805
7536	8806
3492	8807
5700	8808
1704	8809
2062	8810
6121	8811
3025	8812
5877	8813
6905	8814
4992	8815
1361	8816
251	8817
6252	8818
5892	8819
879	8820
2663	8821
6680	8822
4942	8823
1267	8824
4725	8825
4767	8826
1726	8827
3218	8828
2610	8829
2235	8830
5019	8831
7480	8832
2982	8833
1682	8834
4312	8835
570	8836
942	8837
1213	8838
3544	8839
6793	8840
6333	8841
6465	8842
6897	8843
1053	8844
6170	8845
1027	8846
2704	8847
6341	8848
5234	8849
7110	8850
1211	8851
791	8852
1747	8853
535	8854
1160	8855
3147	8856
1488	8857
7452	8858
5743	8859
5504	8860
2903	8861
1583	8862
6041	8863
5172	8864
3055	8865
940	8866
7144	8867
4302	8868
1000	8869
3566	8870
6811	8871
2449	8872
4243	8873
2143	8874
4993	8875
4585	8876
3511	8877
2039	8878
3309	8879
153	8880
4241	8881
6350	8882
1618	8883
6102	8884
4477	8885
5051	8886
315	8887
621	8888
315	8889
3098	8890
6940	8891
341	8892
1128	8893
1785	8894
4167	8895
1157	8896
285	8897
7837	8898
7631	8899
6994	8900
2808	8901
7298	8902
6095	8903
330	8904
898	8905
6853	8906
4679	8907
2954	8908
190	8909
7652	8910
1261	8911
5080	8912
1528	8913
902	8914
2797	8915
145	8916
521	8917
5896	8918
2900	8919
780	8920
198	8921
4429	8922
4437	8923
1318	8924
4855	8925
2343	8926
1342	8927
3000	8928
7529	8929
1280	8930
6106	8931
3775	8932
206	8933
2969	8934
985	8935
979	8936
617	8937
7349	8938
6413	8939
685	8940
1052	8941
680	8942
537	8943
7	8944
4436	8945
2936	8946
253	8947
54	8948
7081	8949
2164	8950
1153	8951
3269	8952
19	8953
1904	8954
314	8955
5571	8956
960	8957
4716	8958
643	8959
928	8960
212	8961
667	8962
1873	8963
329	8964
2195	8965
4868	8966
5803	8967
6156	8968
2289	8969
5336	8970
10	8971
2897	8972
87	8973
315	8974
1022	8975
1788	8976
1	8977
280	8978
148	8979
2937	8980
5216	8981
1736	8982
2353	8983
4812	8984
6061	8985
626	8986
1173	8987
7492	8988
5406	8989
1423	8990
5737	8991
6126	8992
4213	8993
7309	8994
2096	8995
5516	8996
995	8997
4471	8998
6705	8999
456	9000
7197	9001
3508	9002
7055	9003
4169	9004
2881	9005
7216	9006
2601	9007
3629	9008
954	9009
250	9010
5688	9011
6696	9012
1343	9013
3354	9014
3931	9015
1963	9016
487	9017
678	9018
678	9019
142	9020
4089	9021
2687	9022
5604	9023
758	9024
865	9025
6173	9026
427	9027
771	9028
1312	9029
1533	9030
2438	9031
5549	9032
7467	9033
1855	9034
3639	9035
5491	9036
3844	9037
2444	9038
941	9039
117	9040
2528	9041
3188	9042
1021	9043
886	9044
5782	9045
6596	9046
3568	9047
3795	9048
3079	9049
1581	9050
7664	9051
4544	9052
7047	9053
7811	9054
3950	9055
3909	9056
576	9057
1011	9058
3705	9059
60	9060
5357	9061
7383	9062
855	9063
1557	9064
3458	9065
6632	9066
7021	9067
2624	9068
5698	9069
373	9070
3748	9071
5866	9072
460	9073
4353	9074
7417	9075
7333	9076
185	9077
4085	9078
1457	9079
736	9080
3695	9081
5809	9082
5508	9083
4801	9084
2376	9085
756	9086
44	9087
3032	9088
4503	9089
4770	9090
223	9091
4887	9092
3486	9093
2684	9094
367	9095
3493	9096
1063	9097
4584	9098
11	9099
2285	9100
2574	9101
6283	9102
1124	9103
2596	9104
172	9105
2056	9106
5260	9107
3849	9108
6661	9109
310	9110
105	9111
3470	9112
1020	9113
1443	9114
130	9115
3125	9116
5579	9117
1372	9118
1232	9119
1308	9120
709	9121
2506	9122
1479	9123
2440	9124
7010	9125
1516	9126
73	9127
5250	9128
7089	9129
3839	9130
6837	9131
1752	9132
6926	9133
1568	9134
5023	9135
3921	9136
4682	9137
5576	9138
4050	9139
4060	9140
6743	9141
6067	9142
3123	9143
2176	9144
5922	9145
2966	9146
1860	9147
3199	9148
2728	9149
7340	9150
4024	9151
1302	9152
4395	9153
6235	9154
5945	9155
4336	9156
2362	9157
4490	9158
122	9159
689	9160
5774	9161
1139	9162
7578	9163
204	9164
761	9165
1926	9166
616	9167
4862	9168
3390	9169
768	9170
910	9171
7241	9172
6008	9173
2880	9174
2804	9175
4140	9176
3399	9177
7605	9178
6263	9179
2148	9180
2054	9181
371	9182
3401	9183
1203	9184
7348	9185
2926	9186
88	9187
4779	9188
4178	9189
1842	9190
5538	9191
699	9192
4039	9193
2475	9194
160	9195
4642	9196
5297	9197
295	9198
3937	9199
6455	9200
154	9201
6277	9202
523	9203
5515	9204
7819	9205
4036	9206
6535	9207
2453	9208
3637	9209
1104	9210
3891	9211
6348	9212
6563	9213
4094	9214
7790	9215
1413	9216
1711	9217
4611	9218
3731	9219
3753	9220
2100	9221
871	9222
2105	9223
3898	9224
111	9225
4826	9226
67	9227
3104	9228
1462	9229
5787	9230
985	9231
1920	9232
1564	9233
172	9234
7514	9235
3595	9236
6110	9237
2559	9238
209	9239
31	9240
49	9241
4012	9242
36	9243
1488	9244
3666	9245
4325	9246
3644	9247
5474	9248
7037	9249
3615	9250
1571	9251
3463	9252
5324	9253
392	9254
1580	9255
1524	9256
2327	9257
7393	9258
7073	9259
196	9260
2899	9261
5063	9262
3331	9263
3800	9264
3727	9265
1523	9266
582	9267
275	9268
5132	9269
2991	9270
1648	9271
138	9272
2158	9273
661	9274
4445	9275
1262	9276
251	9277
1448	9278
30	9279
2	9280
6366	9281
563	9282
5801	9283
2206	9284
1082	9285
1409	9286
3577	9287
5919	9288
2239	9289
5738	9290
6973	9291
4478	9292
3864	9293
193	9294
193	9295
5391	9296
5096	9297
4874	9298
6316	9299
925	9300
386	9301
7484	9302
4311	9303
3368	9304
4810	9305
1158	9306
6638	9307
741	9308
5869	9309
1085	9310
3060	9311
184	9312
773	9313
1345	9314
1960	9315
3675	9316
1672	9317
5400	9318
536	9319
4306	9320
964	9321
1106	9322
982	9323
3741	9324
6708	9325
2478	9326
7222	9327
4550	9328
471	9329
7016	9330
331	9331
7708	9332
336	9333
102	9334
847	9335
4	9336
1832	9337
5654	9338
7351	9339
1410	9340
7470	9341
1937	9342
5382	9343
233	9344
1641	9345
1364	9346
5451	9347
5220	9348
6903	9349
1008	9350
47	9351
7390	9352
187	9353
69	9354
7422	9355
7626	9356
5276	9357
132	9358
2265	9359
6898	9360
7192	9361
5501	9362
2970	9363
4095	9364
645	9365
2434	9366
532	9367
5005	9368
943	9369
944	9370
5563	9371
62	9372
13	9373
4542	9374
833	9375
3142	9376
2026	9377
3609	9378
5476	9379
79	9380
819	9381
760	9382
5591	9383
799	9384
250	9385
4372	9386
4845	9387
1647	9388
212	9389
2029	9390
2588	9391
4641	9392
4999	9393
1407	9394
3809	9395
6408	9396
7570	9397
3624	9398
2859	9399
1165	9400
6895	9401
121	9402
141	9403
1988	9404
1098	9405
6745	9406
7699	9407
27	9408
28	9409
2706	9410
2602	9411
238	9412
3565	9413
6187	9414
227	9415
2821	9416
5915	9417
7781	9418
6972	9419
7603	9420
6873	9421
6769	9422
1617	9423
1145	9424
113	9425
948	9426
3783	9427
4873	9428
3682	9429
3409	9430
25	9431
5346	9432
1942	9433
3987	9434
173	9435
201	9436
4988	9437
4111	9438
749	9439
2012	9440
139	9441
2845	9442
2805	9443
7795	9444
6584	9445
7159	9446
3608	9447
5000	9448
394	9449
1213	9450
2481	9451
2298	9452
118	9453
5645	9454
6840	9455
1706	9456
2349	9457
35	9458
3228	9459
506	9460
2047	9461
4191	9462
32	9463
7717	9464
15	9465
544	9466
4296	9467
476	9468
5136	9469
1951	9470
1462	9471
1338	9472
2963	9473
96	9474
1368	9475
5210	9476
112	9477
443	9478
5456	9479
7794	9480
2879	9481
358	9482
4671	9483
7436	9484
7236	9485
1223	9486
3602	9487
280	9488
3068	9489
6961	9490
3658	9491
680	9492
3691	9493
5437	9494
5071	9495
2731	9496
6495	9497
2648	9498
6843	9499
2083	9500
6987	9501
1165	9502
7619	9503
7812	9504
1503	9505
2543	9506
1644	9507
17	9508
668	9509
4971	9510
4774	9511
5209	9512
1550	9513
2838	9514
6296	9515
4256	9516
329	9517
7432	9518
3777	9519
1489	9520
4220	9521
529	9522
491	9523
161	9524
3478	9525
197	9526
4254	9527
2848	9528
3139	9529
950	9530
935	9531
2616	9532
6405	9533
1427	9534
4622	9535
7547	9536
613	9537
1466	9538
4989	9539
6953	9540
53	9541
369	9542
2495	9543
3907	9544
1117	9545
167	9546
499	9547
6112	9548
245	9549
4617	9550
64	9551
1253	9552
670	9553
6605	9554
1714	9555
1137	9556
4456	9557
1436	9558
1656	9559
7100	9560
672	9561
4378	9562
1374	9563
2925	9564
1415	9565
4474	9566
362	9567
3243	9568
584	9569
1285	9570
1274	9571
4912	9572
3347	9573
7780	9574
4745	9575
7456	9576
216	9577
2028	9578
130	9579
859	9580
1571	9581
919	9582
6143	9583
5518	9584
201	9585
1280	9586
6628	9587
707	9588
356	9589
1403	9590
668	9591
3103	9592
3227	9593
5202	9594
2909	9595
2350	9596
3074	9597
1181	9598
5845	9599
396	9600
3516	9601
4631	9602
7751	9603
1987	9604
282	9605
7774	9606
2587	9607
4949	9608
4670	9609
3416	9610
3887	9611
39	9612
409	9613
1562	9614
28	9615
4765	9616
2091	9617
1055	9618
1253	9619
1305	9620
606	9621
4648	9622
60	9623
3290	9624
1986	9625
3870	9626
2812	9627
530	9628
70	9629
6545	9630
4444	9631
5947	9632
4813	9633
2337	9634
2799	9635
1122	9636
4488	9637
5249	9638
6619	9639
94	9640
5618	9641
3012	9642
812	9643
4492	9644
1112	9645
894	9646
1332	9647
4573	9648
4008	9649
11	9650
99	9651
6323	9652
833	9653
4780	9654
3732	9655
539	9656
5716	9657
1406	9658
4201	9659
1962	9660
525	9661
7406	9662
7239	9663
59	9664
4068	9665
4596	9666
863	9667
7112	9668
1891	9669
375	9670
3024	9671
4002	9672
1722	9673
4338	9674
486	9675
36	9676
1473	9677
5175	9678
2757	9679
7185	9680
6165	9681
155	9682
504	9683
3546	9684
424	9685
5331	9686
1217	9687
729	9688
2575	9689
1661	9690
2888	9691
2589	9692
4027	9693
2893	9694
1552	9695
2272	9696
4491	9697
1575	9698
1423	9699
4941	9700
97	9701
3047	9702
3654	9703
12	9704
6787	9705
7523	9706
4857	9707
334	9708
4773	9709
545	9710
5636	9711
7878	9712
1344	9713
3436	9714
671	9715
1560	9716
127	9717
154	9718
1352	9719
7335	9720
2408	9721
5480	9722
44	9723
7402	9724
4768	9725
5279	9726
4192	9727
5278	9728
1154	9729
6736	9730
805	9731
272	9732
5933	9733
724	9734
7491	9735
7688	9736
210	9737
7875	9738
1171	9739
3464	9740
6537	9741
58	9742
3022	9743
7412	9744
5802	9745
455	9746
4083	9747
6683	9748
3835	9749
72	9750
5986	9751
5990	9752
3200	9753
7720	9754
1032	9755
7019	9756
57	9757
197	9758
4245	9759
129	9760
7490	9761
1186	9762
3197	9763
473	9764
1144	9765
1427	9766
6481	9767
927	9768
48	9769
914	9770
1999	9771
6153	9772
2232	9773
3734	9774
2485	9775
1433	9776
4976	9777
3369	9778
15	9779
3914	9780
2299	9781
7117	9782
2045	9783
479	9784
405	9785
7118	9786
999	9787
1420	9788
958	9789
3553	9790
2965	9791
4528	9792
433	9793
3240	9794
921	9795
3994	9796
7461	9797
6202	9798
6913	9799
880	9800
1497	9801
2219	9802
127	9803
5	9804
7557	9805
3713	9806
7312	9807
7798	9808
1640	9809
1607	9810
5227	9811
4435	9812
2642	9813
7269	9814
4142	9815
4553	9816
5679	9817
5770	9818
1784	9819
7299	9820
218	9821
3460	9822
7179	9823
1494	9824
4981	9825
3400	9826
5981	9827
4659	9828
1113	9829
32	9830
1458	9831
3364	9832
4037	9833
7842	9834
705	9835
1384	9836
146	9837
6133	9838
4162	9839
7203	9840
343	9841
3543	9842
6108	9843
91	9844
7323	9845
106	9846
5374	9847
178	9848
4891	9849
5459	9850
4079	9851
3345	9852
5535	9853
3418	9854
145	9855
3940	9856
3487	9857
4546	9858
1164	9859
1101	9860
7151	9861
908	9862
6088	9863
1659	9864
1927	9865
22	9866
1137	9867
1925	9868
477	9869
552	9870
6452	9871
6791	9872
4583	9873
361	9874
19	9875
137	9876
7773	9877
1243	9878
42	9879
285	9880
976	9881
380	9882
45	9883
357	9884
195	9885
4134	9886
6516	9887
6166	9888
4771	9889
868	9890
8	9891
3904	9892
3335	9893
1417	9894
2945	9895
317	9896
2529	9897
4618	9898
2501	9899
395	9900
5490	9901
7350	9902
1058	9903
1546	9904
162	9905
4020	9906
6448	9907
55	9908
1856	9909
740	9910
5028	9911
5894	9912
7524	9913
991	9914
509	9915
4621	9916
6215	9917
942	9918
1566	9919
918	9920
1781	9921
18	9922
283	9923
74	9924
3723	9925
5425	9926
407	9927
1018	9928
468	9929
7270	9930
695	9931
3507	9932
790	9933
1258	9934
1720	9935
6809	9936
1033	9937
7509	9938
4032	9939
1476	9940
1676	9941
5861	9942
3373	9943
6976	9944
412	9945
647	9946
1224	9947
4318	9948
4369	9949
41	9950
3273	9951
217	9952
7861	9953
484	9954
4966	9955
2917	9956
548	9957
6869	9958
3430	9959
6136	9960
3730	9961
3333	9962
343	9963
343	9964
445	9965
439	9966
2134	9967
1941	9968
1691	9969
5213	9970
1970	9971
4791	9972
5442	9973
4535	9974
2400	9975
1697	9976
1668	9977
95	9978
1185	9979
1375	9980
1205	9981
1497	9982
7583	9983
3351	9984
983	9985
6790	9986
1922	9987
1049	9988
6074	9989
2623	9990
2775	9991
1109	9992
2446	9993
3823	9994
7758	9995
2841	9996
224	9997
747	9998
874	9999
6355	10000
