45	178	15	66.94
1388	14	4	8.62
469	14	5	4.11
143	152	21	113.59
124	468	9	64.28
296	646	3	29.34
101	116	92	68.31
1762	14	3	5.68
829	14	5	8.57
408	106	6	18.55
210	553	8	84.46
119	508	7	41.76
127	120	26	98.33
2179	12	6	18.95
2710	4627	4	78.46
5240	101	3	15.5
436	14	8	11.21
115	152	26	100.24
101	1455	3	6.19
101	1387	3	6.19
111	5819	3	25.5
118	2461	3	21.22
104	3665	3	16.62
253	392	3	24.99
123	173	3	5.74
12	2284	8	36.3
156	141	5	13.51
122	1035	3	18.61
329	241	6	55.44
6148	9	3	32.04
396	205	10	102.16
442	654	4	45.38
104	1652	3	11.63
4808	12	3	9.47
117	1810	3	19.3
102	4736	4	24.38
120	465	7	43.57
120	397	3	12.53
142	1506	9	98.05
180	12	56	111.12
120	517	3	14.03
101	2846	3	9.71
149	173	3	8.83
1494	14	3	4.82
124	141	12	36.24
284	104	6	11.24
711	14	7	14.26
7340	5570	3	68.14
1007	14	6	14.17
154	137	4	7.89
5044	5048	3	63.65
12	1121	11	37.15
101	946	7	21.55
107	821	3	9.37
101	870	5	11.33
2874	12	3	6.93
133	112	9	7.89
113	1154	3	15.4
102	7096	3	22
1326	1178	3	41.79
2480	12	3	5.33
3469	12	3	8.03
106	1321	5	25.03
231	306	5	42.86
102	2252	5	24.5
171	7513	3	42.37
102	4274	3	15.37
2099	14	10	61.01
2142	125	3	23.09
2358	14	4	12.52
4741	102	3	15.37
625	131	3	17.24
159	156	7	29.02
163	547	7	61.94
102	2610	4	18.45
108	625	3	7.94
118	159	10	26.94
118	113	89	362.68
1940	8461	3	59.75
109	439	3	6.67
2252	14	4	12.52
373	105	7	22.29
114	562	24	213.44
754	12	8	14.22
227	106	12	35.83
155	101	71	166.83
262	9	7	38.52
724	668	5	65.07
2541	958	5	82.89
1185	103	3	8.01
104	8955	3	24.84
102	2038	3	10.14
4095	6508	4	89.55
101	613	5	8.01
150	185	3	9.79
4983	12	3	9.47
2340	101	3	8.91
2756	12	6	23.12
1202	985	8	129.98
189	149	4	15.76
337	156	3	16.56
2369	107	3	15.12
104	6286	3	20.37
104	195	11	19.69
104	329	9	26.99
102	1887	3	9.52
101	706	7	17.6
266	170	8	61.31
453	12	9	9.61
2548	12	3	6.06
845	12	8	15.64
181	101	18	19.2
5603	103	3	18.82
12	323	15	20
3171	114	4	31.96
102	6824	3	22
2059	107	3	14.38
172	113	4	5.31
102	747	3	5
694	135	14	135.69
113	369	3	9.03
2274	112	3	18.79
556	12	7	7.16
104	1127	3	9.45
969	101	3	4.53
250	601	3	27.5
111	1778	3	17.2
1378	6893	3	58.1
102	4205	3	15.37
116	705	4	20.57
3504	12	4	13.87
566	105	3	7.02
154	176	3	9.3
3866	12	3	8.03
827	872	3	37.9
796	563	3	34.93
1282	1510	12	235.24
2062	14	3	6.76
101	885	5	11.33
649	14	8	17.25
121	720	5	31.9
114	3207	4	31.96
119	1372	4	27.07
101	529	8	17.95
991	12	4	3.85
174	287	7	54.73
1837	101	3	7.62
3282	165	4	45.83
101	1351	3	5.8
3979	2509	3	52.87
120	1186	4	27.27
102	5147	3	17.55
125	3388	3	26.97
1855	14	3	6.19
152	164	4	12.97
3153	12	3	6.93
2219	264	4	50.75
112	384	9	45.13
102	303	14	39.39
113	682	3	12.52
146	277	3	14.11
39	994	4	25.22
7792	12	3	15.91
645	103	3	5.07
1444	129	4	31.7
195	2422	3	32.7
995	164	3	24.89
1301	725	15	281.28
2630	14	5	20.21
153	190	3	10.51
101	1344	3	5.8
5181	101	3	15.5
112	148	7	7
103	631	3	5.07
123	142	26	119.98
115	483	12	81.35
2496	565	4	58.08
430	106	5	14.14
1914	12	3	4.19
3632	1581	4	70.87
131	152	4	7.1
832	102	3	5.46
126	604	4	23.95
8870	14	3	18.3
102	6176	4	29.33
101	2696	3	9.71
105	152	12	10.52
2807	107	3	15.97
104	924	3	8.48
332	12	9	5.65
1255	12	4	4.97
4169	264	4	58.1
101	201	67	287.87
6918	105	3	26.19
101	153	202	947.89
101	319	7	7.71
1297	235	3	31.34
101	2953	3	10.66
668	14	23	118.1
1653	14	3	5.68
7462	559	3	52.73
1512	14	5	13.96
1783	113	5	36.73
672	757	3	35.73
710	102	3	4.59
3872	14	3	10.28
406	258	8	84.13
166	12	46	52.38
153	3826	4	44.1
6664	1654	3	59.15
871	103	3	6.8
1704	12	4	7.11
780	334	13	185.57
162	858	3	23.22
1334	103	3	8.76
507	12	13	25.22
1558	12	4	6.48
188	150	5	21.96
113	102	66	36.6
4335	1352	3	50.9
103	376	6	12.14
237	770	3	28.34
567	141	3	17.74
102	690	20	116.16
138	102	18	3.96
116	2304	3	20.61
107	984	5	22.49
101	831	9	30.97
2863	12	3	6.06
123	3642	4	39.07
8965	12	3	15.91
1023	103	4	12.55
12	1219	8	21.42
104	412	3	4.25
104	352	4	6.59
2178	1389	5	83.85
7843	2198	3	60.43
106	445	4	9.81
133	272	3	12.13
906	14	4	5.94
618	104	3	6.2
2242	14	3	7.43
101	916	3	4.27
103	197	10	13.08
1988	14	3	6.76
426	4312	4	62.94
102	945	17	107.94
8168	12	3	15.91
502	110	3	8.5
109	101	423	859.33
102	2159	4	16.18
950	122	3	17.94
145	149	8	28.16
102	886	19	126.26
463	12	8	7.08
102	962	3	6.25
112	805	3	12.62
141	2763	3	26.97
1113	412	13	204.7
784	3653	3	46.51
8234	12	3	15.91
452	105	6	19.14
2296	185	3	31.91
167	101	13	4.34
118	540	3	12.6
282	2793	4	53.04
226	1482	3	31.53
107	3259	5	35.72
3100	812	4	64.13
109	143	38	113.17
396	702	3	31.88
121	220	13	72.49
154	145	4	9.46
326	584	12	157.74
110	289	6	18.17
104	399	5	11.29
407	131	3	14.7
120	956	10	86.76
165	6994	3	41.52
107	852	3	9.37
434	12	7	4.4
1100	101	4	8.97
113	1233	3	15.79
802	12	14	44.79
305	106	4	7.11
199	101	40	119.7
106	176	23	70.89
134	2758	7	79.47
104	3128	4	23.66
157	106	17	28.01
2797	12	3	6.06
1110	9	5	40.37
107	4294	4	30.26
148	225	13	92.2
216	14	25	45.5
197	1822	3	31.6
117	204	17	86.79
104	324	7	17.11
4675	102	5	36.66
1366	563	3	37.72
117	1602	4	26.86
141	156	5	13.51
148	1505	5	47
1917	128	3	23.43
1155	102	4	11.45
207	112	5	11.06
567	12	6	4.74
188	106	12	27.25
106	3176	3	16.86
232	8	5	22.37
152	134	3	4.1
2978	12	4	12.09
2347	691	5	77.72
984	377	4	47.47
1216	12	5	8.25
115	131	50	220.89
747	107	3	8.86
1688	14	3	5.68
1792	7043	3	59.75
1976	104	5	26.44
504	102	5	9.26
112	502	4	15.53
652	102	4	7.61
45	310	3	9.87
3837	14	3	10.28
858	190	3	26.46
111	5005	3	25.5
107	383	4	8.94
4578	519	5	87.26
111	3087	6	54.26
101	111	64	4.49
225	110	5	10.1
120	134	6	7.82
696	170	3	23.41
104	656	4	10.93
104	716	5	16.62
3285	12	3	6.93
2360	12	4	9.58
104	971	8	40.74
1943	12	6	17.4
104	1090	5	20.55
1321	12	4	5.43
2729	14	3	8.2
367	102	4	3.95
112	1367	3	15.31
107	190	6	7.07
356	14	6	4.02
683	215	4	38.02
102	1214	9	44.43
781	14	5	8.17
6440	3962	3	59.83
156	338	3	16.56
389	14	8	9.99
112	104	74	84.06
101	1177	5	13.49
101	1253	3	5.44
104	7797	3	24.84
102	9266	3	22
2876	103	3	13.88
141	1084	7	63.65
102	2894	7	51.33
108	419	3	5.8
519	103	4	7.45
3212	12	4	12.09
1100	110	5	27.26
199	110	5	8.11
305	105	6	14.76
2928	241	7	108.94
101	2142	8	43.28
101	2353	3	8.91
1199	208	3	29.74
1527	107	3	12.63
39	3130	3	23.96
540	107	10	47.52
171	104	7	4.68
2211	262	7	101
116	674	7	44.01
1673	107	3	13.15
110	116	31	37.5
5708	3060	3	58.58
151	118	7	11.52
141	392	4	23.04
709	107	4	13.45
101	1624	4	11.18
102	1102	8	35.62
317	379	3	26.74
8	3396	3	28.11
391	170	4	28.87
1246	12	4	4.97
194	275	10	90.84
104	4158	5	41.4
452	106	5	14.37
122	13	3	9.69
694	106	3	8.3
4809	12	3	9.47
1208	1161	6	93.73
534	122	3	14.64
542	14	6	7.93
616	2432	3	41.68
319	104	4	5.86
101	3168	3	10.66
691	14	5	6.76
1676	14	3	5.68
9019	102	3	22
104	1491	8	47.33
899	367	5	61.18
107	4351	4	30.26
117	213	10	41.78
142	1777	6	60.86
104	211	9	15.75
101	749	9	29.13
175	12	31	23.28
1159	12	6	11.36
114	1188	15	143.42
102	2054	3	10.14
157	105	13	15.43
2041	12	3	4.72
246	103	5	4.1
7389	12	3	15.91
715	119	3	14.39
111	273	5	15.11
220	619	6	61.7
105	347	42	316.64
102	3853	4	21.79
1002	14	7	18.86
157	806	3	21.79
104	2450	4	20.92
1723	111	4	24.82
670	127	3	17.43
689	218	4	38.34
165	225	3	15.13
7936	102	3	22
1083	1917	4	61.07
115	137	22	64.88
1178	14	4	7.11
3009	102	3	12.64
177	176	3	12.65
1313	101	3	5.8
3828	12	3	8.03
2234	101	4	14.57
111	1552	8	62.74
250	330	24	307.55
104	1744	4	18.1
119	185	8	26.54
1195	101	7	25.23
3722	12	3	8.03
984	185	6	63.15
897	14	4	5.6
2982	107	4	25.75
1328	14	3	4.45
3170	14	3	9.13
2249	14	4	12.52
112	107	34	15.55
2194	114	3	18.97
101	1266	5	14.14
124	128	6	8.73
104	2297	3	13.58
554	326	4	41.38
1291	114	3	16.23
879	102	3	5.7
107	195	6	7.35
116	169	6	12.76
774	12	9	18.17
120	533	4	21.3
1835	12	8	29.98
102	6130	3	17.55
102	4107	4	24.38
4542	3070	4	79.99
382	12	15	25.38
111	375	3	8.15
3383	232	4	54.1
105	297	14	57.27
5359	12	3	11.56
379	1136	3	34.49
440	12	8	6.78
4097	146	3	31.76
1881	112	3	17.38
149	155	8	30.78
105	311	4	7.08
346	173	3	19.51
1293	14	3	4.45
102	4120	5	36.66
6130	4747	3	61.41
196	107	74	488.01
1258	833	3	39.68
5987	941	3	51.24
339	14	8	8.19
111	1248	3	14.72
101	1335	3	5.8
2528	12	3	6.06
1400	12	4	5.93
1096	103	4	12.55
430	105	3	5.57
128	259	51	521.73
335	103	8	18.69
115	176	6	13.52
1247	101	4	9.45
3646	104	6	49.69
105	1336	3	11.48
107	4006	4	27.65
116	470	3	11.36
138	4639	3	30.19
1063	14	4	6.69
106	2484	4	22.86
8301	295	3	48.62
2451	175	4	44.3
1802	1579	3	45.71
153	150	6	18.92
101	144	31	20.4
165	332	6	45.55
706	12	6	6.66
1975	232	3	33.39
106	703	4	13.32
2354	12	3	5.33
673	122	6	41.03
1942	237	5	62.31
106	131	45	110.44
138	161	3	5.88
107	1044	3	10.58
101	826	5	10.88
621	14	7	12.79
137	131	12	38.34
2854	14	5	20.21
498	102	6	13.11
156	947	3	22.62
104	3887	3	16.62
103	441	7	18.25
1596	14	4	9.23
102	731	3	4.79
172	127	3	6.69
610	102	3	3.89
317	118	5	20.79
111	5272	3	25.5
142	1021	4	31.63
8838	7266	3	72.64
12	134	53	13.07
340	142	5	30.37
198	119	3	5.77
104	1578	4	17.36
132	105	13	6.59
2068	12	4	8.63
102	2579	5	26.23
3308	12	3	6.93
104	1323	11	73.84
109	110	34	12.44
120	1756	3	20.86
163	580	7	62.92
176	120	4	8.92
258	12	14	9.95
1015	104	3	8.78
103	338	8	18.97
136	738	7	56.47
4317	14	3	11.77
107	2072	8	60.53
742	1059	4	53.51
6115	1007	3	51.57
982	104	3	8.78
3546	102	3	13.83
102	1646	7	35.29
148	2882	3	29.01
101	977	3	4.53
5401	14	3	13.9
134	110	10	6.95
147	732	4	29.46
1114	126	5	38.69
130	520	3	16.05
104	551	3	5.7
226	12	27	40.29
121	132	16	47.32
8793	7052	3	72.64
123	963	4	27.23
161	104	16	23.23
122	286	9	52.08
2779	107	5	33.54
102	750	4	8.74
5049	14	3	13.9
12	212	64	201.76
619	203	5	47.74
132	120	7	10.54
12	314	50	216.25
577	101	5	7.73
101	3338	3	10.66
1917	12	3	4.19
292	165	3	17.52
4188	1730	5	99.66
102	2532	7	45.35
1758	1088	4	60.21
5858	12	3	11.56
1886	12	3	4.19
411	243	3	24.74
1094	104	3	9.1
4247	14	3	11.77
102	1829	5	21.81
114	1595	3	17.18
1785	101	4	12.66
1114	12	5	7.68
185	12	17	3.88
334	108	6	16.69
141	544	12	107.26
1065	12	5	7.15
102	2143	6	30.74
416	107	3	5.65
1411	107	8	51.52
167	130	3	6.32
683	2068	3	41.59
101	1722	5	17.42
468	118	3	11.94
790	120	8	61.89
247	101	25	68.16
102	497	8	21.97
102	421	40	271.96
103	827	3	6.54
416	668	16	240.6
115	347	3	9.45
2203	246	4	48.84
228	297	4	31.95
6192	12	3	11.56
8058	12	3	15.91
277	101	21	58.9
403	235	3	24.33
174	124	3	5.98
649	16	3	20.7
4348	938	3	49.01
105	137	44	110.99
101	4923	3	13.34
102	3679	3	13.83
2108	107	3	14.38
122	3184	3	25.2
111	306	21	133.01
153	278	9	63.56
129	3548	3	28
102	1522	6	26.41
378	134	30	306.54
9	101	39	23.51
2714	12	3	6.06
3768	117	3	23.82
1846	12	3	4.19
101	138	312	1595.81
223	112	3	4.64
1480	12	4	5.93
361	12	9	6.59
107	1172	5	23.75
107	1256	3	11.31
2295	254	4	50.54
115	297	3	8.46
763	7167	3	54.56
101	3852	3	11.83
102	5036	4	29.33
298	180	3	19.22
105	1155	4	16.7
108	197	10	22.2
152	234	3	12.63
103	2247	3	12.07
177	145	6	25.37
114	8632	3	31.11
2592	1928	4	69.05
232	14	14	14.75
115	260	4	11.72
102	258	25	87.57
4582	5964	3	61.41
141	2576	3	26.97
2573	12	6	23.12
555	110	13	81.04
7171	12	3	15.91
108	115	227	989.66
4489	606	5	88.93
142	1192	11	119.64
205	103	6	4.05
2538	12	4	10.71
408	105	3	5.33
4394	105	3	19.51
1248	14	5	11.7
106	665	9	44.3
342	102	5	6.03
7836	14	3	18.3
105	2658	4	23.93
2183	102	5	23.06
545	1752	3	39.04
102	1487	4	13.1
1130	14	4	7.11
201	14	17	16.22
284	107	9	27.86
2319	14	5	18.53
124	156	15	60.95
528	175	4	32.07
107	150	23	44.38
102	1230	3	7.23
102	1282	11	63.48
107	250	5	8.38
779	1484	8	129.18
2389	12	3	5.33
116	170	19	82.17
8063	7901	3	72.64
148	932	3	21.71
105	176	23	69.95
346	142	6	38.97
2789	1619	3	48.01
707	105	3	8.18
163	876	4	34.38
109	705	3	9.36
7863	103	3	23.27
156	322	3	16.12
124	1422	3	20.72
4636	14	3	11.77
1049	14	4	6.69
264	503	5	49.96
3673	118	3	24.34
117	1363	3	17.21
642	14	7	12.79
102	4423	4	24.38
191	952	14	181.93
109	199	5	6.67
653	102	5	11.58
109	130	121	587.89
2121	12	3	4.72
1000	12	7	13.87
178	281	8	65.03
106	1174	3	10.83
3700	412	3	42.42
103	242	8	11.95
224	110	11	38.19
101	883	4	7.37
114	1518	4	25.54
1028	12	6	10.66
252	200	7	57
591	170	5	42.65
261	166	40	454.98
220	563	5	48.65
185	141	3	8.8
104	6602	3	24.84
104	383	7	19.69
745	14	8	19.81
117	271	7	30.24
2509	107	3	15.12
345	14	6	3.87
168	208	3	14.56
5525	5828	4	94.56
120	715	4	23.55
3445	101	3	11.83
157	120	5	8.94
1741	101	3	7.09
331	117	7	33.48
638	103	3	5.07
227	105	6	10.12
122	200	4	12.02
373	106	5	12.87
2214	12	3	5.33
161	148	4	11.81
105	1700	6	35.9
4210	3430	4	81.91
127	618	4	24.77
102	2492	7	41.9
182	110	6	9.26
126	462	4	21.56
141	257	3	12.32
195	1583	5	56.34
3241	12	4	12.09
1263	12	4	4.97
104	1490	4	16.69
4642	235	3	39.61
107	1653	11	90.08
145	398	5	32.55
910	1062	16	301.29
6127	107	3	21.95
137	118	15	36.89
509	1986	3	39.95
1066	104	4	14.5
141	5751	3	33.04
112	1634	3	16.25
824	102	5	13.96
106	118	35	34.66
488	1128	3	35.98
164	454	5	39.03
121	363	4	18.19
3030	12	3	6.93
1922	12	8	29.98
130	120	5	4.89
130	174	3	6.98
1739	203	3	31.31
102	3595	3	13.83
154	207	5	24.7
1062	12	4	4.19
116	673	3	13.41
718	102	8	27.5
1520	14	3	5.23
3490	14	3	10.28
102	1103	5	16.69
102	1035	6	21.7
1661	14	4	9.9
848	107	3	9.37
2773	14	3	8.2
103	127	25	16.26
558	14	6	8.24
2408	14	3	7.43
203	105	5	5.27
12	472	30	121.21
2	184	3	8.58
159	270	5	31.08
12	368	42	183.69
2454	12	5	14.74
1283	476	4	51.59
609	105	5	17.26
204	2808	4	48.74
1747	12	4	7.11
329	285	5	47.07
102	440	8	19.9
101	1267	4	9.45
578	173	15	170
8709	104	3	24.84
1174	102	3	6.88
107	3707	4	27.65
102	4751	4	24.38
116	168	114	976.8
3338	14	3	9.13
147	336	17	151.88
428	847	4	47.28
105	102	133	57.08
1205	102	3	7.23
169	180	4	19.2
985	14	7	18.86
267	159	3	15.29
45	415	3	11.7
2483	12	3	5.33
3416	12	3	8.03
124	129	7	11.94
2196	103	3	11.35
111	4919	3	23.28
45	163	12	41.83
6927	101	3	19.92
112	1324	3	15.31
101	6355	3	15.5
105	4779	3	19.51
1818	12	3	4.19
101	169	17	11.61
1346	14	4	8.07
120	278	9	50.2
735	111	3	11.94
623	135	7	53.69
135	113	10	12.9
101	3118	4	17.23
105	348	5	11.93
108	113	127	362.32
111	5766	3	25.5
140	115	10	15.95
108	155	9	6.43
794	12	13	38.92
2958	101	5	24.98
102	8932	3	22
149	1271	4	33.47
103	898	3	7.08
200	113	4	7.74
1938	14	3	6.19
941	14	8	23.05
1088	107	3	10.58
102	1388	12	76.63
294	14	16	30.79
4902	102	5	36.66
3254	14	5	22.32
104	2605	5	30.92
211	308	3	21.46
105	395	5	13.07
3742	12	4	13.87
1050	103	3	7.68
260	124	5	21.97
105	312	3	3.9
310	101	19	55.02
121	787	3	16.64
5172	12	3	11.56
1517	105	4	19.1
365	120	5	25.17
465	194	3	22.99
4927	107	5	44.05
5848	107	3	21.95
230	857	3	28.63
101	514	4	3.97
2040	14	4	11.52
102	1313	4	12.5
107	282	8	22.7
1067	102	3	6.55
106	1094	3	10.48
6648	6736	3	72.64
102	371	13	41.08
118	2171	5	40.57
112	150	7	7.09
136	180	5	18.08
3997	14	3	10.28
2318	14	3	7.43
162	106	16	29.89
4417	237	3	39.68
12	955	9	21.82
1539	12	5	10.37
2368	12	4	9.58
3293	12	3	6.93
113	490	3	10.64
115	937	4	22.69
103	270	5	5.48
3420	106	3	18.08
109	238	6	12.73
842	123	5	34.9
5057	5098	4	94.56
110	130	18	26.79
381	556	12	161.57
531	14	8	14.23
940	116	3	15.27
5141	5165	3	63.65
104	350	10	33.26
104	6511	3	20.37
101	2369	6	28.62
9264	1686	3	59.15
1189	389	3	35.03
112	1938	3	17.38
2118	12	6	18.95
111	2260	3	18.61
39	105	20	8.76
102	1827	3	9.52
106	277	9	27.31
3204	12	4	12.09
157	148	3	6.34
241	12	12	4.81
194	1131	3	28.27
6420	1897	3	55.25
368	106	3	4.9
101	825	5	10.88
1516	209	7	87.86
381	14	6	4.68
104	247	22	87.67
120	618	7	47.62
153	715	3	20.26
1031	1519	3	42.38
12	265	75	398.12
308	2840	3	38.24
234	111	28	168.89
12	135	326	1238.68
1463	14	3	4.82
744	14	4	4.72
636	107	8	36.84
161	120	4	6.88
524	560	4	45.82
275	12	14	13
6842	105	3	26.19
498	103	3	4
1951	12	4	7.82
102	732	9	34.16
102	628	7	20.41
792	14	5	8.17
736	114	5	27.07
624	145	3	19.07
107	4561	5	44.05
1487	114	3	16.69
566	107	16	97.06
978	12	7	13.87
1008	2289	3	44.61
2170	978	3	43.85
830	112	3	12.89
133	316	4	19.82
2171	12	6	18.95
230	546	4	37.21
107	668	3	8.18
1519	101	4	11.18
947	12	5	6.22
113	483	3	10.64
102	1065	8	34.45
288	12	10	5.08
148	6159	3	34.06
1369	102	3	7.61
104	1309	3	10.21
842	102	3	5.46
107	5401	3	21.95
369	156	4	25.07
329	4615	3	42.63
719	14	10	27.92
152	743	3	20.45
12	313	20	36.23
220	1478	5	58.12
103	569	3	4.57
137	207	4	15.37
1048	12	6	10.66
102	6818	3	22
102	597	3	3.89
102	673	7	21.46
782	115	4	21.48
2835	122	4	35.26
4635	12	3	9.47
101	1918	7	32.37
107	1771	3	13.15
2522	101	3	9.71
1083	12	6	10.66
1362	126	3	20.58
189	105	6	6.53
1929	235	3	33.45
7345	103	3	23.27
424	103	6	13.34
7569	12	3	15.91
285	235	4	31.7
101	644	7	16.06
1613	1313	3	43.59
120	667	5	31.05
245	367	6	57.19
117	291	6	25.16
121	461	6	35.08
107	411	3	5.53
107	351	3	4.69
191	5858	3	39.46
101	269	11	15.99
1017	102	3	6.25
101	186	19	23.28
9	14	104	180.09
45	267	14	83.94
138	688	3	18.18
143	102	17	5.58
45	192	5	13.71
273	103	6	8.55
101	3088	3	10.66
2684	126	4	36.3
105	386	27	172.36
4282	4942	3	59.18
127	1610	4	32.2
12	2045	7	25.35
104	684	4	11.21
102	3119	3	12.64
243	103	6	6.37
142	388	16	143.8
7343	126	3	35.52
8024	976	3	56.07
232	101	8	5.06
102	243	24	77.43
363	1055	3	33.73
1535	175	3	28.45
999	14	4	6.3
274	186	3	19.02
533	104	3	5.54
324	371	5	50.02
1434	12	5	9.59
119	101	44	5.4
1188	101	4	8.97
1863	12	3	4.19
104	939	3	8.48
104	983	7	33.35
116	268	5	17.69
101	387	8	13.12
102	1318	5	18.08
139	133	7	15.82
115	1108	3	16.2
225	423	3	24.35
1244	102	5	17.36
846	111	6	34.42
674	104	4	11.21
101	2836	3	9.71
102	3982	4	21.79
1095	103	3	7.68
423	105	3	5.45
4259	349	5	83.04
45	430	4	18.08
1399	12	5	9.59
7798	122	3	34.74
297	112	3	6.92
6599	232	3	46.27
101	372	7	9.63
123	183	14	71.42
156	203	4	18.16
1383	1649	6	101.21
586	6098	3	48.43
5069	105	3	21.72
1364	12	4	5.43
119	143	11	25.04
2991	1498	5	89.34
222	45	3	7.13
162	133	5	13.79
1298	14	3	4.45
148	1695	4	36.18
3631	166	3	33.3
142	542	4	26.37
104	8189	3	24.84
7006	4893	3	65.91
108	182	5	3.96
140	156	29	174.59
122	2641	3	24.19
101	3804	5	27.88
102	2954	5	28.39
140	255	3	11.84
109	4408	4	31.66
146	176	4	13.97
102	318	27	119.56
102	216	15	28.8
111	3715	4	32.37
6151	12	3	11.56
101	124	49	30.06
107	400	3	5.42
142	1193	4	32.7
111	156	10	17.42
300	107	5	10.83
104	3009	6	43.98
124	1085	3	19.07
106	236	5	7.38
1614	102	3	8.47
117	270	3	7.98
525	106	5	16.21
104	339	4	6.33
672	122	11	91.12
104	1613	4	17.36
12	105	213	6.49
580	1139	3	37.09
107	1854	4	20.99
102	766	5	13.08
111	3325	3	20.48
2489	14	3	7.43
429	123	4	20.51
113	131	13	21.28
137	236	3	10.97
136	759	4	27.6
102	901	6	20.29
105	3297	3	16.73
102	1080	12	65.4
1812	14	3	6.19
238	131	3	10.57
123	692	3	16.56
7049	565	3	52.73
126	132	72	464.93
102	4364	3	15.37
1796	146	3	25.62
101	2323	3	8.91
1969	12	5	12.24
230	383	4	34.24
111	4224	3	23.28
470	255	5	49.12
1249	141	3	22.15
101	936	4	7.73
349	102	6	9.18
147	2506	4	39.03
953	12	5	6.22
173	110	5	5.23
102	404	17	66.47
101	1303	5	14.85
102	574	22	122.15
445	112	3	9.2
1909	12	4	7.82
124	142	11	32.91
116	2983	3	22.49
124	257	6	28.4
102	1224	4	11.96
1291	12	4	5.43
655	115	3	13.08
2161	12	6	18.95
582	103	8	27.63
104	1040	4	14.5
115	6149	3	27.42
121	604	5	30.35
111	392	27	208.23
102	4152	3	15.37
1056	166	14	175.94
920	104	3	8.48
107	4878	3	19.75
2444	14	4	12.52
104	2433	4	20.92
101	117	123	146.84
2266	12	3	5.33
1317	174	5	51.77
103	1001	3	7.37
1106	12	6	11.36
179	134	3	7.55
8	6148	3	31.92
396	399	3	28.44
250	466	3	25.86
12	607	11	21.69
8473	6833	3	72.64
1025	262	3	31
1710	111	4	24.82
2998	14	3	9.13
122	3004	4	36.78
107	5642	3	21.95
1594	12	5	10.37
3452	12	6	31.82
101	3289	3	10.66
102	4478	3	15.37
12	307	17	24.93
104	1610	3	11.12
3148	103	3	13.88
506	12	7	5.9
118	1587	5	37.14
102	3278	3	12.64
138	3082	3	27.37
115	3208	3	22.39
125	243	3	9.71
101	734	14	59.51
2969	14	3	9.13
3842	4354	5	110.56
106	348	5	12.13
117	451	13	88.33
1821	12	3	4.19
110	101	371	788.96
12	1120	6	11.36
4537	122	4	41.33
104	449	3	4.6
1281	1247	4	59.17
606	8	5	33.8
192	226	4	25.74
159	321	7	51.44
2706	12	3	6.06
2	101	67	108.05
573	152	5	36.93
111	5561	3	25.5
112	727	3	12.11
39	1399	6	47.95
113	445	3	10.05
104	1126	5	21.19
179	4322	3	36.15
103	321	4	4.28
103	155	13	6.45
3762	12	3	8.03
1422	12	5	9.59
4598	3755	3	57.6
213	103	6	4.61
102	867	6	19.65
270	122	3	10.38
106	395	4	8.97
1389	12	5	9.59
2565	12	5	16.37
191	5530	3	39.46
1286	102	5	18.08
110	143	17	31.21
351	175	5	38.01
1499	104	4	16.69
2145	14	3	6.76
1148	102	5	16.69
2047	14	3	6.76
117	225	8	31.77
255	123	4	15.48
121	516	4	21.1
2167	107	3	14.38
189	106	15	40.28
104	5153	3	20.37
459	942	5	63.33
113	7713	3	31.08
570	12	11	20.23
150	170	22	150.04
971	939	3	39.16
113	122	10	8.29
123	897	4	26.35
102	612	13	55.17
666	105	4	12.57
155	144	3	5.82
562	131	3	16.64
209	14	25	43.74
1610	14	3	5.23
2120	111	5	36.19
476	102	8	21.1
146	131	4	6.83
1832	107	4	20.99
142	453	4	24.77
1036	12	5	7.15
2098	12	3	4.72
370	101	7	9.63
85	117	4	4.52
328	120	3	11.35
300	263	3	23.33
12	1938	3	4.19
170	119	13	49.6
104	737	3	7.2
153	134	3	4.14
104	685	11	55.12
193	1485	3	29.52
3295	111	3	20.48
105	2689	3	15.73
107	552	6	22.23
5081	2528	4	83.47
117	8347	3	32.11
6550	420	3	50.88
627	240	3	27.28
101	454	5	5.64
101	530	5	6.95
1615	107	4	19.41
1443	14	4	8.62
104	2162	5	27.7
104	2333	5	29.17
788	14	4	4.99
105	277	6	13.38
854	12	7	11.8
4409	359	3	43.22
111	1265	5	30.26
2251	12	5	14.74
162	120	6	14.58
117	1762	4	27.62
1944	12	3	4.19
210	142	15	103.68
1307	105	3	11.48
2584	14	3	8.2
1356	16	3	24.72
101	1146	7	24.2
107	7589	3	26.43
753	14	4	4.72
2460	550	8	135.19
101	3020	3	10.66
1215	126	4	29.44
204	1583	3	30.81
101	202	38	110.82
810	1995	8	139.17
125	779	3	17.57
1846	114	3	18.31
1790	14	3	6.19
101	6465	3	15.5
104	2463	3	13.58
433	14	6	5.65
102	286	10	20.09
2165	111	4	26.61
6269	14	3	13.9
146	152	5	13.8
105	1170	4	16.7
1269	12	4	4.97
572	103	3	4.57
2550	101	7	40.54
162	105	29	84.76
832	103	3	6.54
105	1427	3	11.92
1167	12	5	7.68
152	546	3	18.72
468	103	5	10.58
3266	3206	3	53.52
867	1628	4	58.06
1787	85	3	27.67
136	175	7	28.37
3889	14	3	10.28
12	2229	3	5.33
1668	14	3	5.68
107	6437	3	21.95
3753	385	4	59.56
141	1629	8	82.9
105	325	6	15.53
118	1726	3	19.21
2018	12	3	4.72
102	6177	4	29.33
111	544	7	36.23
1553	9	6	55.19
1121	105	3	10.7
4801	12	3	9.47
101	9085	3	19.92
12	1864	3	4.19
116	201	7	22.67
411	361	4	39.89
493	12	11	17.68
906	101	3	4.27
305	149	3	14.92
957	232	4	41.74
633	187	9	95.45
114	1550	3	17.18
103	5767	3	18.82
104	487	31	224.35
1186	14	4	7.11
110	269	9	32.61
755	104	6	23.27
128	5632	3	31.79
114	3843	3	22.83
163	516	4	29.98
4705	102	3	15.37
159	114	5	5.59
102	2158	5	23.06
786	104	4	12.48
2127	14	3	6.76
4109	101	3	13.34
5064	5157	4	94.56
875	101	4	7.37
129	305	3	12.75
1689	12	6	16.06
145	106	31	72.27
101	1859	3	7.62
4211	4390	5	115.96
3224	203	3	35.24
125	1284	4	29.7
103	527	5	11.61
2759	12	3	6.06
1006	103	4	12.1
544	1305	9	139.29
841	702	4	51.37
156	2155	3	27.28
746	1763	3	41.06
141	306	3	13.94
130	133	17	63.37
4063	14	3	11.77
102	3236	3	12.64
1781	119	3	19.97
6985	101	3	19.92
329	1721	10	155.1
1872	12	4	7.82
3714	12	4	13.87
101	832	5	10.88
368	105	8	27.29
117	254	12	61.89
255	261	3	21.76
490	1012	4	49.66
2658	12	3	6.06
114	4050	3	24.4
104	205	20	62.83
2935	101	3	10.66
3634	12	4	13.87
4830	122	3	28.02
536	166	8	74.12
607	118	5	27.57
202	128	3	8.92
2124	123	4	33.28
951	14	6	13.53
1543	1078	3	42.38
123	1779	4	32.32
1146	107	5	23.75
189	133	6	24.46
105	3484	4	27.33
2023	107	3	14.38
103	360	5	8.16
129	405	3	14.45
248	225	8	70.73
113	260	11	51.34
129	575	19	187.38
103	480	4	7.06
1285	14	3	4.45
302	14	13	20.77
118	115	82	342.47
2061	103	4	17.82
12	181	124	524.06
104	1597	5	24.34
132	149	3	3.86
5266	7278	3	68.14
6892	101	3	19.92
12	39	347	865.96
286	101	16	36.86
425	110	5	17.39
369	290	3	25.88
1513	12	4	6.48
104	1168	5	21.19
3499	12	4	13.87
5488	1254	3	52.7
102	1096	7	27.84
1885	107	7	47.35
1071	14	4	6.69
103	114	36	6.25
1630	111	3	16.08
988	1867	3	43.18
107	851	7	34.52
2034	14	4	11.52
107	639	3	7.78
1089	102	4	10.98
1172	114	4	23.08
1641	389	3	36.97
102	3592	4	21.79
1527	165	6	65.2
1127	9	9	86.25
154	146	5	14.15
549	12	11	19.55
6356	12	3	11.56
104	504	29	205.12
104	2255	4	20.92
45	414	5	24.4
201	117	3	5.25
2375	12	3	5.33
124	140	4	4.12
102	1299	4	12.5
101	356	8	11.99
1026	12	4	4.19
356	101	8	11.99
242	110	10	34.57
2403	3721	3	52.87
293	1501	3	33.98
4924	598	5	88.93
105	161	30	89.16
12	993	5	6.67
113	2192	4	28.06
119	333	4	15.64
2492	14	3	7.43
102	2895	4	19.92
609	106	7	29.41
115	447	4	16.69
2111	12	3	4.72
2602	832	4	62.6
125	1647	5	42.54
101	1328	8	32.92
115	277	3	7.95
1034	237	3	30.2
343	106	9	32.15
4832	12	3	9.47
101	1373	3	6.19
261	3542	3	38.9
101	1433	8	34.46
142	491	10	84.34
177	118	5	10.81
4196	107	3	19.75
990	104	7	33.35
2743	14	3	8.2
102	5172	3	17.55
153	164	5	18.42
371	14	7	6.8
1498	295	4	48.15
102	3915	6	44
105	353	3	4.6
123	1265	3	19.65
45	309	3	9.87
1339	1572	10	184.92
251	12	22	30.58
2241	12	8	36.3
397	112	3	8.67
104	2511	5	30.92
102	1470	10	56.79
271	165	3	16.97
1958	12	3	4.19
4986	14	3	11.77
846	114	14	116.57
147	271	5	28.57
105	104	72	20.54
102	4106	3	15.37
101	495	6	9.62
107	194	9	16.85
102	1150	10	50.66
3447	101	3	11.83
5922	12	3	11.56
1328	12	5	8.89
141	2191	5	48.75
102	442	18	76.99
389	239	4	34.96
2088	104	4	19.85
108	407	4	9.62
2838	14	3	8.2
605	14	6	8.91
108	238	4	4.87
102	5177	3	17.55
107	6138	3	21.95
166	3125	5	61.03
2084	12	3	4.72
106	1969	5	28.87
3726	103	3	15.08
115	134	6	4.47
123	408	4	20.13
416	1043	11	164.82
112	490	3	9.79
1122	117	4	24.39
728	101	4	6.13
3292	12	6	26.23
8435	12	3	15.91
2763	246	5	67.35
2119	12	4	8.63
4702	12	3	9.47
102	1467	4	13.1
107	379	8	28.56
190	428	3	22.4
739	412	15	224.82
117	2505	4	30.5
864	104	14	89.46
1570	102	3	8.47
116	496	5	24.65
117	766	12	95.4
102	3910	3	13.83
1066	102	4	10.98
252	575	3	27.17
175	14	28	32.52
4957	8795	3	65.91
103	1193	4	13.54
4098	145	5	63.81
101	2606	3	9.71
107	2380	3	15.12
117	216	13	61.78
4292	12	3	9.47
116	856	4	22
2819	12	5	16.37
309	101	23	76.56
104	210	6	6.61
4257	12	3	9.47
562	105	4	11.52
1379	110	5	29.55
107	1731	4	20.16
113	250	3	6.3
3888	111	3	21.71
8365	102	3	22
1246	14	4	7.57
167	113	17	63.26
1093	101	4	8.53
111	1860	7	55.62
109	155	86	444.85
192	101	46	141.39
163	488	8	71.17
104	1277	13	95.97
101	4270	3	13.34
154	149	3	5.85
110	115	28	28.93
3460	126	4	39.75
101	931	4	7.73
1277	14	4	8.07
295	14	10	11.27
106	486	4	10.58
718	104	5	16.62
106	538	7	27.53
406	3488	3	42.28
736	111	3	11.94
4102	14	4	19.5
110	197	7	15.08
138	2720	3	26.35
3450	2256	3	52.87
512	104	3	5.39
121	195	3	6.65
1347	14	3	4.45
111	1048	3	13.97
105	718	10	53.09
121	329	3	11.38
362	270	3	25.21
102	1705	3	8.97
12	2675	4	10.71
103	268	7	11.1
473	7865	3	51.65
179	1072	4	38.15
145	297	7	45.85
102	1052	4	10.98
39	1440	8	70.3
1613	241	5	60.38
109	113	66	125.37
3138	14	3	9.13
432	786	3	33.22
118	439	7	38.62
3334	107	6	47.15
203	145	4	16.62
151	133	3	3.96
142	1022	11	115.47
102	2580	4	18.45
708	218	3	27.12
621	12	8	11.34
210	4304	3	38.5
113	307	3	7.9
2453	12	3	5.33
1035	345	9	125.29
122	239	3	9.15
106	279	6	13.62
6815	6952	3	72.64
157	146	4	10.4
125	273	5	23.43
105	2366	5	31.39
202	124	5	18.02
1815	104	3	12.21
1204	102	4	11.96
6207	111	3	25.5
1963	107	5	29.04
185	542	5	44.29
101	8379	3	19.92
101	141	52	65.21
45	147	17	56.89
2268	12	3	5.33
195	716	8	85.97
116	391	4	15.91
1063	12	4	4.19
1386	101	5	15.62
225	142	4	17.88
1780	4109	4	75.13
117	2085	6	50.82
766	254	4	41.29
108	319	3	4.39
12	850	21	103.41
406	254	3	25.12
4475	2020	3	53.7
103	2168	3	11.35
102	291	7	10.28
107	1200	3	11.31
13	963	3	30.57
136	536	4	24.63
102	373	5	6.81
101	1228	4	9.45
533	123	4	22.25
1400	14	4	8.62
447	112	4	14.5
148	1723	3	25.09
3064	12	3	6.93
183	110	5	6.28
120	1245	3	18.94
1293	12	4	5.43
148	899	3	21.71
116	214	3	5.7
575	101	12	38.84
103	3398	6	46.55
111	2667	4	28.95
101	570	6	10.88
139	208	9	49.33
440	14	8	11.54
107	6440	3	21.95
107	280	8	22.7
844	14	4	5.29
117	2082	3	19.96
529	101	6	10.22
139	6139	3	32.48
243	105	4	4.66
140	110	8	4.09
232	12	13	5.72
3191	12	4	12.09
102	241	8	9.33
963	175	3	25.93
350	245	3	23.79
101	6451	3	15.5
164	1069	4	36.22
321	141	3	14.24
7278	14	3	18.3
361	14	8	8.91
135	200	3	9.19
3461	101	5	27.88
328	119	5	21.58
85	126	3	4.66
133	2370	3	25.08
3932	12	3	8.03
240	110	3	3.92
116	270	12	64.57
101	441	20	77.6
5038	145	3	33.78
104	2226	3	13.58
106	1091	5	22.93
149	130	5	10.46
104	2270	6	38.33
4341	107	3	19.75
608	102	3	3.89
1602	14	3	5.23
882	104	4	13.22
274	188	3	19.32
533	102	4	6.25
102	554	23	128.76
128	525	3	16.14
107	1430	3	12.15
861	166	3	24.42
8	1518	3	22.42
519	9	3	16.2
3963	12	4	13.87
605	388	3	30.97
103	4619	3	16.63
4165	101	3	13.34
6393	12	3	11.56
723	105	3	8.41
3396	9	3	28.23
213	160	3	13.19
5606	8775	3	68.14
4492	5719	3	61.41
171	1462	3	27.84
4216	6152	4	89.55
134	114	8	7.63
185	14	13	4.43
104	473	4	8.64
121	324	9	53.64
107	2389	3	15.12
2405	12	3	5.33
104	4834	4	28.15
106	460	3	5.94
267	2429	4	51.18
3892	12	4	13.87
150	435	3	17.13
355	117	6	27.72
104	2914	3	15.41
1800	12	6	17.4
257	210	3	19.8
2024	103	3	11.35
102	8217	3	22
104	220	11	24.86
7282	927	3	55.74
107	2135	7	49.53
101	4599	3	13.34
181	113	4	6.21
997	123	5	36.57
109	540	3	7.83
234	114	15	75.1
188	136	3	8.6
103	513	4	7.45
838	12	6	8.38
1771	12	4	7.11
227	146	6	32.81
172	101	40	88.5
102	751	4	8.74
1643	701	7	111.05
2104	101	3	8.22
2623	12	3	6.06
1676	126	3	22.08
429	175	4	30.3
862	14	5	9
146	727	4	29.41
104	3906	3	16.62
113	278	4	11.74
101	729	4	6.13
895	14	6	12.93
745	12	9	18.17
105	879	4	14.91
102	3387	3	13.83
121	352	6	32.02
345	12	9	6.11
5452	12	3	11.56
104	341	8	22.72
4790	1095	3	49.69
2568	1074	3	45.84
611	12	6	5.31
154	196	4	16.98
2471	12	3	5.33
110	112	54	86.81
160	124	7	19.91
624	105	5	17.6
2323	112	3	18.79
422	1040	3	34.67
101	882	5	11.33
101	934	4	7.73
1028	14	4	6.69
2071	102	3	10.14
145	137	6	14.89
1000	14	4	6.3
167	182	3	12.57
265	107	4	5.75
1207	14	3	4.12
103	243	5	4.02
4160	232	4	56.74
203	122	3	7.58
151	106	10	6.51
102	2292	3	10.85
1695	12	4	7.11
2867	12	3	6.06
561	774	4	48.82
279	266	11	115.09
414	292	4	37.98
114	8805	3	31.11
1361	103	3	8.76
115	465	7	38.08
12	2197	4	8.63
1518	345	3	35.66
187	339	4	29.93
117	5693	4	42.82
101	1314	4	9.98
274	172	3	17.89
6143	112	3	25.68
107	1531	5	26.92
162	131	3	5.51
114	2400	5	39.54
153	432	4	25.43
118	1693	10	98.04
3128	2277	6	119.77
685	14	5	6.76
201	12	49	109.91
143	465	3	16.97
915	148	3	21.71
101	478	20	81.62
101	374	11	24.11
107	251	4	5.27
634	203	4	36.52
149	541	7	55.57
543	103	3	4.42
1549	101	4	11.18
107	506	17	100.52
101	223	46	175.29
104	637	6	20.86
120	152	13	42.36
565	107	12	63.91
1521	2937	3	49.04
8	466	3	15.43
105	471	8	31.51
127	118	11	18.78
2402	107	5	31.78
2687	14	3	8.2
133	1692	3	23.05
2137	12	5	13.39
5186	101	3	15.5
2424	103	3	12.07
101	1571	3	6.62
144	1834	3	25.32
121	551	6	37.56
853	12	6	8.38
111	765	11	77.08
114	5996	3	26.62
7406	6350	3	68.14
2221	12	4	9.58
1348	12	4	5.43
104	132	22	19.58
5735	126	4	47.37
190	1000	3	27.41
114	1327	3	16.23
113	1460	3	16.66
403	1076	3	34.39
164	570	3	21.58
191	2488	3	32.51
101	1898	6	25.06
379	757	3	32.25
102	6974	3	22
182	290	10	89.19
3137	12	4	12.09
888	12	7	12.44
1166	126	3	19.76
2252	12	4	9.58
12	108	2193	10714.2
269	12	15	14.21
1319	12	5	8.89
103	2649	3	12.9
5531	12	3	11.56
112	2585	3	19.65
1200	165	8	88.76
104	1353	3	10.21
2358	12	3	5.33
5665	12	3	11.56
1585	112	3	16.25
513	493	3	31.53
102	966	14	81.04
6711	8047	3	72.64
145	131	4	6.6
323	116	6	26.17
1029	1780	11	213.72
1191	941	3	40.29
1686	14	3	5.68
1007	12	5	6.67
131	1969	3	23.56
149	170	3	8.47
1494	12	4	5.93
539	4748	3	45.62
101	479	11	29.95
107	210	6	9.02
147	204	4	17.01
180	14	36	64.55
3200	1870	6	116.07
119	204	3	5.94
104	1655	4	18.1
119	255	5	18.02
162	137	4	9.89
4677	102	3	15.37
12	2285	5	14.74
102	406	25	122.61
2799	12	3	6.06
678	12	5	3.86
101	1129	5	13.49
115	149	23	81.84
1961	318	4	51.03
102	254	23	76.32
1374	264	4	46.36
6637	5201	3	68.14
112	474	6	27.62
1350	122	3	19.8
593	110	6	27.57
12	817	8	15.64
327	1702	3	35.76
102	3123	4	19.92
102	5041	3	17.55
120	260	10	55.13
2008	107	4	21.93
2564	12	3	6.06
469	12	10	13.33
12	3312	6	26.23
143	149	3	5.05
829	12	5	5.42
182	5422	3	38.73
101	183	15	12.04
102	1527	9	50.16
2562	5266	3	57.56
111	169	5	6.4
399	12	10	10.48
1458	12	11	44.23
104	739	9	42.38
153	136	5	11.46
101	128	30	8.28
2902	209	4	50.78
149	439	10	82.75
858	102	4	9.4
1206	113	4	23.59
123	523	4	22.25
2165	114	3	18.97
101	3848	3	11.83
303	510	5	52.68
140	101	98	219.63
12	834	5	5.42
111	1319	6	39.92
116	1400	3	17.57
119	239	4	11.98
2464	12	3	5.33
183	124	6	20.88
119	112	16	13.17
1184	102	4	11.45
101	1144	4	8.97
107	245	7	15.23
118	3638	4	35.89
101	376	17	52.82
107	296	3	3.85
16	45	74	509.12
1012	102	4	10.55
1702	12	4	7.11
4092	101	3	13.34
746	110	3	10.86
104	876	5	18.86
6470	12	3	11.56
1152	12	4	4.57
113	1240	4	23.59
2914	12	5	18.44
102	1841	10	66.68
114	1479	4	24.85
104	484	3	5.11
1510	14	5	13.96
351	123	3	12.37
118	1269	3	17.3
456	128	4	22.55
108	1874	3	13.91
556	14	7	11.51
107	5292	3	21.95
118	455	4	17.81
187	2589	4	47.14
331	1286	3	34.35
4088	2946	4	79.99
573	106	8	34.82
102	814	21	145.96
1879	12	4	7.82
666	103	4	9.07
420	14	13	29.53
126	545	3	15.58
102	2596	3	11.67
1023	367	3	33.86
104	280	13	43.09
185	491	3	22.75
453	14	13	31.49
168	164	4	16.87
118	1420	13	134.34
117	286	8	37.47
255	175	14	125.44
845	14	4	5.29
104	5155	3	20.37
101	843	4	7.03
1908	12	4	7.82
2141	105	3	14.15
125	142	14	48.56
285	105	4	6.33
12	380	16	29.12
2	2	4	6.49
159	116	28	126.26
102	2156	3	10.14
126	247	3	10.07
111	7912	3	29.99
1086	8793	3	56.42
176	118	6	14.78
2628	14	3	8.2
594	183	3	23.77
106	1204	7	39.73
114	132	76	384.86
217	167	4	22.22
724	1043	5	69.68
117	9069	3	32.11
138	417	3	15.32
4191	101	3	13.34
101	913	3	4.27
398	112	3	8.67
120	878	4	25.39
104	413	5	11.5
1653	1066	5	78.39
109	1369	6	34.97
116	657	10	70.45
755	102	4	8.74
111	988	5	28.27
130	131	9	22.54
181	127	5	17.12
1589	14	3	5.23
128	3325	3	26.75
422	4524	4	62.94
102	3286	3	12.64
2997	12	3	6.93
2077	12	3	4.72
107	877	5	21.39
202	117	5	13.28
1509	146	3	24.47
188	151	3	10.26
317	120	4	16.98
102	795	16	89.45
520	102	4	6.06
2716	107	3	15.97
278	715	4	41.82
268	1055	4	44.6
9038	304	3	48.72
507	14	8	13.39
2491	14	5	18.53
101	1422	4	10.55
1933	128	5	45.37
166	14	56	120.93
146	150	3	5.5
2120	114	4	28.09
524	853	3	34.83
103	961	3	7.37
8	1127	9	85.89
158	129	3	4.83
2162	103	3	11.35
1201	122	5	38.11
293	381	6	61.47
111	288	7	26.14
107	2735	3	15.97
352	148	3	15.9
550	12	7	6.82
1820	126	3	22.68
116	458	14	98
315	101	9	13.32
280	185	3	18.86
2328	547	3	41.08
3351	14	4	15.13
3295	114	3	21.6
101	322	6	5.24
102	1453	10	56.79
332	14	7	5.61
148	962	6	53.52
105	149	19	29.01
169	136	4	11.29
4148	239	3	39.82
106	4233	4	30.12
2659	12	5	16.37
1188	115	3	16.2
505	126	16	140.5
4009	103	4	23.48
1665	911	5	77.17
119	115	15	17.06
320	106	4	7.46
119	226	3	6.99
101	1227	6	19.42
103	630	3	5.07
3806	104	3	16.62
561	326	3	29.35
162	145	3	7.09
2612	12	5	16.37
1436	12	4	5.93
389	12	12	15.81
21	39	9	26.23
274	112	5	15.39
102	6594	3	22
129	2038	5	46.68
149	101	56	93.29
104	2361	4	20.92
2399	142	5	50.97
104	4355	4	28.15
107	341	5	12.11
102	1297	10	54.5
1471	12	4	5.93
101	494	6	9.62
104	910	9	47.37
4878	14	4	19.5
116	240	3	6.72
2898	125	3	25.73
118	1761	3	19.21
102	4171	3	15.37
102	6090	3	17.55
153	102	19	11.27
4082	107	3	19.75
1043	14	11	43.74
129	3578	3	28
107	4849	4	30.26
433	142	5	32.79
107	446	8	30.83
101	239	13	18.42
4079	101	4	21.64
101	112	101	48.32
631	12	9	14.74
146	106	21	35.87
2887	5171	4	85
102	332	42	251.67
102	273	9	15.9
1129	250	6	72.13
210	423	3	23.51
2342	102	5	24.5
567	14	8	15.15
113	313	3	8
2010	111	3	17.86
103	482	5	10.82
2275	12	4	9.58
101	3232	3	10.66
118	228	7	27.24
2904	12	3	6.93
2048	12	3	4.72
1054	12	6	10.66
562	106	4	11.69
12	119	188	197.93
216	12	21	18.89
185	453	5	42.23
125	173	5	14.45
105	2133	3	14.15
1425	14	3	4.82
434	14	10	18.01
107	697	3	8.4
1352	175	4	39.28
133	116	7	6.66
45	864	3	16.06
111	951	4	20.18
104	462	12	51.42
104	402	20	104.68
104	506	4	9.03
2142	12	3	4.72
117	1224	4	24.94
118	541	4	19.14
102	4226	4	24.38
12	535	34	180.39
1930	12	3	4.19
2450	101	3	8.91
132	402	4	21.82
118	2771	8	87.05
101	1840	3	7.62
126	8886	3	35.52
835	14	5	8.57
120	3516	3	26
687	107	4	13.15
178	120	5	13.52
463	170	3	20.72
102	1017	7	26.94
265	105	5	8.7
4186	101	4	21.64
1611	101	3	6.62
1960	12	3	4.19
380	106	3	5.11
129	200	33	261.31
12	353	8	4.41
737	14	4	4.46
376	559	3	30.3
1459	14	3	4.82
2344	104	3	13.58
111	1020	5	28.89
680	123	11	92.15
160	116	6	9.94
2741	14	3	8.2
5410	102	3	17.55
104	380	3	3.94
101	1051	9	35.49
101	992	3	4.53
111	2191	3	17.86
3199	12	4	12.09
103	1373	3	9.19
235	105	4	4.39
7943	553	3	52.54
104	4743	5	41.4
6912	7010	3	72.64
4566	12	3	9.47
2530	1231	5	85.5
175	117	7	18.13
768	103	3	6.07
506	14	7	10.05
629	102	3	4.05
1169	141	10	102.31
195	293	3	20.1
102	4683	5	36.66
107	3527	3	18.18
12	236	37	82.14
2	344	4	21.72
12	109	2036	10910.4
448	171	4	30.36
2596	103	3	12.9
113	134	7	5.38
253	765	3	29.06
3924	12	5	21.26
574	666	3	33.67
119	576	6	35.36
314	101	10	16.33
177	106	10	15.89
113	2631	3	20.56
333	103	8	18.69
151	858	3	21.19
123	475	4	21.33
187	382	4	30.93
101	1385	3	6.19
111	3831	3	21.71
764	320	12	165.37
2148	107	3	14.38
1410	104	3	10.65
102	204	17	33.4
2277	102	3	10.85
104	4658	3	18.17
101	182	25	40.12
2594	126	3	24.97
121	926	3	17.53
630	263	4	39.75
12	1837	8	29.98
115	6150	3	27.42
105	283	7	17.79
685	110	3	10.16
6283	12	3	11.56
194	768	3	26.04
102	405	12	37.52
102	457	10	29.9
112	123	13	13.6
128	480	3	15.62
112	177	13	41.34
119	155	4	4
1789	105	3	13.5
105	1458	7	41.89
102	2867	3	11.67
2584	12	3	6.06
102	560	6	14.46
101	1145	3	5.11
178	640	3	23.48
1870	12	3	4.19
753	12	6	7.46
142	4995	3	33.48
2	2546	4	38.66
108	439	3	5.92
102	2714	4	18.45
116	1401	3	17.57
599	104	4	10.4
102	4074	4	24.38
101	375	6	6.77
139	136	7	16.51
102	7340	3	22
6033	12	3	11.56
101	129	28	6.11
6455	12	3	11.56
9	158	3	5.02
522	12	12	22.72
143	106	68	257.83
1439	104	3	10.65
111	243	5	12.93
1234	102	3	7.23
2357	14	3	7.43
1538	844	5	75.06
129	2158	3	24.12
152	102	16	6.23
4215	564	4	65.44
112	446	4	14.5
102	305	30	138.49
3454	4165	4	81.91
891	103	3	6.8
1283	203	3	29.79
115	106	103	269.77
12	151	69	69.17
1407	101	3	6.19
590	106	6	22.82
1090	12	4	4.19
1882	651	9	152.56
111	8043	3	29.99
209	12	22	20.08
739	1718	5	74.64
101	2118	6	26.69
122	173	21	116.79
1384	107	10	71.47
111	3304	3	20.48
317	104	4	5.74
712	14	4	4.21
106	313	4	7.22
2543	107	7	55.67
150	127	5	10.22
1620	102	3	8.47
125	256	3	10.19
1393	103	3	9.19
107	4370	4	30.26
185	237	11	93.11
104	363	12	45.5
940	12	9	21.82
154	174	3	9.3
105	837	3	9.15
695	101	6	13.23
105	785	5	20.03
281	12	38	112.68
113	1241	3	15.79
1389	14	3	4.82
212	135	37	317.61
1666	113	3	17.69
102	1628	3	8.47
129	286	4	18.52
102	918	14	78.55
217	127	3	9.67
101	1863	6	25.06
4373	14	3	11.77
126	6436	4	47.37
138	164	4	10.77
1853	102	4	15.27
104	3051	4	23.66
4209	107	4	30.26
144	380	3	16.02
125	338	4	18.95
282	1415	5	62
101	761	8	23.76
4085	16	5	66.21
101	829	10	36.99
2783	4060	3	55.33
105	2360	5	31.39
6708	12	3	15.91
168	120	7	21.38
110	526	3	8.82
4877	12	5	26.52
4382	359	4	61.68
1795	1488	3	45.21
2224	12	3	5.33
1973	12	3	4.19
769	102	3	5
113	104	35	13.03
3171	111	3	20.48
632	498	6	74.97
102	796	16	89.45
1575	14	3	5.23
344	107	44	343.89
651	102	6	16.04
103	130	30	28.35
2333	1122	7	125.07
244	132	25	202.39
114	2945	4	31.96
258	110	4	7.74
1010	12	4	3.85
1528	122	4	30.33
2127	12	3	4.72
185	117	3	4.19
154	105	47	155.77
618	102	3	3.89
8	4644	5	60.71
101	1018	3	4.53
114	1473	4	24.85
597	14	6	8.91
5934	104	3	20.37
121	699	3	15.88
105	150	11	8.09
106	2165	4	21.79
147	225	6	32.76
296	4244	4	59.89
215	14	15	14.34
116	156	13	36.29
4663	14	3	11.77
365	118	5	22.48
5584	14	3	13.9
139	210	3	10
102	7395	3	22
150	1008	3	22.09
174	112	5	7.33
133	841	3	19.07
822	4857	3	48.39
102	539	5	9.77
101	1226	4	9.45
136	122	6	8.87
179	347	4	29.07
809	110	14	104.78
2434	12	3	5.33
973	1611	3	42.03
102	2729	4	18.45
197	137	3	9.25
104	1836	7	43.68
1167	14	5	11.07
103	2430	3	12.07
108	143	24	45.02
2651	111	3	19.47
152	123	4	5.61
127	311	3	12.7
118	2429	5	42.06
2677	12	3	6.06
146	149	16	79.31
109	2276	3	16.15
107	548	4	11.58
200	101	15	17.13
101	321	6	5.24
1230	476	3	36.22
2536	12	3	6.06
142	4045	3	31.25
135	143	13	49.08
116	457	3	11.06
1238	14	3	4.12
104	741	12	65.2
488	1706	5	70.36
449	954	4	48.33
1073	125	6	47.73
1592	104	4	17.36
2517	262	3	36.63
101	240	12	15.42
1958	14	4	10.66
271	102	8	12.31
120	136	23	86.58
3592	12	3	8.03
103	3612	3	15.08
280	288	3	23.69
135	101	141	405.94
117	764	7	46.14
2199	273	3	35.84
1229	103	3	8.37
259	112	5	14.1
114	2161	3	18.97
118	793	4	22.42
108	101	479	956.34
464	141	8	60.3
104	3277	3	15.41
2073	107	3	14.38
751	1928	4	58.51
114	943	17	159.64
237	102	6	4.35
128	306	27	245.55
107	1359	5	25.2
263	107	7	16.32
374	135	24	228.16
112	102	98	85.28
101	7265	3	19.92
149	3814	4	43.79
6816	101	3	19.92
117	1739	3	18.7
1300	103	3	8.76
287	1163	3	32.4
1588	12	4	6.48
156	3913	3	31.17
105	160	14	20.75
102	4104	4	24.38
418	214	3	23.62
105	106	208	456.32
1738	12	5	11.24
105	307	5	10.64
229	107	5	7.25
101	409	9	17.77
139	245	4	17.39
118	5615	3	28.14
105	3113	4	25.44
2356	102	3	10.85
3289	102	5	28.39
155	6113	3	34.81
986	403	3	34.03
104	461	3	4.72
116	609	6	34.25
549	14	6	7.93
5297	1526	3	54.1
813	103	4	10.92
2774	129	3	25.74
107	638	3	7.78
102	1658	4	14.47
101	1068	10	42.28
1788	4109	4	75.13
4679	12	4	16.36
113	1339	6	42.1
12	4009	3	8.03
114	230	18	96.35
7991	12	3	15.91
178	105	9	12.89
4035	12	3	8.03
113	465	3	10.34
113	517	3	10.97
3364	389	3	42.15
102	2172	7	39.27
561	653	5	61.96
584	14	11	28.73
1024	175	4	37.61
4284	14	3	11.77
467	102	5	8.55
12	118	84	8.1
13	6553	3	47.13
190	1636	3	30.48
122	142	18	68.19
1160	8	3	20.64
2213	964	5	81.7
109	2804	3	17
524	469	5	57.99
1058	501	12	188.56
137	174	5	17.11
5180	101	3	15.5
3279	12	4	12.09
1285	12	5	8.89
113	148	7	8.55
102	1983	5	21.81
951	12	7	13.13
138	148	4	7.46
117	320	15	95.44
102	3402	6	44
107	2318	3	15.12
701	107	4	13.45
102	3334	7	51.33
105	924	3	9.72
134	468	3	15.78
110	425	3	7.51
130	118	11	19.47
3601	14	3	10.28
364	14	10	15.21
107	1216	7	39.97
101	1437	5	15.62
102	338	5	6.03
119	592	4	20.39
2273	126	3	24.1
158	126	4	7.49
483	266	4	38
6808	12	3	15.91
408	122	3	13.09
1592	107	3	12.63
102	1466	4	13.1
107	380	10	40.37
1818	14	3	6.19
107	582	18	116.83
133	679	5	35.09
2483	14	3	7.43
644	102	11	43.1
782	1738	5	75.58
107	327	4	7.7
3112	104	6	43.98
985	12	5	6.67
108	1116	5	24.04
3035	8036	3	63.08
109	830	3	10.35
3309	12	7	37.13
101	3989	4	19.08
162	207	4	20.23
104	5565	3	20.37
103	731	3	5.85
112	161	7	10.66
101	1112	5	13.49
136	276	10	66.44
107	1473	3	12.15
102	2322	6	32.69
118	6484	3	28.14
121	1459	3	19.85
1338	203	8	99.08
178	106	6	5.18
2773	12	5	16.37
161	386	5	36.03
615	119	12	91.08
906	1603	3	41.69
107	635	5	17.98
106	485	3	6.35
104	4727	4	28.15
657	1238	5	69.82
1062	14	4	6.69
171	102	15	16.17
104	396	3	4.04
104	566	14	72.69
2212	754	8	141.19
101	2396	3	8.91
116	1066	3	15.94
107	960	5	21.93
843	12	5	5.42
45	669	5	29.54
102	846	18	111.37
117	3778	4	35.2
103	372	8	20.49
124	1808	3	22.36
2585	117	4	31.77
102	2425	4	17.22
209	128	3	9.37
108	663	4	13.08
3247	534	5	79.19
12	177	80	204.98
104	1533	3	11.12
275	14	9	7.48
137	133	7	15.67
4174	4123	3	59.18
107	1759	9	65.88
102	729	3	4.79
429	262	5	48.18
102	6806	3	22
4213	1317	5	96.87
647	110	4	15.56
348	12	9	6.11
1737	2520	3	48.56
359	105	5	12.3
4956	12	3	9.47
744	12	6	7.46
1194	101	4	9.45
117	1574	6	46.36
762	105	3	8.64
195	205	3	16.54
121	583	8	56.33
181	115	7	19.3
3865	598	3	44.82
241	14	19	31.2
157	145	6	19.69
106	133	67	218.19
880	102	3	5.7
102	1961	4	15.27
145	1441	3	23.76
102	1748	3	8.97
1186	112	3	14.51
6456	12	3	11.56
2657	126	4	36.3
1	39	12	74
12	1206	11	39.2
531	12	14	31.11
245	246	18	195.86
863	103	4	11.29
372	110	20	126.04
154	106	23	46.01
1696	12	4	7.11
105	717	3	8.18
102	3609	4	21.79
765	110	3	10.86
6838	101	3	19.92
969	115	3	15.49
101	3574	3	11.83
107	5413	3	21.95
5489	1951	3	55.25
151	196	3	10.78
2368	14	3	7.43
1267	209	3	29.8
4736	14	3	11.77
102	2730	4	18.45
108	455	6	20.22
101	3984	3	11.83
204	552	3	24.77
132	927	3	19.64
815	128	3	18.85
1414	1361	4	60.41
4893	2256	4	77.19
141	2203	3	25.35
136	119	130	915.37
122	917	3	17.94
146	397	3	16.58
7571	12	3	15.91
2591	753	6	100.98
1125	12	5	7.68
609	146	3	19.07
823	103	3	6.54
1327	126	5	40.18
101	569	6	10.88
2949	1967	4	70.58
107	230	6	10.51
535	112	7	36.19
124	117	7	4.82
1158	12	6	11.36
1837	115	3	19.09
2766	1007	3	45.49
118	1874	3	19.81
942	8457	3	55.74
135	573	4	24.93
120	432	7	42.45
2807	102	3	11.67
116	141	11	21.15
220	634	3	26.49
102	3862	5	31.31
105	398	8	28.68
2294	2973	4	72.63
101	3016	3	10.66
105	568	3	7.02
104	672	3	6.77
120	229	3	8.38
900	175	4	36.67
101	142	30	17.25
306	105	5	10.64
101	214	9	5.31
1938	12	4	7.82
294	12	11	7.6
193	334	7	61.41
101	1588	4	11.18
117	5343	3	27.62
379	122	7	41.79
12	2498	4	9.58
123	508	4	22.01
12	4552	4	16.36
2413	128	4	36.05
413	102	7	14.69
102	2987	4	19.92
4668	104	3	18.17
280	1471	3	33.51
163	655	6	53.2
101	390	7	10.13
105	3144	3	16.73
3177	12	3	6.93
45	594	4	20.84
367	9	3	14.17
1465	14	4	8.62
145	3297	3	28.72
6075	14	3	13.9
102	2865	3	11.67
1434	14	4	8.62
492	1014	4	49.89
183	116	4	7.21
1003	104	3	8.78
353	112	3	7.98
1356	12	5	8.89
106	1855	3	13.63
173	142	3	8.31
1197	110	9	63.98
637	103	3	5.07
129	732	3	18.06
123	200	3	7.69
12	2364	4	9.58
156	237	8	51.84
204	8792	3	44.84
150	1899	4	37.1
326	3375	4	58.1
1070	117	3	16.03
12	2499	9	47.74
2992	12	5	18.44
488	1086	3	35.6
1019	389	3	34.25
140	238	5	23.58
108	199	5	5.58
8	1110	6	50.85
529	14	8	14.23
108	130	35	72.39
103	4287	4	26.07
204	218	4	26.35
3800	14	3	10.28
127	131	10	26.27
1619	14	3	5.23
135	130	5	7.87
12	2002	4	8.63
153	131	3	3.99
12	2046	3	4.72
116	441	6	30.24
125	6771	3	35.27
102	1520	12	81.01
4624	12	3	9.47
627	497	3	32.71
9	12	99	100.77
2366	12	3	5.33
3725	246	3	38.37
1631	124	3	21.22
2091	12	3	4.72
45	189	16	79.42
8631	12	3	15.91
7003	12	3	15.91
686	12	14	38.77
366	263	3	24.67
4119	101	3	13.34
7137	104	3	24.84
157	137	3	4.97
101	641	5	8.31
102	2034	6	30.74
1048	14	4	6.69
410	188	4	31.71
161	102	13	6.62
317	107	4	7.46
101	1977	3	7.62
227	145	8	47.91
1160	14	5	11.07
107	1768	5	27.92
102	812	17	101.37
590	105	4	11.77
185	1183	3	27.53
719	12	5	4.13
6909	106	3	26.32
2419	12	4	9.58
107	3569	5	38.67
1044	103	3	7.68
104	1138	5	21.19
109	115	64	133.33
3740	12	4	13.87
390	4901	4	62.37
104	1310	4	16.08
662	110	3	9.95
2755	119	3	22.25
231	259	18	196.61
186	1674	4	42.79
5832	209	3	40.73
122	360	3	12.33
107	1941	3	13.73
1134	107	5	23.75
102	855	8	30.55
288	14	8	5.68
978	14	5	9.96
2903	107	5	35.72
1249	14	5	11.7
9191	566	3	52.73
1082	724	18	341.71
5226	2561	3	57.56
656	2783	3	42.99
110	155	10	13.27
792	12	7	11.2
12	1233	8	21.42
2657	12	3	6.06
695	110	5	22.55
128	3521	5	55.1
107	758	5	19.95
164	321	4	26.4
3713	12	3	8.03
154	133	3	4.2
1311	14	5	12.38
107	2616	3	15.97
480	2789	3	41.24
4465	102	3	15.37
110	113	58	115.26
1200	107	5	24.45
109	197	10	24.76
102	980	4	10.55
3067	510	3	42.61
102	1023	3	6.55
380	105	6	17.53
2748	12	3	6.06
167	115	29	147.43
12	2860	4	10.71
262	136	4	17.9
128	798	8	67.2
12	4968	4	16.36
390	334	16	208.8
12	162	221	1113.73
3201	875	5	84.54
107	2302	5	31.78
101	2477	3	8.91
107	2183	3	14.38
220	308	8	75.36
3115	107	3	16.97
101	626	17	74.48
1343	266	4	45.93
102	1931	3	9.52
2456	12	3	5.33
45	624	4	21.12
106	160	15	24.46
2899	5124	3	58.58
144	2197	5	49.82
135	228	3	10.57
102	3900	3	13.83
623	146	3	19.28
45	121	35	119.45
105	2736	3	15.73
378	177	3	20.3
101	127	60	66.98
107	401	3	5.42
104	3261	4	23.66
193	238	5	35.1
102	213	68	363.03
2518	107	3	15.97
177	105	14	29.83
152	6334	4	51.65
314	110	8	30.29
1064	12	6	10.66
1381	101	6	21.32
127	281	9	55.69
102	3061	3	12.64
108	228	9	22.71
102	5055	3	17.55
419	112	3	8.93
1298	12	4	5.43
2152	12	4	8.63
3268	12	5	18.44
939	1252	3	40.29
115	398	3	10.28
111	4048	3	23.28
101	1135	5	13.49
1364	14	5	12.38
274	127	3	11.87
2673	14	3	8.2
104	4416	4	28.15
123	1507	3	21.03
412	14	6	5.24
107	208	5	6.02
101	477	13	39.37
2652	102	4	18.45
139	118	7	8.47
111	2868	4	28.95
101	425	13	35.86
885	702	4	51.79
4934	12	3	9.47
898	5513	3	51.24
2258	117	3	20.71
2187	12	7	25.35
132	241	3	10.75
1483	1082	4	58.74
163	320	3	17.69
198	116	3	5.12
3766	114	3	22.83
12	2	108	148.87
12	188	80	248.56
359	14	7	6.38
2737	102	3	11.67
881	187	3	26.45
909	12	6	9.44
146	825	3	21.02
4067	12	3	9.47
262	12	11	4.68
172	120	4	8.8
2229	12	3	5.33
122	235	4	14.12
2001	12	3	4.72
3113	12	5	18.44
114	7372	3	31.11
107	948	7	36.1
3681	14	3	10.28
142	1747	5	47.05
442	1313	3	36.17
478	107	17	98.11
101	4538	3	13.34
101	2619	3	9.71
117	247	6	21.75
110	131	11	8.53
1	7	4	28.39
101	2363	4	14.57
102	5470	4	29.33
111	1044	5	28.89
117	350	3	9.64
2915	1093	3	46.86
124	617	4	23.54
133	134	4	4.98
102	1753	6	27.67
104	4072	3	18.17
103	264	5	4.79
125	1141	3	19.51
481	14	7	9.72
313	118	4	14.73
2839	102	4	18.45
112	255	3	5.66
101	1276	6	20.32
112	156	9	14.55
102	473	6	12.5
353	118	4	15.87
2011	102	4	16.18
103	851	3	6.54
2954	14	3	9.13
1096	14	4	6.69
173	137	3	7.35
283	113	4	11.86
2753	126	3	24.97
2776	12	4	10.71
649	119	5	28.59
6395	12	4	21.21
8407	8177	3	72.64
4745	122	4	41.33
1517	12	4	6.48
101	2756	3	9.71
3562	142	5	57.92
116	210	3	5.61
702	12	5	4.13
12	1873	3	4.19
2272	14	3	7.43
102	1191	3	7.23
107	182	7	8.61
124	282	4	16.89
986	2198	3	43.85
101	260	35	128.45
101	311	7	7.34
143	171	9	43.97
104	2456	3	13.58
103	1666	3	10.15
105	513	4	10.84
135	149	7	19.47
102	5725	3	17.55
315	106	3	4.09
108	149	26	56.72
163	764	5	43.99
102	220	45	196.66
1430	224	5	58.55
101	1593	3	6.62
335	14	17	40.05
142	2877	4	41.1
115	171	18	77.69
152	128	3	3.85
146	169	3	8.37
115	138	46	203.01
6308	12	3	11.56
45	244	7	29.62
102	1463	10	56.79
107	375	3	5.09
2599	710	4	61.14
102	1411	8	39.85
1433	12	7	18.74
106	2474	4	22.86
1346	102	4	12.5
246	14	13	13.58
2102	500	3	39.78
883	102	6	19.65
116	245	5	16.1
1321	107	3	11.71
156	1398	3	24.96
12	5603	3	11.56
149	160	3	6.94
367	110	3	6.8
8023	976	3	56.07
101	549	25	130.14
143	1148	3	22.2
4869	103	3	16.63
113	915	3	14.37
12	2221	3	5.33
2249	103	3	12.07
770	110	4	16.83
114	798	4	20.44
122	1013	9	78.08
714	251	14	185.41
6232	701	3	49.55
244	677	5	52.07
104	1743	5	25.33
287	399	4	37.41
119	137	7	8.63
743	104	3	7.2
2664	118	4	32.45
692	262	6	66.59
111	1354	4	22.74
114	4651	3	24.4
4752	102	3	15.37
1462	104	3	10.65
102	1029	4	10.98
114	224	13	60
687	14	7	13.74
129	211	6	26.77
101	5472	3	15.5
203	12	15	4.99
192	105	19	60.08
109	151	28	72.89
2525	101	8	53.14
109	207	19	75.19
12	374	25	69.52
264	3454	4	55.47
102	3517	4	21.79
110	179	5	5.85
1051	12	6	10.66
362	123	3	12.6
122	1171	3	18.98
144	173	22	149.92
5217	14	4	24.4
107	632	7	30.16
3633	14	4	16.96
901	2290	3	44.28
101	756	7	18.77
106	116	20	4.52
824	14	5	8.57
972	111	3	13.63
276	175	9	74.69
105	1006	4	15.75
309	105	4	7.08
525	115	6	32.42
542	103	3	4.42
2168	12	3	4.72
126	404	3	13.71
562	101	4	4.51
1498	1965	5	82.56
420	9	5	30.17
12	172	155	710.69
101	2090	5	19.71
114	373	24	183.06
103	545	3	4.42
113	202	5	11.77
171	126	3	6.16
102	5700	4	29.33
105	680	6	24.32
968	119	5	32.89
160	120	11	37.55
104	442	9	32.41
101	982	5	12.34
212	116	3	5.65
2734	14	3	8.2
2688	845	3	44.53
106	407	9	35.28
499	498	11	149.15
2588	14	4	13.7
349	14	8	8.43
199	118	5	13.9
730	102	3	4.79
1717	107	4	20.16
102	1026	5	16.07
2644	2694	3	51.47
167	118	11	36.92
156	759	5	41.33
102	4282	3	15.37
642	103	3	5.07
109	277	9	30.53
414	170	3	20.13
249	237	4	30.02
1004	12	12	39.66
12	242	27	44.23
12	167	140	524.56
7036	146	3	38.49
107	1856	7	47.35
107	1736	3	13.15
114	6563	3	31.11
101	2077	3	8.22
155	236	3	13.25
102	720	18	100.35
1581	14	3	5.23
45	2007	3	20.98
9230	4121	3	65.91
102	2046	3	10.14
102	1926	5	21.81
106	238	5	7.47
2853	102	4	18.45
157	127	7	20.43
181	151	7	34.15
5184	170	3	37.47
5806	976	3	51.57
3952	12	3	8.03
107	4223	3	19.75
345	103	4	4.83
1935	126	3	22.68
1176	12	6	11.36
327	361	3	26.57
2170	103	3	11.35
543	12	6	4.48
146	1493	3	23.97
1536	12	4	6.48
958	101	5	11.82
3912	12	3	8.03
101	219	8	4.24
1039	2773	3	45.84
120	322	4	17.12
170	139	8	33.52
205	14	16	14.65
147	566	6	46.3
109	1807	5	30.78
101	3095	4	17.23
111	206	4	7.11
107	4785	3	19.75
2553	5079	4	83.47
1157	14	5	11.07
106	3155	5	35.55
104	2053	4	19.85
140	206	4	15.53
1045	14	4	6.69
126	1096	3	19.39
102	5050	4	29.33
1737	5043	3	54.65
4060	1384	4	72.8
123	433	26	248.82
379	142	3	15.82
101	1499	4	10.55
523	119	3	12.76
948	103	3	7.08
166	9	14	70.77
2821	12	3	6.06
861	261	4	42.56
5341	12	3	11.56
101	1242	3	5.44
1743	2783	4	68.19
102	515	25	142.04
3390	101	3	11.83
119	145	8	14.46
931	102	4	10.14
1937	14	3	6.19
103	8465	3	23.27
111	1221	4	22.15
102	4880	3	15.37
12	1831	7	23.29
1244	14	5	11.7
5102	4094	3	61.41
122	3663	3	26.44
105	171	105	690.68
942	804	11	178.41
174	136	3	7.39
4377	12	3	9.47
367	117	3	9.98
4416	5985	4	89.55
1847	671	5	74.93
102	1157	7	28.81
3774	12	3	8.03
139	115	7	7.24
2652	12	3	6.06
267	196	5	37.68
1850	12	4	7.82
101	4850	3	13.34
114	3267	3	21.6
116	136	9	12.66
1474	691	3	39.26
120	410	11	76.61
101	445	7	11.52
117	2328	5	41.2
101	595	10	29.7
1219	113	3	15.79
111	2644	3	19.47
101	521	9	21.79
256	14	12	12.41
12	5493	3	11.56
149	133	3	3.89
4565	107	3	19.75
3107	14	3	9.13
4707	1428	4	72.8
1345	14	3	4.45
1395	432	3	36.48
162	115	4	4.47
104	1705	5	25.33
103	2552	3	12.9
1447	12	6	13.87
108	279	14	56.37
108	196	31	138.04
140	106	23	33.61
152	112	16	38.31
103	2298	3	12.07
2486	12	3	5.33
3153	107	3	16.97
678	505	5	61.08
104	3249	7	57.97
271	128	3	11.92
1192	14	3	4.12
102	5806	3	17.55
107	2715	3	15.97
135	196	5	19.78
85	122	3	4.05
1744	12	4	7.11
2822	4957	3	55.33
102	3888	3	13.83
116	596	7	42.35
116	386	3	10.12
138	117	7	7.49
3360	12	3	6.93
105	2371	3	14.89
102	2091	6	30.74
102	2031	7	39.27
168	304	4	26.38
104	291	5	8.34
1552	14	3	5.23
1264	104	10	61.85
104	127	41	73.05
3896	14	3	10.28
845	107	5	20.89
1511	757	3	40.52
2440	14	3	7.43
420	107	4	9.58
1523	14	4	9.23
1502	102	4	13.1
102	2535	6	35.1
539	3237	3	42.79
113	117	17	16.3
137	153	3	4.37
3833	221	3	37.5
172	105	17	41.32
103	212	12	21.97
112	631	3	11.22
1568	565	5	70.91
5893	12	4	21.21
288	165	3	17.24
102	928	10	46.13
386	114	10	55.53
1369	14	4	8.07
109	118	16	4.6
126	286	4	17.53
114	4979	4	36.49
104	373	3	3.84
147	604	3	19.11
104	543	7	24.7
1402	14	4	8.62
591	136	7	53.02
276	567	5	52.52
1102	5242	4	76.01
957	12	5	6.22
117	4700	4	37.83
107	662	6	24.31
108	444	7	25.43
111	1111	9	66.6
491	101	5	6.48
1957	12	5	12.24
183	120	3	5.85
2420	205	7	95.48
1307	12	4	5.43
101	1292	3	5.8
214	570	3	25.46
228	111	3	4.7
101	532	4	4.14
991	104	3	8.78
16	7	10	59.89
1902	505	3	39.1
1454	14	3	4.82
124	164	4	8.77
104	2259	3	13.58
788	102	6	18.47
2339	104	3	13.58
4914	4380	3	59.18
126	1902	4	32.99
3114	12	6	26.23
418	122	11	78.81
105	200	8	14.04
3439	101	5	27.88
246	453	3	25.41
3352	1416	4	68.24
746	106	3	8.76
85	119	5	8.25
1029	5028	4	75.49
120	300	4	16.58
116	379	3	10.12
105	2819	5	33.15
4749	111	3	23.28
102	1514	8	41.6
104	4586	3	18.17
321	208	3	21.72
2255	241	4	49.75
165	1491	3	26.99
102	6363	3	17.55
146	130	8	23.3
12	762	6	7.46
101	2063	4	13.55
1524	105	4	19.1
3905	12	3	8.03
172	106	14	29.63
3353	14	5	22.32
2292	14	5	18.53
211	3353	6	84.88
2033	14	3	6.76
4003	14	3	10.28
209	102	15	27.79
111	2028	4	26.61
104	225	45	244.61
104	182	7	5.98
106	144	11	7.4
138	124	7	13.13
2447	12	6	20.8
411	235	4	35.06
742	6755	3	54.3
101	839	8	25.33
150	122	8	19.69
107	1008	4	16.05
1152	103	4	13.03
115	1691	3	18.5
591	328	3	29.66
145	1504	4	34.32
1165	101	3	5.11
849	12	17	67.32
39	226	18	110.08
102	1685	8	43.59
142	1986	7	76.49
110	145	11	13.3
104	480	5	13.12
147	741	3	20.25
121	258	4	14.6
171	272	5	34.9
171	128	3	6.81
1217	123	4	28.78
159	107	9	7.71
106	6208	3	21.85
556	104	3	5.86
250	600	3	27.5
3717	213	3	37.03
1240	102	3	7.23
176	113	5	8.56
39	3801	3	25.2
102	4204	5	36.66
6924	101	3	19.92
6779	4133	3	65.91
103	149	15	7.76
2065	266	4	49.87
102	2182	4	16.18
1875	12	5	12.24
176	155	4	15
7944	335	3	49.47
4328	12	3	9.47
417	1136	5	64.46
340	537	8	95.95
111	3469	5	44.59
282	423	3	26.32
1323	14	3	4.45
1207	107	5	24.45
113	387	5	20.43
103	234	6	5.88
103	308	4	3.98
101	995	4	8.11
857	14	5	8.57
107	768	6	26.31
235	14	18	26.74
107	4465	3	19.75
4014	205	3	36.58
2760	12	4	10.71
3588	2408	3	52.87
104	375	3	3.84
107	2292	6	41.48
629	12	6	5.62
1634	117	5	36.28
121	421	3	12.82
264	5237	4	63.11
1572	12	5	10.37
114	1255	3	15.81
7868	2174	3	60.43
106	301	4	7
138	186	3	8.39
101	1970	6	25.06
227	113	3	5.59
302	123	6	31.17
2362	14	5	18.53
113	269	3	6.92
123	1059	3	18.89
118	233	9	39.93
359	8	3	13.94
471	105	7	25.61
2849	12	3	6.06
600	12	6	5.31
1299	205	3	29.9
123	428	5	27.94
1953	1342	3	44.74
113	848	3	13.77
115	153	46	232.49
102	6470	3	17.55
343	115	12	71.95
1087	12	17	82.6
104	1914	8	53.46
152	141	5	12.39
1241	104	4	15.51
104	2066	3	12.85
12	609	20	69.36
102	3067	3	12.64
1671	14	3	5.68
102	2947	6	38.31
369	1060	6	77.63
7421	3971	3	64.33
5538	326	3	44.75
125	2452	7	72.83
45	184	4	8.61
103	1771	3	10.15
104	2638	3	14.42
139	544	3	16.99
111	5049	4	39.98
174	194	3	14.14
124	148	4	5.63
101	483	7	12.81
935	12	5	6.22
128	1305	5	41.45
101	431	10	22.67
8	4990	4	48.56
116	229	5	15.25
116	118	17	22.28
101	2777	3	9.71
833	14	8	21.33
220	853	3	28.25
105	116	33	24.44
2535	14	3	8.2
1030	116	3	15.94
815	102	3	5.46
156	263	19	164.71
1237	12	5	8.25
102	402	4	4.46
101	1245	7	25.23
102	462	12	40.58
112	126	12	12.62
247	151	3	13.03
3087	12	3	6.93
966	12	4	3.85
1475	14	6	18.26
111	190	4	5.82
444	156	3	18.12
6457	107	3	21.95
117	655	8	52.36
5935	12	3	11.56
3135	12	3	6.93
603	266	4	39.78
6670	12	3	15.91
451	216	14	161.08
102	132	50	71.85
237	12	13	6.05
101	1431	3	6.19
115	3074	3	22.39
482	113	5	22.87
624	1761	3	39.86
121	1646	3	20.89
3538	14	3	10.28
104	7866	3	24.84
707	114	3	12.77
2876	14	3	9.13
1867	4103	3	53.02
102	2893	5	28.39
519	14	11	25.87
131	111	8	5.32
126	766	5	34.76
233	104	39	200.73
5814	12	3	11.56
781	103	4	10.57
104	3641	4	25.55
622	106	4	12.46
105	3881	3	17.95
1029	6590	3	56.42
124	134	6	9.24
45	6619	3	33.14
2097	12	4	8.63
107	270	6	13.48
102	1353	6	24.27
2356	12	3	5.33
101	490	5	6.26
1719	14	3	5.68
3131	104	3	15.41
116	161	11	31.21
382	107	14	66.95
126	8194	3	35.52
105	238	8	18.12
102	4024	3	13.83
3119	123	3	25.48
2516	166	3	31.04
305	113	4	12.69
106	371	3	5.01
101	2134	4	13.55
3233	103	3	13.88
540	12	6	4.23
104	406	6	15.6
110	176	5	5.36
2801	12	3	6.06
125	4113	4	42.04
131	816	3	18.98
2744	3186	4	73.91
709	12	10	20.73
111	5620	3	25.5
104	4150	4	28.15
104	3714	3	16.62
161	128	3	5.36
188	113	5	10.44
467	12	9	9.99
1967	606	4	56.58
12	183	21	8.76
2680	12	3	6.06
1760	12	10	42.52
3854	120	3	26
831	12	12	34.79
12	226	16	10.5
107	2170	4	21.93
102	3255	3	12.64
102	5249	4	29.33
1104	101	5	13.49
2364	1483	3	46.64
3214	122	4	36.78
2256	4119	3	54.46
309	106	5	10.98
101	817	4	7.03
112	1627	4	24.29
276	180	4	27.23
331	102	7	11.89
110	445	3	7.77
102	3238	3	12.64
102	5200	3	17.55
105	1087	6	29.78
148	329	3	15.44
117	308	5	19.63
189	115	22	115.13
2709	12	4	10.71
1853	12	3	4.19
127	2443	3	24.72
1822	12	3	4.19
102	739	9	34.16
102	619	4	7.12
172	283	3	17.98
12	128	62	21.4
2055	434	6	89.06
118	133	28	98.34
1868	1180	4	61.59
4461	14	3	11.77
2	267	3	12.55
2742	104	3	14.42
238	101	33	106.04
1700	12	5	11.24
651	12	6	5.94
106	1360	6	32.69
112	767	3	12.36
102	876	5	14.44
111	5469	4	39.98
367	645	3	30.79
103	1474	5	20.92
618	12	6	5.31
758	6318	3	50.06
107	798	8	41.14
110	137	22	43.31
554	14	8	14.68
107	127	43	99.76
1668	102	3	8.97
1657	14	3	5.68
101	2811	3	9.71
2298	12	3	5.33
141	1839	9	102.34
290	237	4	32.05
4403	6396	3	61.41
12	1862	5	12.24
1105	12	5	7.68
575	106	4	11.69
131	153	4	7.16
419	266	3	25.72
140	428	4	23.12
587	14	5	5.63
2158	104	5	27.7
102	484	7	16.99
837	133	3	19.07
693	14	7	14.26
156	175	15	97
430	113	5	21.57
1757	102	7	35.29
237	141	4	17.75
1206	118	3	17.3
166	104	9	7.49
7429	125	3	35.27
464	102	7	15.94
102	2929	5	28.39
204	110	9	24.46
103	2382	3	12.07
4538	12	3	9.47
967	105	9	52.56
141	1942	4	35.67
1259	12	11	39.2
120	223	5	18.39
147	363	7	49.62
104	662	3	6.57
132	1944	5	45.67
315	105	5	10.94
3069	12	3	6.93
956	12	10	26.78
153	214	3	11.8
2395	101	3	8.91
1405	14	14	85.43
3639	14	3	10.28
101	152	219	1078.09
107	373	7	22.8
3650	102	3	13.83
5502	725	4	72.57
45	253	9	44.01
104	2596	3	14.42
4313	3237	4	79.99
102	7593	3	22
200	120	3	7.05
388	14	9	13.02
3018	709	4	62.67
102	3822	4	21.79
961	8105	3	56.07
116	1140	3	16.3
1322	12	4	5.43
904	105	15	108.65
114	1084	6	39.46
12	4359	3	9.47
753	103	3	6.07
208	119	22	132.08
113	883	3	14.06
123	339	4	18.62
102	2794	4	18.45
111	1262	3	14.72
268	298	4	34.04
1606	14	3	5.23
447	123	17	143.36
5098	14	3	13.9
105	130	73	244.2
105	199	6	7.73
114	3205	6	56.51
104	7000	3	24.84
210	1415	3	30.69
106	2190	5	30.14
116	276	3	8.05
101	447	14	42.34
101	531	19	80.67
3975	12	3	8.03
1012	12	6	10.02
256	110	3	4.38
2829	12	3	6.06
110	146	11	13.9
142	1987	6	62.56
3887	12	4	13.87
716	12	5	4.13
121	318	4	17.01
316	266	6	56.61
2432	12	4	9.58
5231	12	4	21.21
811	110	3	11.39
690	111	14	102.83
106	514	3	6.65
509	1777	3	39.28
1123	102	3	6.88
103	150	15	7.92
167	137	4	11.09
2016	14	3	6.76
122	429	3	13.36
107	2086	3	14.38
107	1882	6	37.83
217	177	10	77.37
213	14	16	16.39
6588	5128	3	68.14
2379	114	3	19.72
3312	114	4	31.96
334	101	6	5.71
1044	158	3	23.79
681	12	10	19.93
109	176	23	79.17
383	3979	3	42.01
102	8732	3	22
102	2345	3	10.85
5260	12	3	11.56
220	1283	4	43.66
1359	1724	3	44.14
1119	101	3	5.11
119	861	5	31.75
132	285	3	12.35
148	1597	4	35.41
102	4564	5	36.66
264	2530	3	36.71
188	331	4	29.86
3086	14	3	9.13
122	295	3	11.08
112	950	3	13.48
485	118	11	74.93
2174	14	3	6.76
45	782	3	15.49
189	113	7	18.84
157	197	4	17.85
923	102	4	10.14
101	840	6	15.25
424	111	5	19.59
150	123	16	61.63
309	196	3	20.74
7319	12	3	15.91
191	3195	4	49.09
8795	12	3	15.91
107	980	4	16.05
607	110	10	57.48
200	776	3	26.58
150	136	8	24.76
106	101	605	1435.8
2745	12	3	6.06
117	195	6	16.87
853	102	3	5.46
1337	14	4	8.07
255	139	3	11.78
117	329	5	20.49
239	102	6	4.52
1348	102	4	12.5
130	113	17	35.35
1222	107	10	67.1
119	1014	3	16.36
1900	114	4	27.14
907	14	5	9.47
8828	12	3	15.91
137	101	90	183.12
308	510	3	28.36
403	1672	3	37.11
1590	12	4	6.48
4205	12	3	9.47
103	106	105	44.61
1960	103	3	10.72
308	203	8	72.74
103	160	30	59.47
142	620	15	150.28
109	137	104	489.6
1080	114	6	39.46
3161	107	4	25.75
1311	107	4	18.11
9195	107	3	26.43
104	528	3	5.54
12	1119	10	31.03
102	1733	3	8.97
101	996	3	4.53
107	827	3	9.37
1557	12	9	32.27
2225	101	4	14.57
646	12	6	5.62
270	185	11	98.78
706	2822	3	43.46
116	179	12	44.48
1996	431	8	127.11
1149	12	4	4.57
105	117	20	4.43
7030	9	3	36.53
2046	105	3	14.15
582	14	8	15.64
101	364	6	6.58
101	432	7	11.22
684	1702	3	40.31
102	461	27	148.31
112	127	13	17.23
102	579	6	14.83
815	103	3	6.54
250	142	7	41.3
119	325	3	9.85
1118	12	5	7.68
648	122	4	23.51
2933	105	5	35.33
2977	251	3	37.42
314	105	3	3.9
158	108	10	10.06
108	120	21	15.43
333	12	10	7.72
108	174	18	48.5
148	1890	4	37.03
101	5866	3	15.5
436	102	4	4.88
115	202	3	5.12
1804	14	4	10.66
819	14	5	8.57
101	1457	11	58.74
105	3950	3	17.95
1645	113	4	26.26
6380	2468	3	56.69
2435	107	6	41.48
45	227	6	22.5
107	512	3	6.74
255	2491	3	35.68
564	107	11	56.27
107	392	3	5.3
101	229	55	242.64
153	223	12	83.15
12	2096	3	4.72
147	402	7	51.19
565	101	5	7.46
1913	12	4	7.82
152	1536	3	24.72
205	110	4	5.34
4908	12	3	9.47
401	5258	3	46.1
1287	12	5	8.89
173	118	10	33.82
2454	107	3	15.12
101	1123	3	5.11
1823	14	4	10.66
4990	9	4	48.72
1288	467	4	51.37
4828	12	3	9.47
2897	103	6	40.85
602	101	5	8.01
147	132	4	6.93
4495	12	3	9.47
104	1017	5	19.95
101	2719	3	9.71
117	971	3	15.69
121	732	4	23.92
310	151	5	30.38
184	2627	3	32.78
367	14	9	12.05
103	1892	3	10.72
1471	102	3	8.02
143	130	4	6.26
143	199	3	10.4
101	236	17	31.07
101	161	61	151.87
205	117	3	5.42
153	300	4	22.38
3000	12	3	6.93
1022	12	4	4.19
1511	122	4	30.33
135	105	55	158.4
117	716	6	36.34
9085	12	3	15.91
3335	12	4	12.09
785	101	9	30.02
127	12	65	24.09
1229	12	4	4.97
121	1751	3	20.89
990	12	5	6.67
108	105	193	412.98
115	130	17	39.39
166	2502	3	30.17
101	3313	4	17.23
12	114	131	31.26
2520	1519	4	67.42
3381	14	3	10.28
104	1602	7	40.22
195	1439	5	55.42
102	787	11	49.45
6334	142	3	33.48
2784	12	3	6.06
150	210	5	24.23
2411	12	3	5.33
138	144	3	3.91
104	3070	3	15.41
106	124	18	12.09
157	112	8	11.56
115	2065	5	39.37
102	3194	4	19.92
5094	364	4	66.85
101	4519	3	13.34
111	851	4	19.37
104	255	4	3.87
104	204	9	14.8
154	143	6	18.1
2056	107	3	14.38
102	3451	4	21.79
104	405	3	4.14
111	2315	4	27.69
1810	12	3	4.19
145	1423	4	34.32
104	2695	4	22.16
1829	2844	3	49.17
102	1095	5	16.07
178	101	58	181.09
1777	12	3	4.19
145	155	8	30.05
101	7951	3	19.92
2900	101	3	10.66
102	2176	4	16.18
1289	14	3	4.45
109	145	12	12.83
6391	104	3	20.37
410	401	4	40.77
217	102	14	26.13
145	159	3	6.61
8321	14	3	18.3
386	12	11	12.46
1441	12	4	5.93
102	2212	6	32.69
786	12	10	23.45
1492	142	3	23.47
2499	108	7	52.61
142	1988	6	62.56
117	488	29	272.66
154	101	70	154.53
1275	122	6	49.37
919	221	6	67.4
103	1399	3	9.19
124	803	3	17.51
591	208	4	36.45
2265	123	8	87.18
580	320	14	189.64
125	385	4	19.92
102	1819	11	80.67
107	797	4	14.45
104	5077	4	33.12
7532	14	3	18.3
3204	107	3	16.97
150	296	3	14.78
101	713	5	9.3
1038	14	4	6.69
902	101	7	21.55
168	170	3	11.49
107	8676	3	26.43
104	305	14	52.25
291	203	6	50.18
104	1375	8	47.33
4218	12	3	9.47
12	129	53	10.71
647	105	3	7.76
105	1859	3	13.5
118	196	19	101.68
2772	743	7	121.96
5905	1469	3	53.6
123	1024	3	18.89
918	145	3	21.42
102	792	3	5.22
298	166	38	451.68
102	3100	5	28.39
710	14	5	7.08
102	2928	5	28.39
152	127	4	6.81
177	130	3	7.05
119	536	5	26.52
1493	14	5	13.13
1417	107	5	26.02
1838	258	3	34.25
101	1427	3	6.19
102	230	6	4.01
112	569	3	10.63
1518	9	3	22.53
1059	12	4	4.19
115	117	15	14.61
1171	12	11	37.15
2920	105	4	25.44
1088	12	6	10.66
101	325	10	17.25
1101	105	3	10.7
142	4041	4	45.65
4923	104	3	18.17
1672	14	4	9.9
1526	14	3	5.23
105	202	16	48.96
797	14	4	4.99
4388	102	3	15.37
2031	241	3	34.33
818	102	3	5.46
1242	12	8	21.42
102	363	19	74.56
1927	12	3	4.19
447	102	4	5.03
105	1600	3	12.4
851	102	3	5.46
106	5572	3	21.85
1391	14	5	13.13
17	107	3	7.06
104	1764	10	72.07
324	1623	4	49.55
125	380	6	34.91
660	101	4	5.37
134	108	23	32.78
110	277	4	8.79
650	381	3	31.27
101	2296	5	21.14
111	1045	3	13.97
765	106	3	8.76
1325	12	10	34.68
3175	12	3	6.93
104	1113	10	60.01
894	12	6	8.89
1955	12	8	29.98
606	103	3	4.9
156	738	3	21.19
1467	14	5	13.13
129	247	8	44.4
103	340	20	86.36
107	1966	5	29.04
102	7067	3	22
102	1057	6	21.7
107	2070	4	21.93
103	519	3	4.13
113	111	14	4.35
6198	102	4	29.33
498	14	10	20.99
114	591	4	17.95
155	131	8	25.41
114	525	27	246.09
876	655	3	36.36
102	621	20	111.25
472	1047	12	186.99
406	654	10	133.9
132	12	91	79.26
12	140	240	730.44
2364	12	3	5.33
182	251	5	34.7
2089	12	3	4.72
4591	12	3	9.47
120	615	3	14.97
101	4537	3	13.34
576	261	5	51.45
164	432	3	19.89
106	199	26	105.73
107	2849	3	15.97
105	514	3	6.53
659	141	9	77.67
103	3446	3	15.08
4644	9	5	60.91
107	539	3	6.9
107	435	4	9.76
101	312	9	13.06
6079	126	3	31.03
1681	12	5	11.24
101	1592	3	6.62
142	2876	5	54.95
113	664	3	12.3
161	626	3	21.41
546	12	7	6.82
3139	209	3	35.67
158	137	3	5.32
119	429	4	17.64
162	113	8	16.08
832	111	4	19.37
102	2778	7	45.35
107	1556	7	43.88
6495	3494	4	86.92
102	548	5	10.04
179	410	3	21.04
2318	103	3	12.07
823	12	6	8.38
1752	12	4	7.11
101	565	5	7.46
107	183	16	42.46
190	268	4	27.84
552	1762	3	39.04
113	1691	4	26.26
171	648	4	33.59
102	6117	3	17.55
945	14	6	13.53
116	311	3	8.83
147	220	3	11.95
4139	3493	4	81.91
2138	14	4	11.52
4898	102	3	15.37
290	14	9	8.26
1280	14	3	4.45
199	665	8	85.9
868	102	5	14.44
3192	14	3	9.13
284	114	3	7.33
1342	14	4	8.07
1363	102	3	7.61
242	102	6	4.52
761	12	6	7.46
2746	12	3	6.06
2549	119	3	22.25
6317	356	3	45.33
267	233	6	51.32
530	682	4	47.28
1030	101	3	4.81
104	1846	4	18.93
4314	12	4	16.36
268	330	8	82.2
131	169	3	6.55
552	887	7	96.8
897	102	3	5.7
263	14	16	24.48
103	683	3	5.44
101	1184	9	36.86
101	1108	3	5.11
112	240	4	8.86
114	677	17	141.03
2429	4635	3	54.46
115	186	3	4.16
123	351	3	12.37
1178	102	3	6.88
904	133	3	19.68
102	342	9	19.98
101	1365	4	9.98
841	290	11	148.55
108	106	250	669.22
626	12	17	52.59
12	1900	3	4.19
2487	12	3	5.33
153	112	7	7.37
2200	103	3	11.35
135	106	61	190.66
3814	12	4	13.87
6160	12	3	11.56
101	3117	3	10.66
128	3676	3	27.98
808	367	3	32.56
3809	193	4	51.13
104	4542	3	18.17
251	107	8	20.06
1220	14	6	16.41
350	271	9	96.83
101	102	369	153.85
981	14	6	14.17
117	211	3	5.69
8252	107	3	26.43
3103	957	4	64.98
1066	12	7	14.68
102	1920	8	45.93
101	755	4	6.41
1146	12	6	11.36
1750	1541	11	219.73
157	167	3	9.13
106	228	9	21.95
102	638	3	4.05
2023	12	5	13.39
133	1240	4	30.74
12	127	47	4.66
448	107	3	5.9
1551	14	3	5.23
340	298	7	72.58
425	102	4	4.73
2671	14	4	13.7
102	2242	8	52.44
114	5009	4	41.49
414	168	9	81.27
244	127	3	10.59
2	178	3	8.02
105	3169	3	16.73
102	1028	12	65.4
3061	12	4	12.09
336	12	33	105.98
1267	12	4	4.97
2185	12	4	8.63
104	4156	3	18.17
148	2737	3	27.99
3026	12	3	6.93
212	110	10	30.54
102	1665	6	27.67
102	1717	6	27.67
4750	126	4	42.38
1047	501	16	271.85
5018	2886	4	85
418	757	3	32.81
456	102	6	11.94
165	4387	4	50.38
3310	637	3	43.79
110	118	24	23.6
3244	111	3	20.48
443	14	9	14.86
101	1956	3	7.62
102	823	12	58.21
190	1776	5	58.2
4103	12	3	9.47
1816	14	4	10.66
759	14	4	4.72
2605	14	3	8.2
8	7030	3	36.42
961	262	4	43.46
104	271	13	42.7
125	235	4	14.79
867	264	3	30.08
101	682	4	5.61
1603	103	3	9.65
101	802	10	35.89
1953	1079	3	43.53
103	1111	4	13.03
157	172	3	9.73
264	1737	3	33.8
252	132	18	134.37
1193	12	8	21.42
122	1217	3	19.38
107	762	4	14.1
3307	12	6	26.23
102	1790	9	55.67
1018	12	5	6.67
154	130	3	4.1
2452	14	6	25.44
1373	605	3	38.59
101	2226	3	8.91
105	679	3	7.97
726	498	3	33.65
1340	104	6	29.79
102	2295	4	17.22
3586	107	3	18.18
2078	111	7	57.81
4817	104	5	41.4
323	120	8	45.6
3340	12	3	6.93
107	2112	3	14.38
122	379	3	12.7
475	239	3	25.58
380	101	8	13.12
129	339	3	13.48
707	12	9	16.68
2804	12	7	31.24
2635	142	3	27.41
114	8286	3	31.11
118	1061	3	16.54
12	2140	6	18.95
2236	503	9	157.67
104	3520	5	36.03
1161	102	4	11.45
1568	1011	3	42.03
107	1482	4	18.73
112	182	5	8.34
102	516	6	13.43
112	114	19	13
2004	1517	3	46.38
102	6727	3	22
124	150	5	8.91
115	1162	3	16.2
1095	14	5	10.49
124	250	3	9.99
242	177	3	16.58
125	922	3	18.46
107	255	5	8.59
7015	12	3	15.91
7024	356	3	49.82
121	612	5	30.35
560	12	10	16.51
105	124	20	15.58
104	642	6	20.86
1403	12	4	5.93
1891	14	3	6.19
958	14	6	13.53
886	114	6	37.28
8374	342	3	49.59
102	1533	7	33.7
6890	113	3	31.08
342	14	8	8.19
187	1285	7	81.34
9021	104	3	24.84
324	342	9	100.16
903	862	8	123.19
112	360	3	8.09
948	102	3	5.97
1933	102	3	9.52
314	106	7	19.75
177	101	16	11.79
2054	103	3	11.35
138	3253	3	27.37
1368	12	5	8.89
441	12	17	38.05
108	283	5	10.26
102	5051	3	17.55
187	424	5	41.96
122	619	5	31.03
146	138	15	64.36
113	733	4	19.7
546	126	7	48.98
999	103	3	7.37
108	133	54	157.5
243	14	18	28.18
104	2005	8	56.31
152	159	3	7
7101	3349	3	63.08
865	14	4	5.6
135	133	5	8.05
1331	14	3	4.45
273	14	12	15.27
102	3737	3	13.83
120	6315	3	29.8
153	128	4	7.02
120	159	5	9.76
1168	399	5	63.98
104	8285	3	24.84
112	1349	4	22.97
4248	263	4	58
107	358	6	17.02
9	103	35	42.44
123	1355	6	49.93
1500	126	3	21.04
1046	122	5	36.72
500	12	7	5.9
126	2016	8	84.81
196	284	3	19.96
1979	85	3	27.67
5051	543	3	48.04
104	1053	9	49.87
221	1048	3	29.61
128	2674	4	37.32
45	4033	3	24.85
187	8933	3	43.65
119	102	35	7.15
101	1154	3	5.11
112	129	13	17.74
101	1358	3	5.8
637	12	7	8.29
109	179	8	12.99
2042	12	3	4.72
1044	12	4	4.19
334	110	5	15.17
369	205	9	88.49
8169	892	3	55.42
102	2348	7	41.9
947	104	3	8.48
8090	14	3	18.3
723	14	4	4.46
128	894	10	92.09
288	104	7	15.22
102	859	3	5.7
1506	14	5	13.96
118	2755	4	32.45
102	927	5	14.95
1102	5243	4	76.01
106	455	4	9.99
104	4837	3	18.17
117	2660	4	31.77
6383	14	3	13.9
145	1494	3	23.76
102	1623	7	33.7
110	207	4	5.62
2945	12	3	6.93
134	119	22	68.93
1186	119	3	17.07
110	151	24	63.5
101	2166	4	13.55
206	12	15	5.97
107	4516	3	19.75
811	101	4	7.03
130	316	4	19.65
104	290	5	8.2
121	404	6	33.59
466	239	6	59.84
1245	12	5	8.25
121	574	5	29.66
104	5093	3	20.37
106	202	5	5.37
104	3039	3	15.41
103	1234	3	8.37
45	695	5	29.95
480	209	5	46.2
424	14	6	5.44
113	116	22	28.93
102	604	12	48.56
102	672	15	73.54
111	3311	3	20.48
3048	12	3	6.93
590	101	6	11.23
3585	122	3	26.44
1278	12	13	57.47
102	2534	5	26.23
113	477	3	10.49
103	208	6	4.39
102	924	3	5.97
323	131	3	13.16
1921	16	3	26.83
4792	104	3	18.17
334	12	9	5.65
109	174	26	95.97
104	1131	3	9.45
102	4305	3	15.37
5927	117	3	27.62
105	2119	4	21.61
3493	1254	4	68.92
142	1985	5	49.48
3001	126	3	25.99
104	6624	3	24.84
1510	103	3	9.65
2328	2608	4	71.1
117	363	3	9.86
3040	12	3	6.93
105	783	6	26.42
449	14	10	18.46
102	1838	6	29.1
5746	104	3	20.37
101	889	4	7.37
106	141	10	4.38
157	130	6	16.23
383	209	6	54.77
138	127	6	11.26
101	838	7	20.08
125	211	6	24.8
111	4454	4	34.99
1620	14	3	5.23
699	14	5	7.08
7231	285	3	48.24
104	6447	3	20.37
104	287	6	11.4
453	103	5	10.11
1068	12	8	19.16
101	2485	3	8.91
181	105	7	8.2
198	167	6	36.18
140	807	3	19.58
102	4458	5	36.66
2033	12	3	4.72
6722	142	3	37.98
101	3333	3	10.66
577	106	5	17.13
431	101	7	11.22
1306	142	4	33.29
6086	215	4	60.65
113	127	17	34.24
2418	14	4	12.52
148	3838	3	30.25
140	245	3	11.41
158	150	4	11.07
108	137	34	73.82
127	336	3	13.22
127	269	3	11.54
1489	104	3	10.65
116	1218	3	16.69
1341	107	10	69.15
107	1115	13	96.12
4074	103	4	26.07
3009	129	3	26.76
253	246	3	21.24
102	1377	8	39.85
107	497	7	26.92
1046	537	3	36.13
45	198	5	14.67
4711	14	4	19.5
2108	14	3	6.76
2129	102	3	10.14
147	487	4	26.14
105	128	14	7.81
105	197	14	38.08
873	14	5	9
105	272	4	6.04
5173	957	4	74.54
104	1048	4	14.5
101	533	8	17.95
767	12	6	7.46
2744	12	3	6.06
3666	12	5	21.26
7042	7581	3	72.64
311	170	4	26.82
2626	12	4	10.71
664	126	8	61.41
734	12	6	7.05
247	106	8	19.27
102	352	35	194.21
101	1295	4	9.98
104	3440	3	16.62
108	445	3	6.05
1307	14	4	8.07
12	2340	9	47.74
432	12	20	51.18
119	149	5	5.71
4370	12	4	16.36
106	3558	3	18.08
804	12	7	11.2
197	101	26	53.4
105	1452	7	41.89
1392	12	4	5.93
116	181	6	15.04
9102	107	3	26.43
488	2030	5	72.8
297	102	5	4.85
3056	14	3	9.13
935	14	5	9.47
139	289	5	26.64
123	1191	3	19.65
977	107	3	10.25
171	2337	4	44.16
107	470	3	6.3
144	1071	7	65.15
2587	2061	5	91.52
106	4449	4	30.12
3484	12	3	8.03
153	124	5	9.15
116	485	4	17.66
715	12	5	4.13
120	1418	12	125.88
1671	12	5	11.24
158	106	8	5.17
102	5198	3	17.55
140	146	5	11.29
108	176	10	16.46
210	2793	3	34.65
208	382	3	22.9
436	104	3	4.48
102	324	22	87.16
4804	14	5	30.5
2017	14	4	11.52
5449	5301	3	63.65
2383	193	3	32.6
102	2435	8	52.44
600	14	6	8.91
1041	12	5	7.15
373	101	14	37.55
172	207	3	15.08
172	151	9	45.91
122	339	14	101.41
102	656	6	16.04
2195	263	3	35
101	617	6	11.59
2327	12	3	5.33
972	126	5	37.4
141	1549	11	126.72
105	991	5	22.11
345	85	9	74.04
116	993	4	23.27
118	1259	3	17.3
105	616	4	12.03
381	584	8	99.74
160	118	5	7.63
3320	104	6	43.98
102	1683	3	8.97
1640	601	3	39.64
125	349	3	12.61
857	12	5	5.42
39	8	5	4.04
107	765	5	19.95
4845	12	5	26.52
106	419	5	13.91
235	12	21	23.69
796	510	6	78.5
199	120	3	7.05
1941	12	3	4.19
108	2329	3	15.29
101	1756	4	11.88
102	911	7	26.11
128	874	3	19.15
604	103	3	4.9
363	330	5	49.97
129	132	28	131.23
1323	12	4	5.43
104	4102	4	28.15
137	419	5	30.77
662	209	9	101.05
750	14	6	11.36
779	653	9	132.2
12	6500	3	11.56
358	14	14	29.07
107	951	3	9.94
972	12	4	3.85
102	5250	4	29.33
220	291	7	63.16
2139	111	3	17.86
817	102	3	5.46
3655	14	3	10.28
1390	14	5	13.13
102	2569	3	11.67
107	3654	3	18.18
5058	14	3	13.9
1732	123	4	31.47
4523	12	4	16.36
567	103	5	12.18
155	174	3	9.61
1496	103	4	14.7
129	462	3	15.16
1926	12	3	4.19
1509	101	9	44.03
1302	292	3	33.52
1170	12	9	25.4
102	890	9	37.94
282	553	4	39.77
452	101	12	32.27
6421	122	3	30.25
102	4403	4	24.38
1416	107	3	12.15
1080	111	7	46.08
2	121	9	19.46
709	14	4	4.21
12	482	12	20.68
121	291	6	29.42
106	9186	3	26.32
3915	14	4	16.96
1	2	3	13.6
857	126	3	18.1
2015	12	4	8.63
142	3362	3	29.67
106	426	5	13.91
515	666	3	33.11
2841	629	8	143.86
2843	12	3	6.06
560	117	4	18.97
102	6197	4	29.33
2482	12	4	9.58
105	112	28	6.5
102	4023	4	21.79
105	239	7	14.46
1039	14	4	6.69
1183	14	5	11.07
156	137	3	4.91
1233	102	4	11.96
103	620	3	5.07
1436	104	3	10.65
1212	14	3	4.12
114	614	19	158
2	624	3	18.11
6452	12	3	11.56
131	112	18	34.73
127	101	31	8.83
12	733	6	7.05
104	1934	4	18.93
102	5169	3	17.55
115	197	7	22
104	5453	4	33.12
3117	102	3	12.64
102	195	22	49.07
237	14	10	6.12
102	329	23	95.61
107	1361	5	25.2
106	625	3	7.68
2058	1128	3	44.58
107	589	4	12.06
1433	16	3	25.18
2338	107	4	23
120	138	27	110.85
1198	101	5	14.14
371	105	3	4.9
170	321	3	18.55
111	136	8	6.04
6262	5253	3	63.65
306	112	8	34.03
1768	2186	6	106.87
3781	12	3	8.03
543	8	3	16.45
1345	1301	4	59.76
117	741	3	13.97
135	145	17	74.69
2705	111	4	28.95
956	14	6	13.53
738	175	4	34.71
413	111	4	13.72
2162	14	3	6.76
108	145	27	58.41
102	4949	4	24.38
3437	6939	3	64.33
103	4349	3	16.63
12	630	21	78.41
1707	1663	3	45.65
142	2873	6	70.27
1247	106	3	11.21
101	1168	3	5.11
301	103	4	3.88
112	144	9	11.5
693	12	5	4.13
283	101	22	64.65
102	2723	5	26.23
1288	498	4	52.05
122	4371	4	41.33
6667	113	3	31.08
1074	14	4	6.69
104	1630	12	92.38
105	322	5	11.1
2030	1082	5	80.83
6541	14	3	18.3
1098	740	3	38.46
6742	113	3	31.08
111	473	3	9.47
215	102	7	5.06
1105	14	7	20.64
332	103	6	10.88
107	288	12	44.49
101	400	5	4.76
124	122	18	52.54
104	408	6	15.85
3305	12	5	18.44
117	354	3	9.75
128	3635	4	40.76
101	2180	3	8.22
107	4582	3	19.75
133	131	14	47.11
690	114	7	41.94
39	238	6	23.69
184	127	5	17.31
3567	107	3	18.18
2547	143	4	39.59
2379	111	5	37.67
503	14	5	4.5
107	2083	3	14.38
442	285	4	38.19
989	12	5	6.67
6602	1578	3	58.6
2	189	4	14.17
109	105	280	881.22
600	388	3	30.97
1648	232	9	125.94
472	1058	8	114.18
871	12	6	8.89
198	172	3	14.56
132	110	29	67.6
269	134	5	25.03
672	254	3	28.32
264	2527	3	36.71
507	103	3	4
8172	14	3	18.3
3672	14	3	10.28
101	2111	8	43.28
689	2064	3	41.59
104	4976	4	28.15
355	102	11	29.56
740	14	5	7.42
516	308	4	40.31
7477	1007	3	56.07
787	342	9	119.08
101	715	4	5.86
1378	3421	3	49.78
1912	2662	5	90.22
424	114	5	21.37
1491	14	3	4.82
12	7736	3	15.91
148	132	39	239.93
121	442	7	42.87
181	292	3	19.2
335	12	14	18.3
142	2874	4	41.1
703	266	6	67.08
963	12	4	3.85
1884	12	4	7.82
146	142	4	8.57
413	14	7	7.74
738	180	3	24.84
1396	14	3	4.82
1705	399	3	37.11
114	2236	6	50.82
119	1309	3	17.89
1769	14	4	9.9
101	148	33	27.22
175	719	11	120.87
115	1495	4	25.89
579	101	7	15.14
5216	101	3	15.5
104	4571	4	28.15
111	2672	4	28.95
101	517	10	26.38
2272	12	3	5.33
440	103	6	13.88
16	167	5	20.3
101	397	13	34.61
101	465	11	28.73
107	287	4	6.58
296	942	6	73.12
5163	239	3	42.05
421	660	3	31.82
2611	436	3	40.45
721	296	3	30.04
105	141	12	7.46
926	104	14	91.73
104	853	6	24.42
219	116	7	25.03
101	3978	4	19.08
671	14	10	27.07
264	361	4	35.26
3202	2663	3	52.5
1112	12	4	4.57
4683	12	3	9.47
45	1281	3	18.22
103	638	5	13.13
113	1001	3	14.69
430	101	5	5.27
115	478	5	23.92
192	146	3	10.27
109	106	151	300.47
12	590	26	111.27
109	160	8	7.65
120	1760	4	30.51
600	453	3	31.84
126	305	6	32.36
102	2148	3	10.14
537	117	3	12.11
2720	104	3	14.42
238	113	7	24.44
103	137	30	32.14
3116	107	3	16.97
120	5531	3	29.8
113	409	6	27.56
133	1410	3	22.01
107	1964	3	13.73
3196	107	3	16.97
112	711	3	11.87
5001	298	3	44.12
305	143	3	14.37
102	1650	4	14.47
39	14	58	12.45
1555	3722	3	50.28
116	821	4	22
110	196	4	4.83
110	279	3	5.11
105	767	4	13.81
121	332	4	17.58
1815	12	3	4.19
104	302	17	70.06
2641	12	5	16.37
107	2262	3	15.12
104	2906	4	23.66
2778	1727	3	48.56
157	143	3	5.86
106	197	25	98.24
105	2247	3	14.89
150	234	12	84.08
111	2416	3	18.61
1329	102	6	24.27
275	102	11	23.43
847	745	22	431.28
1674	118	3	19.21
909	14	4	5.94
2962	107	3	16.97
3142	14	3	9.13
113	240	3	5.93
3054	2812	3	52.5
5785	550	4	70.18
262	14	9	5.81
155	133	6	16.04
4287	1002	3	49.34
107	1709	3	13.15
132	101	35	16.19
141	246	7	39.6
102	4654	3	15.37
359	12	9	6.59
111	5325	3	25.5
105	5544	3	21.72
2955	101	3	10.66
6889	6977	3	72.64
3431	290	4	56.99
188	101	14	11.8
126	575	7	49.46
126	405	4	20.6
1968	2059	6	108.35
132	258	13	87.96
107	2233	3	15.12
105	1066	6	29.78
4516	14	3	11.77
175	103	8	4.31
3732	737	5	85.54
5339	12	4	21.21
125	232	4	14.71
101	601	6	11.59
150	249	6	34.6
157	101	38	48.79
106	183	6	5.87
45	811	3	15.77
107	841	3	9.37
2090	122	6	56.07
1496	1122	3	42.25
305	101	19	54.32
133	122	6	8.34
718	12	5	4.13
245	3135	4	52.74
103	1499	3	9.19
117	516	5	25.11
7646	2210	3	61.19
104	394	19	95.91
160	102	12	4.22
425	104	3	4.36
2078	114	3	18.97
102	7220	3	22
964	101	3	4.53
167	106	18	42.73
687	12	5	3.86
265	183	3	18.15
103	176	8	4.31
4731	12	3	9.47
123	161	5	11.52
3588	1586	3	50.28
1309	166	3	26.62
781	85	6	54.8
103	681	8	30.05
12	2153	3	4.72
112	111	26	22.11
141	4417	3	30.82
111	3964	3	21.71
45	344	8	44.12
101	418	5	5.09
102	1289	11	63.48
101	502	5	6.48
242	104	6	8.62
114	1903	5	36.77
998	12	4	3.85
254	237	4	30.33
101	2654	6	31
101	2706	3	9.71
121	795	4	24.64
105	242	7	14.46
104	721	4	11.5
246	12	14	8.58
12	3171	7	37.13
886	111	15	125.02
7	7	20	174.7
3733	891	4	66.47
598	107	3	7.59
271	111	3	6.2
101	104	188	41.23
101	164	19	13.69
115	188	3	4.4
747	14	4	4.72
109	2181	4	23.31
237	111	3	4.91
307	173	6	45.92
107	1298	9	59.26
177	172	3	12.55
482	101	7	12.81
104	1929	8	53.46
893	12	10	25.58
3275	865	3	45.86
4631	3694	3	57.6
259	105	5	8.37
3264	111	3	20.48
149	118	5	5.5
3342	543	5	79.52
423	14	9	14.09
412	102	11	32.89
16	2	33	213.39
102	1338	10	54.5
116	292	28	213.28
287	1293	8	108.55
116	120	47	170.41
261	671	5	52.96
1906	12	6	17.4
109	785	4	15.78
123	3101	3	25.48
102	2702	7	45.35
105	1451	3	11.92
1339	432	3	36.02
156	208	3	12.3
111	4042	4	34.99
551	113	3	11.32
144	1948	3	25.32
156	401	3	17.55
210	2642	4	49.25
2808	102	4	18.45
2424	14	3	7.43
122	634	4	23.21
102	211	15	27.79
724	14	5	7.42
1157	12	4	4.57
177	12	28	17.61
1368	101	3	5.8
140	151	5	11.54
114	2203	3	18.97
102	2959	3	12.64
118	603	28	290.66
2315	12	3	5.33
3795	122	3	26.44
120	153	48	285.47
116	472	3	11.36
205	12	20	13.94
153	117	6	7.81
105	426	5	13.71
105	374	3	4.9
408	101	6	7.6
2527	101	4	15.77
1078	12	6	10.66
85	134	3	5.54
104	2423	6	38.33
150	786	3	20.87
5894	123	3	30.53
576	175	3	22.81
1176	14	4	7.11
104	336	8	22.42
3826	12	3	8.03
175	122	4	9.44
102	1925	11	80.67
104	5110	3	20.37
3464	12	3	8.03
157	170	3	9.36
138	129	4	5.07
227	101	25	62.83
172	146	3	8.77
114	6564	3	31.11
2502	12	5	14.74
1998	101	3	8.22
534	12	9	12.09
2117	14	3	6.76
888	107	3	9.65
6221	111	3	25.5
1211	14	3	4.12
2341	128	3	24.86
151	113	5	3.85
1361	14	4	8.07
109	133	24	40.79
376	552	3	30.11
178	115	5	10.05
102	974	4	10.55
503	8	3	15.92
101	1703	3	7.09
102	1077	15	93.95
6337	12	3	11.56
265	112	12	55.62
133	297	6	33.88
104	2885	3	15.41
349	12	14	19.23
104	2681	5	30.92
6306	12	3	11.56
1948	14	3	6.19
1505	367	5	66.35
3356	209	4	50.78
160	123	3	4.03
1214	107	3	11.31
245	139	3	11.36
106	4821	3	19.64
2405	104	3	13.58
341	14	7	5.79
552	1329	8	120.74
9020	104	3	24.84
102	1833	6	29.1
101	956	4	7.73
39	222	4	12.02
726	467	5	61.08
12	7345	3	15.91
104	476	6	17.56
5390	12	3	11.56
1785	105	3	13.5
110	149	18	37.74
121	254	5	20.43
154	115	7	10.75
220	510	3	25.31
3377	101	3	11.83
191	7969	3	43.96
109	283	4	7.64
128	2315	3	24.86
176	101	56	165.17
2321	185	3	31.91
102	2147	7	39.27
255	1249	3	31.7
45	1796	3	20.31
167	133	4	10.61
102	1009	15	90.67
122	366	3	12.45
288	102	11	24.04
213	113	4	8.53
102	925	5	14.95
1107	107	3	10.93
3033	14	3	9.13
145	171	13	74.46
113	182	12	42.35
1365	104	4	16.08
107	1690	5	27.92
39	1237	5	36.05
4762	14	4	19.5
954	107	5	21.93
198	112	6	14.29
2805	12	4	10.71
107	3623	4	27.65
108	703	3	8.56
337	246	3	23.67
130	144	4	6.46
2675	110	3	18.09
121	406	8	49.71
102	5219	3	17.55
1662	12	4	7.11
181	106	20	61.05
220	203	19	189.74
117	8791	3	32.11
138	182	4	12.96
1102	3458	6	114.89
1110	14	4	7.11
1254	133	6	51.93
202	102	7	4.03
2024	14	4	11.52
107	920	3	9.94
2960	14	3	9.13
6048	107	3	21.95
117	801	3	14.49
85	121	4	6.79
117	621	3	13.07
279	1826	3	35.17
260	104	4	3.94
107	408	14	69.08
1461	101	4	10.55
200	179	3	15.05
101	134	31	11.14
236	110	30	172.77
3306	12	5	18.44
361	103	7	15.61
2101	12	6	18.95
404	1934	3	37.71
1227	12	9	26.83
5860	2841	3	57.56
3111	104	6	43.98
2707	107	3	15.97
108	131	22	28.68
204	224	25	269.48
1565	14	3	5.23
127	199	3	8.7
108	448	4	10.15
102	2859	5	26.23
102	551	23	128.76
3430	101	3	11.83
882	12	8	16.42
5939	12	3	11.56
497	185	24	304.68
247	105	12	37.74
9232	151	3	38.65
101	1356	9	40.03
2666	122	3	24.19
142	5002	3	33.48
3183	377	3	40.64
528	335	3	29.19
410	1667	3	37.25
2231	12	9	47.74
12	5494	4	21.21
1850	14	3	6.19
725	14	5	7.42
1702	107	3	13.15
1934	224	8	110.24
4966	1257	3	50.47
219	111	3	4.4
106	2187	5	30.14
105	316	13	52.96
945	12	8	17.27
3145	774	3	45
110	785	3	11.12
111	2673	5	39.44
823	14	4	5.29
102	1189	4	11.96
101	568	5	7.46
111	4900	4	34.99
1326	1105	8	133.79
122	1000	4	26.86
21	2	3	6.2
4065	4116	5	115.96
12	2169	3	4.72
4300	107	3	19.75
1125	104	4	14.99
339	105	4	7.81
589	185	10	106.05
118	893	8	59.26
1901	12	6	17.4
158	134	3	5.08
108	151	13	13.9
108	207	5	6.24
2939	12	4	12.09
4001	12	4	13.87
140	281	16	124
5597	12	3	11.56
104	1881	7	43.68
250	481	3	26.18
340	719	3	31
102	293	6	7.32
1681	14	3	5.68
101	1535	3	6.62
142	2875	4	41.1
327	3580	3	40.93
115	127	10	13.64
4262	14	3	11.77
1650	14	3	5.68
236	116	3	6.55
102	1496	11	66.28
101	313	6	4.95
104	2533	3	14.42
85	248	3	14.92
186	134	56	499.23
1050	12	5	7.15
104	673	8	34.05
115	3863	4	34.93
5342	103	3	18.82
157	144	3	6.02
101	717	9	27.49
102	2078	7	39.27
460	142	3	16.8
1204	14	4	7.57
1320	107	4	18.11
104	301	6	12.23
105	979	5	22.11
125	2942	5	50.44
673	224	7	76.77
104	7585	3	24.84
12	139	91	90.97
163	204	6	35.36
12	186	26	19.42
101	3212	3	10.66
182	250	6	43.92
2737	104	3	14.42
113	112	18	11.02
6431	12	3	11.56
123	1013	3	18.54
114	440	4	15.69
122	6420	4	46.33
516	1366	3	37.16
113	494	3	10.8
167	149	4	13.11
217	160	3	13.53
748	12	7	10.64
102	7144	3	22
102	983	6	20.97
104	1318	6	29.79
386	111	6	24.64
414	141	4	23.41
182	399	4	30.73
102	2268	7	41.9
110	133	25	51.94
2359	107	3	15.12
946	470	6	79.39
116	718	5	28.11
863	14	7	17.33
101	2365	6	28.62
428	175	4	30.3
3189	102	4	19.92
154	113	7	9.26
102	3602	5	31.31
1432	12	7	18.74
102	1651	3	8.97
184	183	3	14.15
111	2332	4	27.69
39	101	222	605.05
117	2656	5	42.97
107	2564	6	43.92
2704	12	3	6.06
12	1312	4	5.43
110	283	3	5.18
173	3294	3	32.81
107	706	3	8.4
4939	411	3	44.01
103	1566	4	15.36
5285	1973	3	55.25
101	1773	3	7.09
107	8074	3	26.43
2164	102	3	10.14
178	113	11	35.21
2882	367	3	40.51
103	177	8	4.42
2027	103	4	17.82
151	115	221	2008.36
3789	12	3	8.03
1128	101	3	5.11
286	106	6	13.94
102	2239	7	41.9
114	5010	3	26.62
104	7293	3	24.84
2302	103	3	12.07
109	149	24	54.99
130	1132	3	20.6
104	1163	7	35.26
12	372	23	59.2
960	103	4	11.68
319	101	6	5.24
118	219	11	51.43
2788	105	4	23.93
132	318	9	59.68
102	699	9	33.34
207	102	9	9.05
107	7923	3	26.43
1507	627	3	39.31
1076	102	3	6.55
101	806	4	6.71
101	4523	3	13.34
701	12	5	4.13
110	365	5	16.11
104	216	45	232.78
104	2624	3	14.42
1831	101	8	40.47
5863	126	3	31.03
1667	122	3	21.3
592	261	6	64.66
107	453	3	6.03
101	299	14	30.29
102	1613	6	26.41
1818	103	3	10.72
4449	104	5	41.4
640	102	4	7.36
254	491	5	49.7
116	418	4	16.45
962	367	6	76.84
116	350	5	20.89
659	14	7	13.25
1628	371	9	135.78
2458	14	3	7.43
605	102	3	3.89
314	118	4	14.73
140	276	4	19.22
267	1259	10	138.58
101	3811	3	11.83
364	103	4	5.2
104	5239	3	20.37
343	101	9	15.03
104	3472	3	16.62
609	101	6	11.59
173	120	6	17.59
263	12	13	8.17
5470	5286	4	94.56
102	520	5	9.51
4179	101	4	21.64
118	4247	3	25.92
2029	701	3	41.83
119	340	3	10.16
501	416	35	625.07
7907	104	3	24.84
4976	14	3	11.77
104	7090	3	24.84
124	328	5	25.47
2196	12	5	13.39
229	12	23	28.2
752	106	3	8.76
107	275	11	38.14
101	417	9	18.16
139	110	39	118.65
128	1111	3	20.51
152	202	3	11.18
441	14	9	14.86
108	118	38	44.85
101	3808	5	27.88
129	1028	5	39.31
161	645	4	31
142	2841	3	27.41
115	316	17	111.28
3520	3712	5	105.15
1920	12	5	12.24
2865	254	4	51.81
4501	12	3	9.47
4166	105	3	19.51
1645	101	5	17.42
2148	12	4	8.63
237	117	5	15.82
1891	12	3	4.19
106	610	3	7.49
1261	12	8	21.42
12	2032	5	13.39
101	4956	3	13.34
107	4939	3	19.75
1403	14	4	8.62
148	808	3	21.1
121	918	3	17.53
119	1535	3	18.83
3523	14	3	10.28
685	102	3	4.4
229	126	3	9.5
1095	12	4	4.19
499	1067	9	132.72
117	2317	4	30.5
228	316	4	32.5
12	4376	3	9.47
1385	101	3	6.19
1060	12	4	4.19
409	266	4	36.54
112	117	13	5.68
8106	14	3	18.3
211	3966	3	36.91
1522	14	6	19.34
107	3792	4	27.65
162	130	3	5.48
105	1450	3	11.92
1302	107	3	11.71
107	2039	3	14.38
103	296	9	20.68
102	4216	5	36.66
425	120	3	12.8
103	5087	4	31.03
2521	837	4	62.6
154	129	3	4.04
105	730	7	31.93
101	2327	4	14.57
4019	2123	4	73.46
2857	12	3	6.06
104	524	7	24.26
110	106	138	296.95
1193	14	3	4.12
102	1849	5	21.81
106	409	5	13.69
106	357	5	12.31
383	413	3	28.44
164	206	7	45.03
6975	14	3	18.3
133	102	31	22.76
730	104	3	7.2
102	2104	5	23.06
807	262	3	29.7
106	113	178	613.7
101	2404	3	8.91
144	2786	3	27.61
104	185	15	31.59
345	105	4	7.95
130	101	114	265.35
114	4825	3	24.4
114	2710	5	41.31
1138	205	5	54.34
3095	102	3	12.64
102	650	6	16.04
965	156	3	22.95
113	128	7	4.89
1357	102	3	7.61
137	113	19	46.18
1936	14	3	6.19
3874	104	4	25.55
737	505	3	33.65
12	317	9	4.84
127	706	3	17.66
292	14	8	6.18
1834	1392	11	223.23
3391	101	3	11.83
485	120	6	36.02
6025	12	3	11.56
2653	12	3	6.06
189	101	11	5.85
144	513	3	17.82
107	919	4	15.62
424	12	9	8.59
5093	1571	3	54.1
107	1070	4	16.51
3465	8620	3	64.33
102	3224	3	12.64
925	342	3	32.69
101	4593	4	21.64
121	457	5	27.31
102	3376	3	13.83
220	156	3	12.86
107	4378	3	19.75
4552	14	5	30.5
751	2845	7	122.64
107	4513	3	19.75
3419	579	3	44.61
6513	14	3	13.9
117	547	10	66.85
326	556	12	156.78
978	103	3	7.37
2787	12	3	6.06
8635	12	3	15.91
499	467	10	131.13
3507	12	4	13.87
494	1093	3	35.78
1644	12	7	21.56
329	654	3	30.3
101	1667	3	7.09
4289	12	3	9.47
145	124	7	15.82
102	926	12	61.5
159	102	12	4.03
442	241	4	35.92
117	1139	9	72.96
102	4267	3	15.37
125	1786	4	32.66
101	1153	3	5.11
274	135	3	12.38
658	102	3	4.22
101	1205	3	5.44
102	350	5	6.18
1770	209	4	45.07
1569	102	3	8.47
104	3606	3	16.62
1434	103	3	9.19
1978	1787	11	237.78
4120	1490	5	97.72
119	105	35	34.96
188	2319	3	32.38
1003	12	5	6.67
117	2151	3	19.96
500	14	7	10.05
627	102	3	4.05
149	131	9	28.5
623	101	5	8.31
2248	12	4	9.58
273	12	11	6.49
496	297	3	27.99
315	119	6	27.47
1949	12	4	7.82
102	4966	3	15.37
4864	356	3	43.1
119	417	3	11.37
1129	290	3	32.59
865	12	5	5.81
370	106	3	5.01
1982	12	3	4.19
101	1544	4	11.18
102	247	45	216.29
1716	107	6	36.38
156	563	3	19.65
195	271	7	58.01
104	6446	3	20.37
104	286	12	38.54
2	1278	5	43.13
834	14	4	5.29
525	143	3	17.81
856	4015	4	66.06
1393	14	3	4.82
101	2434	4	14.57
189	110	4	4.28
106	316	5	11.14
101	633	5	8.31
8334	12	3	15.91
113	223	8	28.68
330	105	3	4.23
161	110	11	20.25
1898	12	6	17.4
4972	635	4	66.28
4863	6324	3	61.41
12	154	303	1599.72
163	271	4	24.39
2534	14	3	8.2
209	104	5	4.22
816	102	3	5.46
4058	262	3	40.48
2	147	5	11.73
681	14	6	10.04
1742	114	5	35.64
386	125	12	88.08
6138	14	3	13.9
2617	125	3	24.72
132	438	5	30.31
537	14	9	18.04
366	1167	3	34.23
147	3226	3	28.98
113	478	4	16.26
3762	103	3	15.08
2016	12	4	8.63
213	12	16	8.06
2051	12	5	13.39
1376	101	4	10.55
164	299	7	53.2
669	106	4	13.02
107	597	13	73.94
885	290	12	166.86
104	438	26	160.16
105	708	3	8.18
118	1343	13	129.77
121	213	11	55.94
101	2381	3	8.91
118	1223	3	17.3
117	484	4	17.79
101	2313	5	21.14
1308	1813	3	44.74
2244	107	4	23
12	5496	4	21.21
788	104	3	7.67
149	137	5	11.22
124	102	30	13.1
117	876	7	48.36
105	129	12	4.69
526	12	19	56.32
6386	5781	3	63.65
1188	106	3	10.83
12	1679	6	16.06
8946	12	3	15.91
105	1400	8	50.89
1808	263	4	48.59
5619	122	3	30.25
599	12	8	10.85
2240	101	4	14.57
2361	14	5	18.53
217	727	3	27.37
2786	1345	3	47.05
122	1059	4	27.34
103	833	3	6.54
115	409	9	51.53
1322	14	3	4.45
101	1611	3	6.62
4589	107	3	19.75
7985	611	3	53.14
102	308	6	7.78
122	683	4	23.81
1103	2531	5	84.78
179	171	10	67.2
891	14	6	12.93
921	221	4	41.13
370	105	4	8.51
314	146	3	14.95
3716	12	3	8.03
659	8	3	17.46
6952	101	3	19.92
623	110	4	15.28
388	12	12	15.81
117	791	4	21.75
101	3147	3	10.66
111	246	3	5.14
111	6357	3	25.5
120	169	4	8.3
1126	254	6	72.44
254	388	3	24.99
101	278	25	79.82
920	14	4	5.94
254	542	3	27.05
116	486	4	17.66
2817	104	4	22.16
118	2025	3	20.47
105	436	3	5.57
328	139	3	13.91
300	14	7	4.47
2608	151	4	40.47
2691	12	4	10.71
450	12	29	106.03
121	2141	3	22.15
116	4007	4	35.07
436	105	12	55.31
819	12	8	15.64
115	155	18	59.78
104	3405	6	49.69
557	132	11	92.82
177	113	4	5.49
101	3751	3	11.83
7698	14	3	18.3
118	665	3	13.78
103	2389	4	18.88
106	3475	3	18.08
183	137	3	8.12
119	150	7	11.76
508	175	4	31.83
12	1004	4	3.85
1091	102	4	10.98
665	12	11	23.31
103	742	3	5.85
112	221	5	12.01
6358	12	3	11.56
5690	2285	3	56.69
1544	12	9	32.27
274	181	3	18.74
3530	12	3	8.03
1759	2294	5	87.3
270	642	6	66.46
4880	1951	4	75.13
2708	126	3	24.97
582	12	6	5.02
8975	12	3	15.91
101	365	6	6.58
8	3018	4	39.02
5510	2108	3	55.93
1474	643	3	38.81
110	806	3	11.12
101	2843	4	15.77
1149	14	5	11.07
105	182	6	5.68
1706	1082	5	78.39
141	3964	3	29.23
633	102	6	15.62
646	14	5	6.17
106	496	3	6.5
133	161	4	9.37
154	187	3	10.38
118	1174	4	25.07
695	146	3	19.96
1056	671	3	37.59
5786	356	4	66.51
117	379	3	10.22
110	105	153	352.4
104	587	14	73.83
387	101	7	9.88
1037	105	3	10.35
1600	129	4	32.4
104	1299	3	10.21
12	492	8	8.39
2703	503	4	58.35
323	118	8	41.24
145	130	4	6.56
191	2178	8	107.53
123	801	3	17.33
103	236	6	5.97
1484	14	3	4.82
754	102	6	17.94
1473	102	4	13.1
970	671	4	52.35
512	1213	3	36.73
101	3361	3	10.66
141	132	35	194.87
5975	1620	3	54.1
210	1063	4	41.29
109	520	5	17.72
6832	12	3	15.91
12	110	161	13.54
5912	12	3	11.56
12	157	272	1406.18
117	194	3	4.77
117	132	14	28.86
1337	12	4	5.43
239	105	5	7.48
168	214	3	14.72
417	122	18	150.57
525	101	5	6.95
2243	2898	7	148.1
104	275	4	4.75
116	994	3	15.59
101	686	6	12.79
101	618	11	35.04
264	1996	3	35.08
1495	209	3	30.69
768	14	4	4.72
286	105	9	27.47
1911	12	3	4.19
901	1949	8	138.21
104	1224	3	9.82
142	744	10	94.24
4018	349	3	41.39
245	1481	3	32.15
2566	102	6	35.1
558	107	5	16.98
103	118	32	9.08
102	1865	5	21.81
144	286	6	36.41
1576	123	6	52.17
276	536	4	39.52
4975	4090	4	84.55
138	512	3	16.58
6250	14	3	13.9
117	462	3	11.15
117	580	11	77.7
104	456	13	58.1
185	328	3	20.14
104	404	12	48.26
116	608	4	19.38
104	574	3	5.86
110	174	11	26.07
110	120	21	25.03
102	5251	3	17.55
102	3409	6	44
114	4054	3	24.4
110	368	5	16.11
1408	103	3	9.19
1148	187	4	39.7
337	132	9	61.43
1880	104	3	12.21
101	819	16	80.95
102	2120	8	48.76
102	2060	3	10.14
101	667	8	21.11
106	173	7	6.96
553	14	11	27.24
106	127	16	11.52
102	634	5	11.24
475	542	3	31.56
194	383	3	21.84
118	281	8	38.31
132	201	4	14.21
1155	12	8	20.24
2264	12	4	9.58
146	112	6	4.64
3421	12	3	8.03
6169	12	3	11.56
2855	564	6	97.09
107	1208	5	24.45
2893	12	4	12.09
9202	101	3	19.92
1229	14	3	4.12
1601	16	3	25.68
12	794	6	7.91
102	5116	3	17.55
333	125	3	12.39
45	5145	3	28.65
1022	14	7	19.72
105	357	3	4.6
107	2832	3	15.97
107	440	7	25.03
4671	2024	4	76.09
111	3142	3	20.48
101	160	50	98.33
1734	12	4	7.11
8822	12	3	15.91
104	2184	8	56.31
124	136	19	69.94
367	12	8	4.81
107	268	4	6.01
117	2182	6	50.82
107	185	7	8.83
102	7365	3	22
147	195	3	10.43
3443	1329	3	49.31
405	1926	4	53.14
102	4022	4	21.79
119	195	5	13.41
131	159	3	5.06
872	14	4	5.6
121	1961	5	42.1
162	143	5	16.05
156	136	11	43.74
1457	12	7	18.74
103	791	4	10.57
3555	12	4	13.87
103	687	4	9.34
7239	12	3	15.91
102	583	20	106.95
112	169	5	6.63
128	562	6	41.85
523	349	3	29.43
102	381	18	70.97
3380	101	3	11.83
1761	12	6	16.06
162	101	68	186.02
108	395	3	5.45
1391	12	4	5.93
4362	1041	5	94.69
101	1169	3	5.11
938	14	5	9.47
107	1568	3	12.63
1284	102	6	24.27
2147	14	3	6.76
861	180	3	25.95
113	931	3	14.37
104	3410	5	36.03
102	1126	7	28.81
102	1246	12	70.22
1158	107	5	23.75
1084	246	5	56.67
105	155	55	206.63
310	106	3	4.01
702	237	3	27.83
215	103	8	9.67
437	12	7	4.4
135	146	10	34.25
153	144	3	5.39
1526	12	5	10.37
2930	14	3	9.13
101	206	9	5
101	150	19	4.09
102	1459	6	25.29
104	2391	3	13.58
1424	104	3	10.65
103	1807	3	10.72
142	4044	3	31.25
4421	166	4	50.5
7582	493	3	51.99
282	768	3	29.98
392	118	3	10.82
115	182	4	7.09
140	176	4	12.17
141	818	11	107.42
101	3789	3	11.83
710	12	6	6.66
108	146	29	68.37
105	1270	5	24.06
2552	3427	5	99.97
1493	12	4	5.93
572	12	10	16.51
370	120	3	12.15
248	132	27	225.17
2962	165	3	31.97
113	300	5	17.85
632	499	5	60.3
282	142	9	61.14
2511	14	4	13.7
198	127	6	25.34
376	195	5	41.63
876	4674	3	48.69
3779	123	3	26.72
636	14	10	25.49
5416	107	3	21.95
124	4248	3	28.49
2842	14	3	8.2
105	914	4	15.31
478	102	4	5.52
1179	1326	5	76.27
201	958	5	52.09
331	148	3	15.44
107	987	3	10.25
107	935	8	43.87
1038	12	4	4.19
368	101	9	15.98
106	390	4	8.97
179	1692	7	83.94
117	2795	4	31.77
112	2101	3	18.04
107	800	4	14.45
134	164	7	25.53
134	104	13	3.93
639	107	7	30.16
107	2407	4	23
195	1280	3	29.15
12	588	6	5.02
119	738	5	29.82
141	413	4	23.41
481	240	4	36.79
3689	14	3	10.28
6035	14	3	13.9
5118	101	3	15.5
524	103	3	4.28
1351	12	4	5.43
104	6054	3	20.37
155	520	3	18.93
7807	12	3	15.91
4844	12	3	9.47
112	721	3	11.87
