542	107	3	9.01
5964	1664	3	59.2
101	2171	9	47.48
1274	12	9	27.42
278	12	19	27.7
2614	4448	3	58.04
123	116	4	6.32
660	14	8	16.82
176	108	4	6.53
1658	14	3	5.81
554	14	19	71.32
178	339	8	73.32
101	1659	9	37.35
143	228	3	14.96
101	1810	5	13.26
250	1570	3	33.75
556	196	7	71.75
103	660	5	15.84
101	2116	5	14.61
141	2025	3	28.9
1102	105	4	16.95
12	1074	16	75.55
1982	1983	6	112.96
101	2486	3	5.98
6493	12	3	15.56
101	4480	4	21.1
452	14	7	8.33
1373	14	5	12.47
101	631	14	37.13
116	2807	4	38.86
102	1225	3	7.55
420	594	21	328.06
1471	121	3	23.29
117	161	3	7.69
666	172	3	24.89
117	102	37	40.34
117	244	6	31.48
16	101	124	80.83
109	1540	4	26.31
223	14	12	10.3
842	479	3	33.75
101	272	24	46.35
103	1511	3	11.39
102	966	5	15.4
1717	12	5	11.71
102	914	6	20.18
2042	118	8	91.5
4074	14	3	11.35
486	12	7	5.08
103	238	5	6.48
12	2797	6	25.53
107	3212	3	20.34
147	102	13	8.34
127	739	3	20.32
12	350	8	4.05
83	58	5	39.76
1944	101	3	4.65
101	3968	4	16.25
269	101	13	10.67
12	158	157	786.59
104	1551	3	11.41
102	711	9	33.99
353	12	16	25.59
101	1349	12	52.13
12	2900	3	6.62
102	2036	3	10.8
102	1933	3	10.09
786	12	5	4.65
121	14	36	13.61
106	245	4	5.84
101	584	17	49.09
884	2886	4	63.82
3115	102	3	13.78
1464	110	4	28.73
101	2821	5	18.3
189	107	13	45.76
103	1227	3	9.97
294	101	16	21.36
103	1167	5	21.47
103	1347	3	10.4
106	260	16	68.11
107	1008	4	19.31
380	114	9	60.41
326	595	3	29.55
114	283	3	11.41
102	3230	3	13.78
547	16	8	52.23
1778	12	3	3.91
105	891	5	21.31
12	145	115	321.34
101	4057	3	9.39
589	108	3	10.93
2608	3232	3	54.22
4955	114	3	30.7
115	151	3	6.11
102	2543	6	34.99
551	296	3	28.29
12	2812	5	17.87
101	1385	4	6.39
307	107	3	6.02
103	203	14	38.04
141	1424	3	26.32
2027	101	3	5.26
1541	12	4	6.71
2413	12	4	10.28
968	14	7	17.94
312	14	16	32.48
101	5023	4	21.1
101	2925	3	6.86
1402	108	4	24.18
3265	2708	3	54.22
1260	107	3	13.8
135	471	3	18.58
163	101	36	42.37
2060	101	3	5.26
1165	102	4	11.89
6011	406	3	50.33
3011	3571	3	57.05
1560	101	7	21.37
101	2591	5	18.3
101	4645	4	21.1
107	105	49	33.38
101	794	15	50.61
120	12	70	44.18
133	105	15	22.4
102	355	4	3.9
129	1931	3	26.4
12	2298	8	41.5
2702	151	3	31.86
101	2069	3	5.26
103	657	8	33.39
161	291	8	66.95
489	102	18	81.42
109	798	7	44.55
3075	3624	4	81.18
101	3439	5	21.12
903	12	5	5.77
485	14	6	6.18
102	236	15	37.03
521	268	7	76.94
107	1263	3	13.8
112	108	11	8.49
101	1710	3	4.12
107	499	9	45.82
101	947	8	17.07
2204	12	6	20.13
849	143	3	22.89
108	1406	4	24.18
481	107	5	18.92
169	177	4	23.19
5472	6725	3	67.6
102	435	12	40.37
3623	2002	4	76.46
3889	14	3	11.35
159	128	3	9.27
101	2094	3	5.26
12	2229	3	5.75
172	126	5	22.18
560	107	11	64.12
445	101	7	4.73
231	361	43	664.99
3632	3824	3	58.64
1409	101	6	14.75
195	104	6	6.69
105	148	9	11.03
522	5288	3	47.3
12	1804	4	8.22
435	102	4	5.13
107	216	6	14.81
101	6928	3	15.83
120	122	12	44
2024	3821	3	53.91
104	2599	4	23.35
530	321	3	28.65
1547	101	6	15.91
6356	101	3	15.83
2394	102	3	11.62
101	2341	3	5.98
108	138	18	55.19
1241	137	3	24.74
101	3564	3	9.39
1932	126	3	26.14
835	14	4	4.84
101	1629	6	15.91
103	1099	8	42.36
109	2277	3	20.59
109	419	3	9.94
103	2820	3	15.16
1704	12	7	22.51
12	130	190	629.58
244	1172	3	31.47
7716	2374	3	61.51
102	4586	4	29.25
505	12	10	13.37
1558	12	5	10.72
101	1179	5	8.14
111	102	54	55.64
118	101	82	71.46
1005	102	3	6.5
143	1936	3	28.17
1182	102	3	7.18
761	159	7	70.1
101	2647	4	11.99
1320	14	5	12.47
266	14	10	9.05
101	2851	6	26.06
114	85	6	5.65
365	194	5	42.82
5321	12	3	11.22
1589	12	4	6.71
279	422	5	49.32
12	1143	7	15.78
101	5076	4	21.1
106	443	5	14.77
103	1469	5	23.92
330	512	4	40.6
107	622	3	9.76
1305	101	5	9.46
1986	101	4	9.48
103	330	8	22.1
12	2823	4	11.65
1338	101	5	9.46
6902	5429	3	67.6
148	938	3	24.32
3607	1976	3	53.91
1661	16	3	20.37
1394	12	4	6.1
603	171	4	34.99
540	406	20	301.1
258	255	3	22.61
102	2232	5	26.14
101	3714	3	9.39
109	214	5	14.31
101	5811	3	15.83
1395	2292	4	66.69
156	124	3	8.53
12	432	16	32.88
114	455	4	21.34
102	3509	3	13.78
7718	101	3	15.83
101	3123	3	7.95
967	101	6	9.88
5437	114	3	30.7
1100	14	4	6.63
828	986	5	69.57
362	1421	3	35.61
478	114	4	21.77
955	4538	3	51.02
106	118	13	9.03
289	107	4	9.59
215	101	12	4.49
1104	102	4	11.38
523	117	4	24.14
102	2565	7	51.2
1054	101	4	4.11
12	230	69	299.71
2432	12	6	22.43
101	1346	6	13.72
712	12	10	20.55
103	477	4	8.54
2826	12	5	17.87
123	247	4	19.37
101	3581	5	26.38
12	684	6	6.14
108	241	4	9.82
630	101	8	11.67
101	1780	3	4.12
103	946	3	8.25
103	990	3	8.55
360	1401	6	81.76
103	1050	4	14.18
171	707	3	25.33
106	620	4	12.58
777	107	16	124.55
597	101	10	17.54
1723	101	4	7.72
101	965	6	9.88
1099	114	8	70.47
101	2184	4	9.48
678	143	13	139.51
2303	114	4	35.86
1188	126	3	22.94
101	2441	4	10.61
2508	1058	3	45.29
101	2613	5	18.3
267	12	20	29.37
1758	118	6	58.16
101	656	7	8.99
101	708	5	4.33
120	137	4	9.27
101	760	6	7.33
101	828	6	8.25
154	251	10	82.8
1158	7747	3	56.65
101	2111	6	20.64
8	2998	4	40.5
5872	539	3	51.99
495	107	3	8.52
212	772	20	291.09
102	528	6	13.66
12	7208	3	15.56
101	3280	4	13.76
101	5302	3	11.48
1354	12	6	13.24
3212	12	4	13.42
127	108	6	5.05
1972	8	3	24.66
293	12	14	14.57
1333	114	8	74.84
129	171	4	16.27
101	6264	3	15.83
941	12	5	5.77
5166	111	3	29.45
2575	101	3	6.86
1749	101	3	4.12
101	3060	3	7.95
5596	104	4	32.81
107	3332	5	42.29
147	115	9	34.92
115	475	6	39.13
12	366	44	206.48
101	3833	4	16.25
335	105	5	12.21
102	643	21	122.53
13	367	6	32.52
102	779	4	8.99
206	12	13	4.47
804	2620	5	83.09
1285	153	5	51.07
106	1500	3	12.63
2390	101	5	16.24
102	4544	3	17.49
5744	235	3	46.74
2904	110	7	78.28
12	217	14	7
107	2380	3	18.11
104	144	9	5.96
7870	104	3	24.6
101	4799	4	21.1
842	14	5	7.97
3662	1516	4	73.55
1159	12	7	15.78
141	367	16	155.9
116	2432	4	37.33
2913	12	4	11.65
101	465	9	10.18
101	2367	3	5.98
224	14	10	6.43
1667	2986	6	120.71
148	7621	3	41.19
101	2187	3	5.26
102	5770	3	21.94
407	116	4	21.97
105	548	3	7.02
2006	118	4	36.5
292	258	3	23.63
101	7033	3	15.83
2337	101	5	16.24
377	104	3	3.86
1433	104	7	39.67
107	583	11	64.96
103	933	3	8.25
2082	101	4	9.48
112	341	3	11.85
101	1743	3	4.12
110	3713	3	26.82
405	16	5	24.5
604	166	4	34.21
4343	153	3	37.05
1313	14	3	4.47
1730	12	3	3.91
108	155	7	14.22
1019	14	5	9.87
265	791	4	42.28
108	2714	3	20.57
867	101	6	8.75
120	124	4	7.14
2729	110	6	61.36
1363	101	4	5.83
295	181	3	20.54
1998	102	4	17.15
101	4616	3	11.48
381	12	11	11.89
101	750	6	7.33
101	674	12	29.5
103	2050	4	20.58
1131	4245	5	95.18
126	119	3	4.26
195	107	5	9.35
279	793	3	30.08
101	2455	3	5.98
101	3302	6	31.65
12	895	7	11.75
101	3370	3	7.95
101	5340	4	21.1
102	541	9	28.41
101	1882	7	25.16
5593	14	3	13.47
209	3077	3	37.34
172	135	5	23.75
101	1626	5	11.12
12	2571	3	6.62
373	481	3	28.97
3894	12	3	9.14
2808	136	3	30.14
102	3041	3	13.78
108	203	6	16.6
709	235	25	397.71
108	255	3	6.13
101	3423	3	7.95
12	698	5	4.02
158	101	37	40.45
314	239	5	44.7
3069	107	4	30.54
101	4372	3	11.48
3435	114	5	53.27
492	149	5	39.81
122	5539	3	32.97
107	535	6	26.01
591	12	8	10.12
1112	1321	3	41.7
1276	14	4	7.58
2803	12	4	11.65
101	6504	3	15.83
102	1902	4	16.11
4301	181	3	39.69
866	165	3	25.82
160	117	3	7.48
103	388	3	3.95
483	101	7	5.49
102	798	9	35.77
101	3937	3	9.39
12	189	20	13.42
743	14	5	7.2
101	3732	3	9.39
912	12	12	36.57
605	14	8	15.68
312	114	5	25.26
1312	12	4	5.55
101	1437	7	19.88
102	1055	3	6.5
106	379	7	23.4
12	4029	5	25.93
1203	406	9	132.2
3009	1671	4	71.77
472	107	3	8.36
3671	1	3	31.52
101	5083	3	11.48
529	14	6	6.97
101	5039	3	11.48
117	128	3	4.23
102	3503	4	21.72
102	5601	3	17.49
105	650	5	18.64
166	528	4	32.86
455	102	4	5.29
101	4014	3	9.39
102	2532	3	11.62
104	116	15	6.68
1264	12	6	12.33
587	5835	3	52.59
4265	14	4	18.92
105	892	3	9.6
547	14	5	4.63
3511	14	3	9.86
106	207	7	13.98
101	372	21	50.04
121	150	3	7.25
806	101	6	8.25
999	1280	5	74.06
129	314	4	22.97
102	1828	5	22.97
101	3038	3	7.95
1114	12	12	42.43
3463	120	3	28.5
1754	14	5	15.25
1145	12	4	4.62
102	2277	4	18.37
1268	126	6	56.57
175	105	20	70
3442	118	3	28.32
1380	14	3	4.47
102	4273	3	15.31
2435	101	4	10.61
703	101	24	118.4
461	124	3	16.97
108	450	5	20.72
1210	102	3	7.55
101	5347	3	11.48
101	3293	4	13.76
1827	165	5	57.91
102	554	29	192.48
133	157	3	9.75
102	419	8	19.39
6478	12	3	15.56
602	490	3	31.99
103	826	3	7.7
103	722	3	6.97
171	1694	4	43.82
122	3283	4	42.33
1147	118	16	195.86
1729	105	3	13.69
102	4070	4	24.3
105	134	8	5
103	3386	3	16.37
101	2580	4	11.99
910	101	5	6.11
101	2221	3	5.98
106	653	5	18.72
101	880	9	20.58
602	153	5	42.68
102	3042	5	31.21
181	781	6	62.16
191	121	4	16.01
259	335	6	58.12
1092	121	3	21.51
85	432	3	12.63
1987	13	3	22.64
102	214	41	179.82
1766	164	7	85.96
460	12	14	26.33
285	272	3	23.61
3741	12	3	9.14
108	225	5	13.62
811	105	3	9.32
2538	12	4	10.28
132	112	6	12.36
4822	120	3	32.31
103	1779	4	18.59
102	1539	6	27.56
107	457	6	24.3
1130	101	6	11.97
101	844	5	5.32
421	104	3	4.29
3998	101	3	9.39
1291	111	3	19.47
104	954	3	8.56
678	445	3	32.2
2419	12	7	30.43
577	12	12	23.82
2067	120	8	91.98
263	119	3	12.45
103	811	4	12.52
102	2248	3	11.62
342	4247	3	42.55
1613	21	3	26.2
128	592	5	37.24
3427	101	3	7.95
105	3176	3	18.14
206	424	8	80.97
103	299	13	46.35
103	241	15	49.92
7889	12	3	15.56
12	3931	3	9.14
106	563	3	7.23
129	166	6	28.06
12	1262	4	5.06
2461	124	3	27.26
1464	101	6	14.75
5835	1521	3	58.6
104	132	13	10.04
101	2678	3	6.86
104	339	6	13.56
104	265	5	7.51
121	16	6	8.03
201	139	7	43.26
103	1265	3	9.97
101	6602	3	15.83
101	591	6	5.19
106	108	42	33.95
135	128	3	6.55
101	524	28	116.97
101	7373	3	15.83
103	552	6	18.78
730	3082	6	108.88
103	417	3	4.28
394	102	8	18.67
12	163	147	752.03
109	528	7	38.36
446	181	3	23.08
162	115	4	11.68
12	104	680	684.27
959	12	6	9.44
162	108	4	5.17
101	4089	3	9.39
12	173	118	560.06
102	642	3	4.18
5021	101	3	11.48
102	778	4	8.99
809	101	8	15.44
103	372	17	78.88
101	1228	10	34.41
12	3097	5	20.68
2529	101	3	5.98
1764	101	3	4.12
3824	2172	3	53.91
275	172	5	37.73
106	177	14	39.53
275	289	3	23.9
101	2700	3	6.86
1647	14	3	5.31
5929	403	3	50.19
104	463	5	12.52
85	1890	3	21.5
704	101	9	17.19
102	1662	9	55.5
102	1722	4	15.2
717	102	3	4.74
129	123	83	710.58
304	104	4	5.61
102	951	17	107.62
675	101	15	45.35
101	1485	7	19.88
557	101	9	12.87
2025	12	4	9.16
6900	12	3	15.56
202	105	8	17.47
105	2029	3	15.07
792	14	4	4.56
101	2101	5	14.61
2855	12	7	36.31
443	122	3	16.3
495	105	3	6.54
352	126	3	15.8
101	3214	6	31.65
4601	101	3	11.48
127	102	14	3.87
1019	101	4	4.11
113	101	95	59.14
5023	425	4	67.41
105	161	10	17.83
2100	101	4	9.48
101	722	12	30.62
101	826	8	15.44
1566	12	4	6.71
513	12	7	5.63
1363	14	5	12.47
1712	12	3	3.91
102	1148	11	60.85
2117	14	4	11.98
140	191	3	13.23
140	133	4	12.8
1486	110	4	28.73
5574	101	3	11.48
224	101	15	11.31
110	124	7	12.72
132	111	7	15.45
102	3700	5	36.57
105	415	3	5.61
375	678	3	31.33
123	233	3	12.44
405	110	4	18.21
1313	101	4	5.83
259	101	18	23.79
12	726	24	116.27
102	3005	4	21.72
821	123	4	29.33
4675	1221	4	76.43
103	880	3	7.96
101	1674	3	4.12
102	135	118	512.5
4616	14	3	13.47
3090	118	3	28.32
303	797	3	30.79
1417	12	4	6.1
113	1163	5	38
424	12	14	23.5
101	3474	4	13.76
102	287	11	25.5
101	1779	6	17.24
199	111	5	17.54
3046	101	4	13.76
107	365	3	6.93
9	208	4	15.64
1890	267	4	50.07
140	219	3	14.51
105	564	3	7.19
101	2139	8	36.08
2149	14	3	7.04
720	12	5	4.02
113	259	4	16.2
925	14	4	5.48
101	2454	3	5.98
376	2450	4	55.56
154	102	13	11.69
171	1823	7	89.85
1757	1329	4	62.65
101	811	11	29.17
173	101	28	29.16
1785	2578	3	49.64
172	1404	3	29.66
3997	101	3	9.39
101	2084	3	5.26
156	2408	3	31.64
105	1592	3	13.11
102	2665	4	19.85
1677	12	5	11.71
101	3167	3	7.95
113	1418	3	20.69
3044	122	3	29.16
12	2753	4	11.65
153	1339	10	122.14
12	6707	3	15.56
137	125	6	21.12
659	102	3	4.36
234	5066	3	42.17
2287	262	3	37.01
101	241	33	77.49
101	299	22	44.44
236	1854	3	34.53
1000	166	3	26.86
101	417	19	45.82
823	143	15	175.17
1362	12	4	5.55
5558	12	3	11.22
101	552	16	41.23
102	2004	4	17.15
107	993	4	18.84
102	1901	7	39.14
229	105	12	39.91
101	2653	3	6.86
558	119	3	16.89
116	685	3	17.81
12	339	10	7.48
802	9	3	18.71
12	132	54	39.35
347	101	15	23.25
115	337	4	19.87
743	101	5	4.63
3723	101	3	9.39
160	116	5	16.92
620	14	5	5.63
103	524	4	9.15
101	1265	7	17.39
2452	14	3	7.81
101	3039	5	21.12
1839	146	10	136.33
1127	104	3	9.6
3665	101	3	9.39
562	14	5	4.86
340	105	3	4.75
101	1451	6	14.75
166	199	18	166.2
1633	14	7	25.92
142	116	3	5.59
5510	12	3	11.22
246	808	5	54.88
2284	104	5	30.53
108	886	4	19.89
122	115	4	5.75
499	1101	3	35.6
181	452	15	170.64
1463	121	5	44.9
1662	1517	8	148.39
3960	114	5	58.67
1365	14	3	4.47
2036	12	3	5.03
107	1635	3	15.26
3364	5078	3	59.28
6485	12	3	15.56
103	1161	6	28.34
153	338	3	18.7
101	6554	3	15.83
201	12	19	14.72
101	2782	6	26.06
1683	101	3	4.12
5893	270	3	47.69
1169	110	4	26.81
130	101	44	21.77
101	985	9	22.68
101	1053	7	14.51
101	881	7	12.27
140	102	18	17.51
530	136	3	19.48
102	5799	3	21.94
105	385	3	5.38
113	589	3	15.33
102	242	7	8.22
112	102	32	14.16
112	161	4	9.84
246	167	3	18.32
531	104	3	5.35
102	555	13	52.86
107	1580	3	15.26
133	107	19	48.12
102	345	33	178.32
12	4418	3	11.22
12	2296	7	30.43
860	101	7	12.27
213	398	10	106.08
3548	12	3	9.14
759	105	9	47.78
101	5270	3	11.48
598	108	4	16.9
101	3352	3	7.95
101	3292	3	7.95
2731	12	4	11.65
4957	12	3	11.22
5214	2342	4	82.74
295	255	3	23.56
21	58	3	12.75
7855	146	3	40.79
145	124	5	16.52
256	102	6	6.28
104	895	3	7.98
113	121	4	4.38
101	4494	4	21.1
101	2492	4	10.61
1231	2135	3	45.63
1149	107	4	20.35
145	112	7	20.09
411	12	10	10.36
21	2	6	17.15
102	1283	6	24.16
134	7187	3	39.27
103	674	3	6.76
101	2050	5	14.61
119	112	13	36.58
209	3054	5	70.8
116	1341	3	21.8
5551	249	3	42.66
101	5319	3	11.48
12	753	9	17.26
176	102	12	15.24
101	5514	3	11.48
102	215	16	37.36
1792	153	3	29.34
1248	14	4	7.58
103	7789	3	24.58
3573	3033	5	109.64
407	104	3	4.18
186	101	14	4.01
569	255	3	27.55
106	309	4	7.7
101	388	11	13.03
627	101	7	8.56
1741	101	5	12.11
1013	12	7	13.96
1647	120	4	33.84
2115	105	3	15.07
128	264	4	21.24
128	131	3	6.1
4228	101	3	9.39
5923	1521	3	58.6
101	7418	3	15.83
181	4765	3	39.69
102	976	3	6.2
762	101	6	7.33
213	863	6	66.54
101	1466	5	10.24
102	2249	6	34.99
108	1051	3	14.06
147	108	6	8.67
85	2416	5	45.56
4454	12	3	11.22
192	122	4	16.22
3161	12	4	13.42
117	108	20	45.26
1349	657	4	54.42
1618	14	3	5.31
1546	283	4	48.76
863	1056	3	38.65
180	2696	3	34.64
212	1530	6	75.02
2609	101	3	6.86
348	102	5	6.41
729	101	24	126.65
221	117	3	10.89
370	1133	3	34.35
101	5320	3	11.48
128	1092	4	32.83
128	1040	3	22.32
161	190	7	47.88
119	222	4	17.1
2397	14	3	7.81
952	166	3	26.51
1908	12	3	4.43
1270	105	3	11.66
741	502	4	47.09
102	1224	4	12.43
616	369	3	30.5
141	667	7	63.4
105	177	6	7.94
452	101	12	19.17
101	2306	3	5.98
85	4013	5	56.12
141	2207	6	69.31
5278	1191	3	52.15
2061	12	3	5.03
5476	16	3	28.71
101	1039	6	10.52
4020	105	3	19.7
101	1658	9	37.35
172	355	5	40.67
85	367	14	100.33
1122	12	4	4.22
150	3449	4	47.48
1529	102	4	14.4
123	217	3	11.74
108	172	7	17.62
102	2953	4	19.85
108	289	4	11.34
151	101	59	98.48
102	710	3	4.74
783	5384	3	49.79
134	102	15	7.57
101	1348	9	29.98
887	14	9	26.18
101	4021	3	9.39
101	3969	3	9.39
12	106	2170	11034.9
446	171	3	22.54
269	14	18	34.37
12	157	22	7.29
347	126	5	31.57
302	1767	5	65.83
365	108	3	8.24
2497	12	3	5.75
4237	12	3	9.14
104	130	10	4.37
101	2744	3	6.86
1516	8	4	32.89
101	2896	6	26.06
121	242	3	12.39
102	1934	6	30.63
121	101	58	31.8
101	450	7	4.97
106	294	3	4.01
1362	124	3	23.32
106	102	182	180.44
101	330	38	139.63
157	112	14	66.42
2843	621	3	43.25
108	984	3	13.72
5125	16	4	44.27
109	135	38	180.97
101	1605	5	11.12
101	7736	3	15.83
902	101	7	12.96
101	1469	5	10.24
12	2796	3	6.62
101	3869	3	9.39
109	287	6	23.65
8008	796	3	54.28
102	4259	3	15.31
101	7515	3	15.83
106	1277	5	25.2
143	891	4	33.43
433	12	7	4.34
322	197	4	31.61
590	126	6	46.79
2060	14	3	7.04
102	7898	3	21.94
107	600	3	9.56
104	432	4	8
157	124	5	19.08
102	3486	4	21.72
685	110	4	22.56
5755	375	3	49.92
2281	101	3	5.98
101	477	10	13.58
2833	12	4	11.65
756	782	3	36.2
215	2936	3	36.37
1213	118	4	31.5
209	4421	4	60.92
101	1129	5	8.14
107	1696	3	15.85
141	1220	6	60.59
155	710	5	45.13
615	102	3	4.01
2478	101	3	5.98
109	2323	3	20.59
136	12	45	30.59
7439	120	3	36.81
101	3610	3	9.39
1086	2195	9	173
110	12	78	13.34
102	5798	3	21.94
105	378	3	5.26
242	1379	3	32.36
1779	511	9	146.18
116	105	40	95.4
101	2155	3	5.26
130	154	3	9.12
101	1050	8	18.96
200	402	3	23.41
101	990	6	9.88
101	946	5	6.11
9	127	3	3.86
2032	694	4	59.14
210	425	4	34.54
4867	110	3	29.04
648	14	6	9.33
345	238	4	34.64
12	1683	7	22.51
647	334	24	386.33
108	591	5	23.44
1595	14	6	19.73
12	910	20	103.75
249	105	4	5.96
101	3355	3	7.95
187	115	3	8.83
12	2299	8	41.5
101	2016	6	20.64
2909	3256	5	101.27
1895	12	7	24.56
110	122	19	66.96
101	2136	5	14.61
214	342	6	55.02
2170	12	4	9.16
667	14	5	6.2
1063	153	5	48.73
187	1123	3	28.68
431	101	9	9.43
101	1001	10	29.22
124	253	3	13.22
485	121	7	51.33
108	139	32	136.94
102	4945	3	17.49
203	108	4	8.15
103	2307	3	14.17
101	3413	3	7.95
101	3625	4	16.25
12	632	22	85.97
2047	12	3	5.03
445	14	7	8.04
103	2486	4	21.82
103	2638	3	15.16
1639	101	5	11.12
713	101	7	9.95
133	117	3	4.72
101	2019	3	5.26
281	104	4	4.88
107	117	34	95.22
155	4018	3	35.31
101	744	9	17.95
101	6875	3	15.83
106	1105	5	23.75
101	660	8	12.21
1084	12	4	4.22
407	531	4	42.59
768	3480	3	45.97
2308	12	4	10.28
101	304	9	4.88
1398	360	4	50.25
101	238	16	15.09
106	520	3	6.9
57	103	6	10.81
596	12	9	13.29
3836	12	3	9.14
16	186	3	6.42
12	1218	6	12.33
167	471	3	22.55
12	1294	5	9.08
114	491	3	14.56
101	5915	3	15.83
101	3666	4	16.25
102	2260	8	58.51
2125	101	3	5.26
101	1511	6	15.91
874	14	4	5.15
103	272	5	7.61
388	824	3	32.53
103	584	4	9.84
1048	283	3	31.76
781	12	8	14.11
118	14	51	33.54
109	345	7	32.62
109	555	5	24.44
1355	101	4	5.83
115	271	3	11.78
220	102	10	15.49
859	101	6	8.75
104	107	46	13.32
101	2646	4	11.99
824	3873	3	47.84
1923	776	3	42.07
106	340	4	8.35
106	191	15	47.73
101	6674	3	15.83
1871	12	3	4.43
146	14	31	28.68
2728	12	3	6.62
6067	12	3	15.56
1133	14	14	71.55
101	2867	4	11.99
104	204	11	24.94
2935	14	3	8.73
174	111	4	10.76
174	305	4	29.59
2186	101	3	5.26
106	219	6	11.3
325	5880	3	49.04
102	629	5	11.49
1097	233	3	30.83
101	1271	6	12.8
541	2253	7	116.23
101	1347	4	5.83
541	4427	4	69.45
101	1167	11	38.9
103	478	26	168.59
101	1227	7	17.39
1623	12	5	10.72
2811	12	3	6.62
583	12	7	6.92
109	215	9	36.2
162	497	3	22.08
101	5752	3	15.83
102	1036	8	34.3
101	1422	5	10.24
101	203	33	60.64
198	101	29	42.6
106	368	3	5.2
7927	120	3	36.81
548	12	19	55.75
101	6840	3	15.83
101	657	12	28.44
106	7143	3	26.43
751	14	24	142.99
101	761	5	4.63
1979	16	3	21.79
4664	114	3	30.7
13	1967	9	102.25
601	102	4	7.05
113	154	9	34.89
364	129	3	16.3
213	4834	3	41.22
103	794	5	17.49
152	187	4	21.18
317	216	3	22.69
287	114	4	17.73
2207	12	5	14.19
101	7792	3	15.83
1410	118	11	123.36
171	706	4	36.27
124	236	3	12.75
128	654	3	19.74
101	5633	3	15.83
480	107	8	38.17
405	101	9	8.09
1988	1205	4	64.06
2743	101	3	6.86
136	137	4	12.72
12	2010	8	35.37
105	562	3	7.19
110	137	7	16.48
734	101	5	4.63
101	964	7	13.7
107	593	3	9.56
2477	14	3	7.81
12	1752	3	3.91
923	227	3	29.61
1979	12	5	14.19
210	579	7	73.75
101	824	5	5.32
107	327	5	15.38
2215	12	3	5.03
4433	12	4	20.75
373	130	5	32.81
263	105	4	6.43
101	2047	5	14.61
12	981	19	98.57
148	581	4	31.15
101	3388	4	13.76
346	101	10	8.65
5052	293	4	64.43
102	2935	3	12.59
248	737	4	41.2
85	2718	3	24.13
101	1843	6	18.79
101	1740	7	23.1
106	616	10	51.22
101	1021	4	4.11
101	7032	3	15.83
6928	12	3	15.56
3323	12	3	7.71
1817	14	3	6.38
101	2188	3	5.26
622	134	3	20.05
3209	104	3	16.39
530	101	6	4.12
105	416	3	5.73
101	512	7	6.06
330	156	6	47.19
2312	652	4	60.08
1921	14	3	6.38
16	433	3	12.18
101	2698	4	11.99
685	136	9	85.8
122	577	3	17.86
3241	14	3	9.86
2788	12	5	17.87
446	153	4	29.69
109	575	3	11.72
103	2733	3	15.16
128	311	8	57.01
109	456	8	43.79
1232	255	3	32.24
103	370	5	10.53
1196	434	8	115.8
174	1114	3	28.01
1246	101	9	28.18
322	101	10	7.54
12	4908	3	11.22
335	102	5	6.1
1416	12	6	14.26
181	559	4	34.88
2544	12	4	10.28
102	2372	3	11.62
108	1002	3	14.06
192	14	13	8.09
12	472	13	23.19
446	490	5	55.89
101	3726	3	9.39
1667	3547	5	99.89
7704	625	3	53.03
101	3059	4	13.76
211	107	4	6.81
293	101	10	6.11
174	420	9	88.36
102	1660	5	21.72
212	1399	9	121.74
1938	101	4	8.53
348	117	3	13.99
150	107	5	4.67
102	5466	4	29.25
105	649	3	8.14
419	324	5	51.09
211	145	3	14.45
2	103	20	15.41
1800	1976	5	88.82
112	878	3	17.25
135	1324	9	99.91
12	2887	3	6.62
141	1411	5	49.97
12	443	11	14.51
104	1184	5	21.5
2311	781	3	43.7
101	5732	3	15.83
12	6709	3	15.56
3138	101	3	7.95
109	156	18	75.55
652	190	3	25.81
404	110	3	11.93
101	3986	3	9.39
101	5987	3	15.83
429	115	9	64.72
5260	482	3	46.77
869	1145	7	107.7
172	896	6	62.42
2854	12	3	6.62
13	6650	3	34.06
107	1758	3	15.85
483	12	8	7.37
897	14	4	5.15
118	85	5	5.09
3685	16	5	55.35
544	463	3	31.01
275	135	4	22.55
106	130	19	33.83
1362	14	3	4.47
102	1959	4	16.11
146	85	6	14.61
104	102	200	140.74
255	107	7	22.13
114	101	145	206.52
796	999	3	37.71
1143	12	5	7.77
1108	12	4	4.22
108	252	16	85.55
3666	6044	3	65.37
2545	14	3	7.81
2764	541	3	42.43
424	14	11	20.46
109	1068	5	31.41
102	289	8	13.88
334	104	24	126.15
102	172	27	71.38
101	1693	5	12.11
329	735	24	403.95
112	117	23	88.38
172	188	17	154.97
102	2663	4	19.85
108	454	6	27.13
102	2835	4	19.85
12	1104	11	35.92
416	155	3	20.49
108	1224	3	15.23
2149	12	3	5.03
126	116	6	14.91
720	14	6	10.17
288	164	3	19.1
101	4450	3	11.48
113	139	3	3.96
102	1135	15	102.3
1371	101	5	9.46
107	228	5	11.55
241	314	4	33.96
101	749	15	48.73
101	673	8	12.78
191	288	3	20.88
731	595	3	34.51
242	105	4	5.7
123	128	3	5.11
1341	12	6	13.24
485	111	4	20.14
1112	544	3	36.15
124	137	4	10.47
101	1825	8	32.5
101	1750	6	17.24
109	2334	3	20.59
107	562	4	14.51
107	487	6	24.95
616	129	9	80.11
106	758	3	8.86
105	593	3	7.54
1948	105	4	21.86
101	4190	5	26.38
126	105	12	11.46
1862	14	3	6.38
12	1849	3	4.43
101	2407	6	22.95
113	187	6	23.34
101	2475	5	16.24
2237	2264	7	144.3
626	101	8	11.67
101	730	9	17.95
103	1927	3	12.6
402	107	5	17.19
352	111	4	17.71
1266	544	3	36.98
152	154	3	11.77
101	3170	3	7.95
1223	12	4	5.06
4990	14	4	23.82
101	1389	7	19.88
3497	12	4	13.42
415	108	3	8.85
101	7656	3	15.83
1282	14	3	4.11
5241	110	4	44.72
1145	101	4	4.89
259	1033	4	44.34
185	101	42	81.53
205	102	8	8.29
1098	101	5	7.56
562	12	9	12.23
977	14	5	9.34
101	286	11	7.64
2169	14	3	7.04
211	130	4	19.07
321	14	11	15.42
106	204	4	4.3
101	474	11	16.86
497	263	6	63.05
103	1335	3	10.4
146	112	3	4.37
422	105	3	5.73
101	4838	4	21.1
101	2836	4	11.99
104	219	11	26.97
12	142	197	880.5
12	260	25	46.93
290	102	20	72.04
102	2607	5	28.3
101	7459	3	15.83
101	1312	7	18.56
2906	14	4	14.58
1771	12	4	7.41
3757	12	3	9.14
897	120	4	28.71
4572	14	3	13.47
12	162	141	665.92
2179	120	3	25.37
1473	110	7	60.38
101	1285	4	5.83
101	1361	6	13.72
13	1108	6	46.14
101	437	10	12.22
3176	101	3	7.95
106	107	42	21.24
744	12	5	4.32
3311	14	4	16.39
1861	12	3	4.43
215	112	5	19.43
805	1136	5	71.6
104	191	7	9.04
2520	114	5	48.11
101	2681	5	18.3
3830	12	3	9.14
2836	12	3	6.62
117	157	3	7.35
4337	153	3	37.05
2470	12	3	5.75
16	85	13	20.96
3544	159	5	70.68
555	1525	3	38.69
104	520	4	9.18
104	444	3	4.53
1557	109	3	17.72
12	4068	3	9.14
2364	101	3	5.98
107	1936	4	24.78
3469	110	4	37.09
641	12	17	52.37
749	159	4	34.92
12	346	11	10.43
1585	12	8	26.84
4213	12	3	9.14
952	153	3	25
12	7021	3	15.56
624	850	3	35.51
12	1010	13	46.94
3510	1439	5	92.32
101	3187	6	31.65
102	4723	4	29.25
127	117	6	15.21
796	277	5	55.72
411	14	10	16.37
6321	120	3	36.81
1248	12	5	8.39
210	128	9	57
669	14	10	26.59
957	105	3	10.2
101	1034	4	4.11
112	1414	3	20.38
7837	12	3	15.56
101	2167	6	20.64
107	2870	3	19.11
141	2194	7	84.72
368	1630	9	137.11
1092	188	4	40.92
101	5512	3	11.48
101	3654	4	16.25
101	3594	5	26.38
108	284	4	11.1
101	1663	8	29.76
101	1874	3	4.65
124	122	4	7.87
504	14	9	15.94
1703	14	3	5.81
125	108	7	7.36
2220	12	3	5.75
238	12	12	5.89
104	128	11	5.55
104	194	6	6.52
101	2818	3	6.86
102	2035	3	10.8
786	101	5	4.96
101	377	36	143.32
103	1253	6	29.29
118	137	4	9.06
105	3497	3	18.14
2723	101	3	6.86
101	1146	4	4.89
532	107	13	79.16
258	451	4	37.51
303	149	15	141.46
162	116	3	7.58
2860	14	3	8.73
269	12	11	5.92
779	357	3	31.72
101	3914	3	9.39
101	5935	3	15.83
247	2853	4	53.26
12	413	13	19.39
6602	12	3	15.56
456	816	5	61.6
209	4451	3	41.16
513	2066	4	56.59
102	1855	4	16.11
101	332	8	4.09
4220	101	3	9.39
1006	12	14	54.17
277	1636	3	34.29
103	3669	3	17.92
104	378	3	3.86
923	14	4	5.48
101	628	27	134.01
256	248	3	22.35
710	12	5	4.02
101	4483	4	21.1
168	102	18	32.73
12	1073	17	88.19
6370	12	3	15.56
102	456	21	100.76
102	575	23	133.31
112	248	3	9.79
1090	2502	6	104.8
112	145	4	7.52
236	118	4	17.72
85	547	4	20.73
102	202	10	13.48
103	2287	3	14.17
12	664	6	5.78
191	124	3	10.85
121	3218	3	28.99
2216	249	4	50.57
127	365	6	40.7
5901	6086	3	72.1
109	1660	3	18.32
101	2384	3	5.98
278	101	12	9.26
102	3894	4	24.3
1923	101	4	8.53
1444	114	3	21.2
12	5230	3	11.22
101	1037	8	18.96
164	14	21	18.3
107	513	4	13.79
107	564	3	9.19
1215	14	4	7.58
110	14	93	72.14
387	105	4	9.19
122	1703	3	24.6
12	2038	4	9.16
113	374	3	12.63
107	415	4	12.19
5112	104	3	20.14
103	1782	3	11.96
106	821	3	9.37
140	107	12	24.78
102	156	55	200.76
775	1015	3	38.07
391	110	4	18.03
101	1761	10	46.21
103	915	3	8.25
253	101	10	4.09
112	107	46	125
112	233	8	40.56
101	1709	6	17.24
102	2902	5	28.3
136	14	33	24.9
101	3440	4	13.76
268	14	15	23.53
1943	14	3	6.38
886	14	4	5.15
1595	12	5	10.72
101	3357	5	21.12
388	188	5	43.02
1212	192	6	69.46
102	408	8	19.02
213	462	7	70.73
12	2181	3	5.03
102	1331	6	25.18
341	457	3	28.14
101	689	12	29.5
135	983	3	22.78
1454	104	3	10.89
120	101	86	85.17
239	14	15	20.22
648	12	9	15.11
158	537	3	22.05
108	1360	3	15.68
101	2472	4	10.61
116	548	13	113.43
113	331	3	11.92
101	6234	3	15.83
184	105	6	8.34
85	2054	4	32.56
2598	2570	5	98.3
490	1336	4	51.73
101	5096	3	11.48
101	3102	4	13.76
694	101	5	4.04
109	172	7	19.79
104	1244	3	9.99
2783	101	5	18.3
102	4261	5	36.57
103	252	8	17.68
1123	12	6	10.76
102	1068	10	50.48
101	1199	10	34.41
160	108	6	11.24
188	128	4	17.32
101	1131	11	38.9
141	1274	7	73.54
118	122	6	13.95
316	105	49	394.09
802	102	3	5.41
718	111	3	15.75
12	207	17	11.28
336	110	22	175.89
104	115	16	7
1398	3055	3	49.73
102	3233	6	43.88
106	59	14	24.98
103	1164	4	15.19
101	360	18	35.92
103	1344	3	10.4
103	1268	4	15.75
121	139	4	10.11
12	379	20	44.81
4072	110	3	26.82
147	132	3	8.15
1452	101	6	14.75
102	2334	3	11.62
404	101	13	19.78
2507	14	3	7.81
103	199	7	9.76
102	871	8	31.28
544	248	3	26.99
104	2855	7	57.42
103	1470	4	17.03
101	3109	3	7.95
137	1618	4	37.72
3699	101	3	9.39
2681	1951	4	70.8
2595	101	4	11.99
4354	1669	4	79.41
101	2648	3	6.86
1280	999	3	40.51
1027	12	4	3.85
1653	4524	3	54.71
107	936	8	49.59
1437	14	3	4.87
101	1328	10	36.6
781	14	7	15.1
118	12	65	32.5
511	1	6	44.56
101	6054	3	15.83
101	3925	3	9.39
5674	235	3	46.74
490	134	4	27.12
12	193	39	73.3
646	101	6	6.17
12	127	92	135.49
505	101	8	8.22
165	101	24	15.11
178	102	11	12.77
101	1841	5	13.26
7991	101	3	15.83
846	104	4	12.55
4471	2285	4	82.74
412	108	3	8.85
2141	14	3	7.04
109	931	3	14.4
116	1499	5	43.23
3922	143	4	48.84
4179	114	3	28.47
667	12	12	27.48
102	1505	7	33.57
320	124	3	14.84
4785	101	3	11.48
103	1657	3	11.96
104	2600	4	23.35
710	188	4	37.5
6089	539	3	51.99
135	924	6	54.3
101	814	13	40.16
103	2062	3	13.33
1676	1677	6	105.56
101	4513	3	11.48
113	202	3	8.55
101	2459	4	10.61
127	204	4	18.26
182	14	23	31.19
2692	12	5	17.87
247	2309	4	51.73
137	641	3	20.71
300	101	9	4.69
187	107	7	16.29
909	205	3	28.63
119	316	3	13.62
207	111	5	18.14
101	1946	6	18.79
1913	101	3	4.65
101	1886	3	4.65
12	7209	3	15.56
101	5453	3	11.48
101	1992	4	9.48
101	2112	3	5.26
226	943	3	29.61
102	449	19	86.01
102	374	4	4.14
568	171	7	68.98
256	130	3	14.14
254	102	10	18.61
1300	102	3	7.97
101	2506	4	10.61
195	208	3	18.56
349	2741	3	39.84
267	101	13	10.67
104	756	3	7.22
144	526	6	49.47
2091	101	3	5.26
101	2355	3	5.98
101	2183	3	5.26
101	2251	7	31.05
1187	101	4	4.89
2211	107	3	17.25
132	101	82	120.97
110	269	3	9.51
101	7097	3	15.83
7647	14	3	17.87
471	105	3	6.4
108	3814	3	23.38
133	1154	3	23.73
5305	12	3	11.22
164	120	3	8.25
1563	164	3	29.45
502	105	3	6.54
573	8	3	16.52
206	815	6	65.48
1122	120	4	30.59
12	739	8	13.43
123	102	34	42.32
4245	7467	3	65.37
155	224	5	32.72
103	436	9	32.15
101	1345	5	9.46
12	178	107	479.76
1054	12	6	10.07
1169	136	9	97.39
105	922	4	15.55
104	206	7	10.49
101	2697	4	11.99
534	101	13	26.47
2399	101	3	5.98
101	453	18	44.26
795	277	6	69.46
432	101	8	6.92
190	685	3	26.05
2252	262	7	105.47
102	3506	5	31.21
315	12	15	19.57
12	1305	14	72.62
6343	118	3	36.63
2140	12	3	5.03
12	533	33	162.36
876	114	5	35.71
9	5589	4	48.2
171	528	5	44.47
103	284	5	7.99
2676	101	3	6.86
102	1084	6	22.38
199	5572	3	40.65
332	858	3	31.94
12	412	31	111.79
528	111	4	20.84
5686	104	3	24.6
196	1877	3	32.82
102	3580	3	15.31
386	102	5	7.26
104	379	3	3.86
1557	103	3	11.39
223	12	13	6.26
320	1000	3	32.71
102	2034	3	10.8
141	353	7	53.86
866	126	3	21.17
3337	12	5	20.68
121	12	55	23.89
111	1461	3	19.97
106	247	4	5.92
382	14	8	9.11
991	12	5	6.21
180	314	7	61.49
1703	101	3	4.12
101	4813	4	21.1
115	237	26	213.93
3269	150	6	82.73
197	144	5	27.87
1985	16	9	99.67
4598	12	3	11.22
151	12	29	14
160	147	7	38.49
101	1351	8	23.98
4555	14	3	13.47
2782	12	3	6.62
313	14	12	18.26
2412	12	3	5.75
108	286	20	123.39
101	1657	7	23.1
112	249	3	9.87
1196	599	5	68.92
193	101	21	17.89
414	104	3	4.18
153	791	3	23.77
1073	101	5	7.56
106	753	4	14.1
580	823	3	34.86
305	129	3	15.26
164	101	17	3.98
1052	102	3	6.5
5195	12	4	20.75
101	4407	3	11.48
1697	114	11	129.21
141	2208	5	54.92
115	1945	3	23.69
845	12	7	11.12
773	114	16	159.87
832	105	3	9.32
1056	14	5	9.87
452	12	7	4.57
145	121	3	6.65
101	2062	3	5.26
103	814	4	12.52
207	124	3	11.59
328	101	9	5.72
2192	101	3	5.26
310	5772	3	48.7
3365	14	3	9.86
5689	1070	3	56.25
4374	3689	3	60.87
2722	12	3	6.62
3686	3645	3	58.64
691	226	4	39.76
268	101	10	4.75
101	3236	4	13.76
101	3288	3	7.95
116	1108	6	50.61
109	728	7	43.85
105	129	8	3.96
239	101	17	17.66
105	277	10	33.51
1336	102	5	18.79
730	1816	10	183.64
113	271	3	10.65
101	2517	4	10.61
102	1254	6	24.16
120	14	31	5.27
173	112	4	11.2
2757	12	3	6.62
101	6955	3	15.83
106	905	3	9.94
478	709	25	448.15
1687	12	5	11.71
110	101	142	131.54
1063	181	3	28.37
1810	3037	5	95.78
1132	370	4	48.48
12	2107	4	9.16
136	101	78	129.39
242	107	4	8.12
1025	102	3	6.5
4614	101	4	21.1
7897	101	3	15.83
4186	12	3	9.14
107	1185	5	27.99
485	12	8	7.37
7654	14	3	17.87
112	157	7	23.63
2844	12	3	6.62
456	579	4	44.2
2932	12	3	6.62
500	477	7	85.01
115	200	4	14.88
514	3696	3	44.89
102	2545	3	11.62
103	453	7	21.73
2798	101	3	6.86
1254	1542	3	43.59
17	101	10	15.69
3518	101	3	9.39
106	144	12	18.15
101	436	18	43.19
108	3399	3	21.8
101	4840	3	11.48
451	14	8	11.31
101	4688	3	11.48
1057	12	6	10.07
2576	5794	3	62.53
104	481	3	4.92
1514	549	4	54.18
2118	1839	6	110.96
101	284	26	57.28
468	101	8	7.54
848	102	3	5.41
2960	352	3	41.08
12	2810	5	17.87
3762	101	4	16.25
177	190	3	16.7
847	192	4	38.84
3252	110	3	25.24
101	5867	3	15.83
312	12	13	13.43
108	898	3	13.09
102	4260	3	15.31
101	6499	3	15.83
106	339	3	4.69
354	101	11	11.49
106	132	28	70.13
189	115	3	8.88
1871	101	3	4.65
104	108	51	34.2
613	14	11	28.91
1320	12	4	5.55
1941	12	3	4.43
3455	14	4	16.39
399	387	3	28.17
109	342	6	25.81
12	194	66	210.09
1355	12	4	5.55
4377	3870	3	60.87
101	1253	5	8.77
103	377	7	19.44
101	1329	4	5.83
1575	101	4	7.01
101	1508	6	15.91
490	2750	4	58.92
104	6100	3	24.6
101	1584	4	7.01
188	400	3	22.71
1562	102	3	8.91
101	5918	3	15.83
4579	12	3	11.22
912	16	4	24.38
1964	153	4	43.06
101	3745	3	9.39
102	2259	6	34.99
102	2335	3	11.62
16	57	5	20.26
150	105	21	57.3
2	109	16	33.53
3558	3679	3	58.64
2	160	3	7.26
126	9	4	6.97
144	282	4	24.24
109	1949	4	28.1
2411	164	3	32.35
427	1735	3	37.74
128	5487	3	34
1880	14	3	6.38
951	14	6	12.77
533	12	12	21.51
2266	2611	5	96.09
212	727	17	232.95
101	2096	4	9.48
916	14	4	5.48
4526	767	3	49.79
182	101	25	24.5
102	3028	5	31.21
191	111	3	7.31
102	4946	3	17.49
107	4011	3	21.91
101	3622	3	9.39
285	300	10	107.81
1808	2527	4	69.28
103	1037	4	14.18
101	1842	4	8.53
130	112	6	12.18
264	1447	5	62.16
1101	14	4	6.63
431	12	16	32.88
2951	14	4	14.58
1424	12	10	38.29
241	2814	3	37.35
1259	102	3	7.55
101	2287	3	5.98
101	2339	8	42.21
103	1709	5	26.02
101	915	5	6.11
212	1666	3	32.84
85	1108	5	35.62
101	2302	3	5.98
1274	120	4	31.74
734	12	7	9.97
101	3639	4	16.25
1216	14	3	4.11
181	750	3	26.13
217	101	28	46.57
112	129	8	20.05
101	1782	6	17.24
101	1738	3	4.12
102	196	45	192.45
799	172	3	26.19
124	111	14	44.53
1377	1392	13	267.08
119	101	55	20.22
373	132	5	32.98
103	689	7	27.72
102	526	4	6.19
273	111	4	15.51
3845	110	5	55.9
107	1410	3	14.73
101	5452	3	11.48
1942	14	3	6.38
2862	12	3	6.62
105	306	4	7.52
107	341	3	6.6
102	1144	4	11.89
107	134	26	82.42
12	1304	13	60.38
101	3073	3	7.95
6355	101	3	15.83
101	252	22	35.46
103	1454	3	10.87
3080	16	6	66.42
4909	104	4	32.81
147	117	6	19.74
109	212	17	89.74
101	5753	3	15.83
109	138	23	89.06
12	430	14	24.17
2562	102	3	12.59
1138	270	13	193.35
123	671	4	27.88
261	3951	5	79.33
151	122	7	28.6
171	199	30	321.3
1914	12	4	8.22
101	1344	5	9.46
101	1164	6	11.97
712	14	4	4.03
2157	12	5	14.19
1643	3393	3	50.28
1159	16	9	77.8
103	1131	4	15.19
106	290	4	7.22
101	454	13	22.8
109	1084	6	40.3
2931	3567	3	55.8
209	360	10	103.89
101	3472	4	13.76
2838	14	3	8.73
123	108	14	27.45
108	236	5	14.09
296	324	4	36.09
439	118	13	108.71
101	4363	3	11.48
224	12	12	5.01
1346	12	4	5.55
4546	2918	4	84.27
101	2189	4	9.48
102	3775	3	15.31
1994	12	3	5.03
101	1020	10	29.22
101	7031	3	15.83
101	7091	3	15.83
9	104	17	9.48
140	132	7	29.19
102	1406	3	8.42
107	530	3	8.84
362	7942	3	49.65
2542	293	4	53.35
101	825	6	8.25
101	6988	3	15.83
2414	663	4	60.08
101	5239	3	11.48
101	3389	4	13.76
102	2831	3	12.59
325	1665	10	158.2
1462	14	5	13.29
101	1927	3	4.65
456	119	3	15.68
1202	1508	3	43.59
101	2098	4	9.48
102	2373	3	11.62
102	4293	4	24.3
3359	101	3	7.95
192	101	28	36.46
2162	14	4	11.98
1661	12	6	16.74
738	819	3	36.49
102	1796	9	59.38
2802	12	7	36.31
293	14	13	19.63
941	14	4	5.48
103	1389	3	10.87
279	271	4	33.76
1062	101	4	4.11
1163	102	3	7.18
12	7254	3	15.56
3223	192	3	36.42
104	260	6	10.69
8	1660	3	23.24
2246	471	3	40.69
101	2759	4	11.99
945	102	5	14.86
842	12	6	7.82
130	693	7	60.16
106	2	13	7.93
382	114	3	13.26
1370	12	4	5.55
103	1132	4	15.19
135	248	3	14.48
106	231	4	5.5
13	547	6	37.03
101	1335	7	18.56
106	1458	3	12.63
112	699	3	16.16
103	474	4	8.54
111	204	3	7.95
101	7346	3	15.83
296	832	3	30.86
181	111	3	6.83
102	2576	5	28.3
108	610	3	11.14
150	1341	3	26.79
162	107	5	6.31
4247	104	4	27.84
1263	101	6	12.8
12	176	118	585.29
12	219	27	42.21
275	1616	3	34.29
160	119	4	12.32
148	2415	3	30.61
496	104	3	5.05
1950	101	4	8.53
102	728	16	86.92
101	3935	3	9.39
12	133	158	471.94
12	191	33	50.49
148	790	4	33.73
1018	14	4	6.22
102	4583	4	29.25
3619	8	3	29.37
1833	12	4	8.22
107	4251	4	33.16
106	277	5	10.27
1344	1462	3	43.5
102	2079	3	10.8
102	1900	5	22.97
2728	110	3	24
1343	102	3	7.97
106	448	3	6.16
1208	101	5	8.77
105	4623	4	35.17
101	3119	4	13.76
101	5037	4	21.1
131	238	5	28.02
101	2967	4	13.76
2872	12	3	6.62
279	225	8	76.16
104	7452	3	24.6
1613	12	4	6.71
605	12	7	7.67
237	107	6	16.29
111	485	3	13.36
12	4924	3	11.22
101	1439	5	10.24
142	102	13	7.15
102	2834	5	28.3
2391	101	3	5.98
2275	110	4	33.66
139	138	3	8.2
12	1105	6	10.76
124	390	3	15.94
102	476	14	54.53
187	105	8	15.42
2009	12	7	27.08
107	7723	3	28.61
85	1599	4	29.68
1371	14	3	4.47
383	112	6	33.66
103	1917	4	19.52
250	506	3	26.61
282	128	4	21.61
1389	2593	5	89.35
720	101	9	17.19
144	289	7	51.29
574	101	9	13.4
101	2397	3	5.98
1636	277	4	48.5
2456	1832	3	49.29
101	4196	4	16.25
2003	4496	4	81.46
537	107	7	32.65
116	115	4	4.57
4136	136	3	32.97
325	2525	8	131.58
210	108	4	8.37
140	116	5	13.76
975	12	8	17.34
250	1421	3	33.2
101	1692	8	29.76
653	119	3	17.94
1783	101	3	4.12
412	102	5	7.64
101	3629	3	9.39
3177	12	3	7.71
741	414	3	32.26
101	679	5	4.04
200	139	4	20.09
724	102	3	4.74
13	2619	4	35.87
368	710	5	58.18
101	3171	3	7.95
105	3773	3	19.7
102	342	19	73.33
12	2295	6	22.43
1984	12	3	5.03
103	824	3	7.7
5007	14	3	13.47
107	1122	3	13
2330	12	3	5.75
109	4389	3	26.63
391	14	8	9.39
109	2335	3	20.59
1451	14	3	4.87
112	247	3	9.79
494	101	8	8.22
1725	101	3	4.12
541	1133	3	36.55
107	353	9	39.41
103	1740	3	11.96
558	105	4	11.75
128	1567	3	25.03
685	12	10	19.71
4422	16	3	28.71
336	14	7	5.31
407	822	3	32.82
1533	12	5	10.72
547	12	12	22.25
1347	541	3	37.44
101	370	13	18.2
107	861	3	11.69
146	13	4	7.37
102	1949	4	16.11
101	1133	4	4.89
1048	101	4	4.11
160	102	19	30.36
206	335	7	65.49
7599	101	3	15.83
101	4016	4	16.25
2418	12	3	5.75
5357	164	4	57.27
12	461	11	15.52
102	2199	3	10.8
281	687	9	111
103	258	6	10.51
307	102	8	14.84
2134	101	3	5.26
13	142	4	6.91
1282	101	4	5.34
102	930	4	10.07
1763	110	8	76.61
102	1695	5	21.72
101	2920	3	6.86
101	3040	4	13.76
371	184	6	52.9
117	145	11	48.42
107	757	7	38.08
427	1188	3	35.19
103	1370	3	10.4
348	105	6	17.16
128	1155	4	33.38
271	102	7	9.64
147	107	16	43.71
230	101	43	123.4
12	347	11	10.43
101	3912	4	16.25
109	196	17	85.6
413	117	3	14.89
243	102	9	14.24
13	103	29	22.88
999	14	4	5.83
379	105	3	5.26
2331	14	3	7.81
227	648	4	39.43
1798	122	4	36.52
174	1493	4	42.45
511	12	19	52.79
310	1865	3	36.49
516	2550	3	42.06
12	2913	3	6.62
115	101	46	4.81
102	4465	4	29.25
1003	102	4	10.92
102	2503	6	34.99
148	712	5	43.72
12	294	41	140.78
3962	101	5	26.38
12	102	420	13.58
1080	1243	5	75.36
102	1997	7	41.77
103	1267	3	9.97
106	157	6	5.42
2502	131	3	28.21
627	12	9	14.47
4015	12	4	15.9
1115	12	8	19.39
542	102	4	6.39
101	1035	5	7.04
4518	337	3	44.66
101	1103	6	11.21
107	578	3	9.37
102	7752	3	21.94
1497	375	7	99.18
124	223	3	12.31
102	212	63	350.62
102	138	68	218.54
116	1599	6	56.03
12	806	22	114.13
123	178	4	15.55
101	5616	3	15.83
161	580	4	33.09
108	285	18	105.91
101	5436	4	21.1
156	824	5	46.87
577	14	6	7.89
12	927	12	36.57
101	2129	5	14.61
1654	107	3	15.85
2577	102	3	12.59
2617	4553	4	84.27
1937	1363	7	124.74
699	107	6	29.99
2523	101	3	5.98
101	4665	3	11.48
113	222	3	9.29
144	139	7	32.13
101	2423	3	5.98
475	112	3	13.76
168	108	8	21.64
646	107	3	10.18
347	102	8	16.74
1144	6963	3	56.65
4848	12	3	11.22
12	3138	5	20.68
213	706	3	27.4
160	288	3	18.58
262	12	12	7.81
102	725	11	46.9
107	1642	4	23
1124	263	6	73.4
12	3699	5	25.93
642	14	5	5.91
101	2859	6	26.06
101	2910	4	11.99
298	226	35	479.77
104	343	5	9.83
102	5606	4	29.25
101	297	16	21.84
1653	4382	3	54.71
2105	12	3	5.03
1432	14	3	4.87
102	1701	3	9.47
928	213	3	28.83
776	14	8	19.5
103	131	46	133.25
307	122	4	21.2
551	477	6	71.79
764	107	3	10.88
101	5728	3	15.83
102	2329	4	18.37
181	578	4	35.15
127	765	3	20.32
85	152	3	4.42
161	155	9	58.46
7452	12	3	15.56
4281	12	3	9.14
944	14	8	21.98
210	2715	3	36.1
2807	12	3	6.62
288	14	13	19.25
1280	14	3	4.11
154	101	56	98.33
107	224	7	20.37
1242	111	3	19.01
173	102	9	7.2
1339	1221	3	42.54
541	5848	3	51.99
105	4797	4	35.17
239	2843	3	37.27
305	300	10	110
1918	101	3	4.65
103	1666	3	11.96
108	1425	4	24.18
261	1106	4	44.86
105	511	5	16
179	582	6	58
102	3094	3	13.78
439	136	20	210.64
368	1093	3	33.94
101	3420	6	31.65
3515	126	3	30.03
12	2628	6	25.53
103	1031	3	8.87
1883	101	3	4.65
3120	4460	4	86.19
101	3573	5	26.38
109	969	6	38.7
102	2931	3	12.59
277	101	10	5.11
143	14	31	25.51
103	982	3	8.55
414	114	3	13.66
2590	12	4	11.65
101	1077	8	20.03
101	973	7	13.7
9	14	68	64.55
172	1190	3	28.27
107	374	3	7.04
101	4366	4	21.1
116	124	4	6.59
186	119	6	27.06
132	107	18	42.04
102	5771	3	21.94
245	101	12	6.91
208	2120	4	48.47
113	161	3	6.13
101	2501	5	16.24
101	4539	3	11.48
113	102	48	49.67
113	294	6	30.7
2261	13	3	23.51
108	1325	4	23.49
3570	5882	3	65.37
101	820	8	15.44
513	164	5	42.96
1693	12	3	3.91
228	14	12	10.95
107	197	4	6.06
5092	12	3	11.22
2834	12	3	6.62
1309	14	7	23.02
103	683	4	11.19
13	729	24	273.26
13	797	3	16.38
1580	136	4	37.68
102	444	15	58.11
101	3272	4	13.76
101	5386	3	11.48
466	201	3	24.38
847	2544	4	61.87
127	101	50	28.91
588	123	11	98.7
7343	6870	3	72.1
461	107	4	13.15
12	4752	3	11.22
557	102	5	10.24
107	3335	3	20.34
1080	12	4	4.22
101	3826	3	9.39
105	596	4	12.26
170	12	24	16.6
1768	14	4	10.13
101	3011	3	7.95
157	105	13	27.67
104	568	3	5.83
704	102	3	4.74
106	480	8	32.57
3500	585	4	62.35
12	3939	4	15.9
879	391	4	46.39
121	115	4	5.57
102	1971	4	17.15
107	1098	3	13
103	1137	3	9.58
1807	3615	5	101.19
101	397	10	10.64
101	464	23	72.61
1029	636	4	51.79
2050	2909	3	51.08
1281	12	6	12.33
114	59	4	8.39
162	1433	7	81.85
101	2806	3	6.86
2166	12	3	5.03
115	116	4	4.57
339	105	10	38.08
978	12	5	6.21
109	401	6	27.63
12	222	21	24.25
1990	318	7	105.17
2540	101	3	5.98
101	1278	5	8.77
6636	620	3	52.8
111	150	4	7.83
1875	114	6	56.98
102	3646	5	36.57
101	5106	3	11.48
3172	12	4	13.42
103	3810	3	17.92
101	3008	6	31.65
812	13	6	42.47
928	172	3	26.81
101	265	23	41.7
106	556	3	7.23
12	6161	3	15.56
103	1579	3	11.39
3713	102	4	24.3
9	883	4	27.84
13	298	16	113.29
101	1544	6	15.91
103	296	7	16.13
101	1408	4	6.39
933	1093	5	71.96
248	490	3	26.27
515	14	7	9.59
101	3857	4	16.25
1024	16	4	25.31
3054	8	4	40.5
1361	12	4	5.55
108	788	4	19.11
101	4164	3	9.39
3325	12	4	13.42
101	1153	4	4.89
103	551	4	9.38
103	500	5	13
103	349	7	18.31
174	117	4	13.84
108	5354	3	25.59
616	793	3	35
497	101	13	24.91
101	517	12	21.72
627	102	6	15.94
4732	12	4	20.75
714	663	7	95.81
12	1520	5	10.72
101	2677	4	11.99
101	2889	4	11.99
5752	522	3	51.8
101	894	6	8.75
6650	14	3	17.87
688	12	12	28.53
153	4650	4	55.42
101	2163	4	9.48
101	4235	4	16.25
2314	101	3	5.98
105	473	8	32.44
186	102	14	23.13
176	101	20	12.01
2573	104	5	32.7
191	134	11	73.7
101	1667	5	12.11
101	1870	4	8.53
3591	573	3	45.65
12	2394	5	15.81
573	12	7	6.92
101	1802	3	4.65
102	311	27	121.54
592	105	3	7.54
103	804	5	17.96
1290	1785	3	44.66
133	202	3	12.7
2612	8	3	26.55
1140	14	4	7.08
159	14	30	38.51
221	13	3	8.66
8	142	3	5.42
359	172	4	30.64
123	359	4	22.58
2197	395	7	108.27
2363	1101	4	64.19
102	4931	3	17.49
179	107	8	19.67
105	121	21	32.5
101	775	7	11.04
5570	120	3	32.31
3774	12	3	9.14
107	3106	3	20.34
113	133	5	9.64
7283	12	3	15.56
7894	14	3	17.87
113	191	3	7.95
101	2479	3	5.98
12	1793	3	4.43
2604	12	3	6.62
101	4653	3	11.48
706	1416	3	39.71
107	305	12	56.58
107	239	4	8.03
107	111	57	170.81
152	107	11	24.9
227	101	24	37.21
12	2366	3	5.75
134	967	4	32.86
374	105	9	34.19
102	4710	3	17.49
102	2656	3	12.59
109	738	3	13.27
101	5348	3	11.48
1447	12	5	9.85
101	3294	3	7.95
3426	105	3	18.14
12	646	22	89.03
864	14	5	8.4
2485	12	6	22.43
2265	1528	8	161.28
987	101	12	39.34
196	2762	4	50.52
124	134	5	14.45
6372	2118	3	60.64
143	21	3	8.52
112	101	71	17.24
101	1821	6	18.79
4569	101	3	11.48
373	354	3	27.23
107	356	5	16.14
199	9	13	80.06
553	539	3	32.09
1666	858	3	41.98
103	1848	3	12.6
140	101	44	37.83
144	4711	3	36.01
1744	12	3	3.91
1598	12	5	10.72
101	2146	4	9.48
1906	6821	3	59.88
101	545	9	12.37
1083	105	4	16.95
106	200	4	4.12
2653	14	3	8.73
4794	12	3	11.22
121	206	4	17.01
101	2840	4	11.99
113	1105	3	18.91
101	2780	3	6.86
101	4910	3	11.48
101	6034	3	15.83
12	256	69	347.85
566	3146	3	43.87
170	1151	3	28.13
484	894	3	34.05
101	1393	8	25.63
101	1445	5	10.24
4899	12	3	11.22
3105	114	6	70.42
109	177	6	15.88
109	1381	5	33.73
101	2993	5	21.12
244	289	3	23.03
493	260	3	26.88
103	5744	3	24.58
3790	101	3	9.39
153	591	4	31.91
12	6158	3	15.56
340	12	9	5.68
7849	12	3	15.56
102	1698	6	28.99
1121	1451	3	42.21
103	2615	3	15.16
12	1016	8	18.32
5098	14	4	23.82
109	725	3	13.02
249	12	20	26.75
171	863	3	26.45
190	253	6	48.36
140	354	4	26.2
101	617	18	58.11
899	490	3	34.37
101	2468	4	10.61
2208	12	4	9.16
110	105	26	24.02
899	153	6	58.79
1840	14	5	16.44
101	2161	4	9.48
102	1378	6	25.18
1331	3109	3	49.23
106	721	4	13.77
623	4223	4	65.55
615	101	14	35.92
1737	101	3	4.12
85	439	4	19.15
1660	9	3	23.29
210	1570	7	90.55
101	1713	6	17.24
108	338	4	12.54
105	1215	3	11.66
136	105	9	7.81
2377	12	3	5.75
1201	12	5	8.39
3716	14	3	11.35
103	399	5	11.13
101	1307	7	18.56
101	1247	4	5.34
964	14	4	5.83
1545	12	5	10.72
13	405	17	134.84
665	12	9	15.11
12	152	166	761.68
157	448	3	21.16
101	2671	3	6.86
105	1096	4	16.95
106	215	5	7.7
103	1340	6	30.32
101	364	27	79.81
106	317	3	4.42
229	112	15	95.72
698	12	9	16.5
108	3190	3	21.8
458	274	3	26.65
101	180	53	128.1
1053	14	4	6.22
16	2961	4	36.65
101	281	28	65.38
184	14	21	25.59
326	335	10	114.01
6243	110	3	33.53
4442	5816	3	67.6
12	574	10	16.15
12	455	10	11.97
102	2209	4	17.15
1	2	8	23.64
3637	12	5	25.93
1411	12	6	14.26
433	105	4	10.06
1134	14	16	95.32
3783	12	4	15.9
142	112	4	7.24
2172	2802	7	146.83
931	502	13	201.3
102	4354	3	17.49
891	101	6	8.75
102	969	8	33.22
2845	104	3	15.18
141	1374	11	133.77
171	398	12	123.94
1	58	12	79.22
101	1475	9	32.03
12	2798	7	36.31
102	1680	4	15.2
103	1376	3	10.4
1352	101	5	9.46
4356	12	3	11.22
101	3079	3	7.95
380	445	4	40.66
101	2995	4	13.76
706	1840	4	58.38
104	197	9	16.05
12	1435	4	6.1
2599	270	7	111.72
1010	101	6	10.52
229	124	3	12.6
106	242	5	9.03
106	101	528	607.57
101	6646	3	15.83
151	102	15	14.49
517	4243	4	63.95
134	101	61	66.66
101	1354	5	9.46
115	157	3	6.83
101	4023	3	9.39
3148	14	3	9.86
2046	118	9	110.01
101	1728	4	7.72
112	200	3	8.15
854	171	3	26.45
239	4039	3	40.09
1430	151	8	93.34
2015	12	3	5.03
2218	171	3	33.07
298	1741	4	50.16
3921	101	3	9.39
374	457	3	28.65
128	2064	3	27.06
695	102	3	4.55
2255	3477	6	126.88
132	117	6	16.04
714	101	6	6.92
101	889	8	16.23
12	5226	3	11.22
1052	12	5	6.68
107	390	9	41.43
145	116	8	29.78
101	784	13	38.58
101	700	6	6.92
85	1495	3	19.69
695	415	8	103.15
109	1971	5	39.55
113	115	5	5.38
6912	1214	3	57.08
452	102	5	8.47
1553	111	3	20.51
103	4456	3	20.12
128	1038	4	32.32
803	101	9	19.65
101	2059	5	14.61
7660	114	3	35.19
119	116	4	5.37
102	401	24	116.03
105	3798	3	19.7
677	103	9	40.8
159	16	5	12.18
909	114	7	56.35
425	179	20	239.25
351	101	8	4.47
103	1712	3	11.96
101	1090	6	11.21
183	122	4	15.66
3135	12	4	13.42
318	3232	3	40.61
4479	12	3	11.22
2253	12	3	5.75
854	166	6	61.14
3216	12	4	13.42
102	6388	3	21.94
102	6456	3	21.94
12	615	9	13.87
101	3582	5	26.38
405	102	8	18.67
698	3189	3	45.43
102	2944	3	12.59
12	870	8	15.6
8	127	4	6.91
2257	1519	4	67.46
4218	101	3	9.39
608	85	12	95.61
101	2040	5	14.61
6142	118	3	36.63
592	483	5	58.72
2739	14	3	8.73
124	353	4	22.74
101	715	12	30.62
145	105	15	28.59
3939	12	3	9.14
1039	12	4	3.85
107	336	5	15.56
102	1353	5	18.79
3289	12	3	7.71
101	2554	6	26.06
107	640	6	28.5
106	540	6	22.23
3993	101	4	16.25
213	1823	3	33.51
7843	14	3	17.87
105	747	4	14.04
1132	768	7	106.16
1673	12	3	3.91
697	105	7	32.36
1910	14	3	6.38
312	266	3	24.24
528	8	4	23.65
2357	118	4	37.77
109	311	3	8.32
12	433	7	4.34
2396	382	3	39.33
102	1094	4	11.38
101	4096	3	9.39
101	4044	3	9.39
101	6013	3	15.83
101	2873	3	6.86
12	1452	13	67.43
7591	14	3	17.87
104	202	5	4.76
1179	4148	3	49.92
3346	14	4	16.39
797	12	9	18.07
3564	7467	3	65.37
12	3697	5	25.93
101	576	18	54.74
172	1818	3	31.49
153	111	3	4.64
2186	102	3	10.8
493	379	3	29.28
101	4818	3	11.48
314	601	7	81.85
888	102	5	14.35
101	561	9	12.87
1182	14	4	7.08
367	12	11	11.5
111	14	86	65.47
103	531	4	9.15
102	738	8	28.8
102	6749	3	21.94
115	129	7	18.99
220	101	26	41.27
859	102	12	59.57
303	432	4	38.87
115	532	3	15.73
103	195	12	27.27
101	1581	4	7.01
103	329	6	13.31
1562	12	4	6.71
501	12	32	141.54
103	1610	3	11.39
2552	171	5	64.45
3307	1	4	43.37
1945	14	3	6.38
199	925	3	28.26
101	5031	3	11.48
85	1589	4	29.68
101	818	17	66.86
101	666	18	61.94
796	14	5	7.58
2029	12	5	14.19
102	2724	3	12.59
102	4762	3	17.49
1873	541	4	55.99
12	963	18	85.7
182	164	14	116.16
333	627	3	30.1
101	5228	4	21.1
713	102	3	4.74
152	117	3	6.73
683	1848	5	75.73
103	837	3	7.7
102	177	9	7.7
101	1686	5	12.11
101	1770	4	7.72
102	3101	4	21.72
102	2929	7	51.2
101	5485	3	11.48
419	3522	5	84.39
101	3619	3	9.39
12	630	7	8.08
110	216	3	8
158	108	8	18.74
2642	102	3	12.59
5794	5931	3	72.1
102	1381	5	18.79
431	102	9	24.8
130	108	6	5.54
2225	12	3	5.75
1353	12	10	35.74
1267	1726	6	100.52
101	873	10	25.33
628	647	24	435.14
101	4334	4	21.1
748	101	7	10.48
3236	114	4	39.3
264	12	13	9.89
4528	114	4	46.93
2572	2284	7	150.33
124	327	3	14.95
4062	12	3	9.14
3457	14	3	9.86
101	1712	8	29.76
107	1368	3	14.24
101	1892	5	13.26
6967	12	3	15.56
109	2585	3	21.6
101	2011	5	14.61
1418	1423	4	61.73
1606	300	3	34.99
1606	101	4	7.01
489	101	13	24.18
374	107	3	7.04
116	1264	4	31.06
12	1017	6	10.07
670	181	4	36.66
101	5414	4	21.1
1691	101	3	4.12
104	870	3	7.98
12	1676	3	3.91
101	2521	4	10.61
2327	12	3	5.75
120	105	12	7.46
104	433	4	8
938	1025	4	54.74
108	1719	3	17.3
1499	12	6	14.26
117	141	3	5.71
163	102	16	22.55
1165	101	5	8.14
2	13	48	248.11
12	2866	5	17.87
1	9	4	6.87
335	124	4	22.42
172	832	10	115.91
102	997	7	26.82
2189	14	3	7.04
5017	126	4	51.13
12	202	15	7.18
192	582	4	35.87
12	254	68	328.59
115	145	6	18.26
102	2541	4	18.37
101	7257	3	15.83
160	111	3	5.33
103	576	4	9.84
4701	1909	4	80.37
102	6751	3	21.94
102	604	3	4.01
5654	1566	3	58.6
1236	101	4	5.34
1928	101	3	4.65
283	101	11	7.4
219	5052	3	41.57
104	225	5	6.01
101	4844	3	11.48
3737	12	4	15.9
2260	14	7	35.77
5061	12	3	11.22
1533	108	3	16.7
464	12	7	4.82
606	16	16	137.56
101	6541	3	15.83
106	301	18	87.81
219	101	19	19.36
101	4913	3	11.48
115	107	43	131.67
101	4174	3	9.39
102	6768	3	21.94
134	14	32	19.85
101	1219	6	12.8
103	561	9	36.51
4960	12	3	11.22
891	14	6	12.18
102	968	8	33.22
473	12	17	40.24
1323	14	3	4.47
101	1610	4	7.01
101	1398	10	39.16
102	4355	3	17.49
147	101	23	4.5
2376	101	5	16.24
117	101	96	103.35
16	102	34	10.48
104	526	3	5.35
432	116	5	30.54
101	329	28	78.17
101	195	54	149.78
198	175	3	17.11
113	229	3	9.63
2286	586	4	59.18
2568	14	3	8.73
1069	12	4	4.22
2718	151	3	31.86
1494	102	3	8.42
101	837	9	19.65
102	1223	4	12.43
401	287	4	37.51
103	818	4	12.52
101	1907	5	13.26
119	117	6	12.31
664	101	6	6.17
608	13	3	14.94
101	1982	5	14.61
85	123	8	16.09
156	835	3	24.73
101	3333	4	13.76
116	1281	4	31.06
2290	12	3	5.75
1118	12	7	14.83
3415	151	4	47.61
536	14	34	202.61
313	105	3	4.38
12	609	11	21.36
101	3664	4	16.25
527	204	6	59.45
101	1729	4	7.72
101	1864	6	18.79
102	325	40	234.45
102	207	23	67.39
101	1040	6	10.52
103	1686	4	18.59
563	107	21	159.48
107	391	4	11.85
419	2220	3	39.9
1912	12	4	8.22
1029	3126	3	47.56
1096	201	3	29.5
1457	101	7	19.88
203	2764	4	51.1
103	617	9	38.52
6558	246	3	46.99
352	134	3	16.7
85	298	20	149.67
103	2588	3	15.16
3201	12	3	7.71
634	14	7	12.4
466	141	3	19.43
122	720	3	19.2
4827	12	3	11.22
232	105	5	8.63
601	14	8	15.15
101	2511	3	5.98
101	2615	3	6.86
102	6018	3	21.94
524	334	24	363.98
101	654	13	33.27
366	101	11	12.23
129	789	3	20.85
102	1140	5	17.27
107	137	46	206.55
101	7238	3	15.83
101	1091	6	11.21
1592	101	7	21.37
101	971	16	68.29
1668	395	10	162.37
239	2676	5	69.8
149	12	61	97.47
169	252	6	46.2
101	2178	3	5.26
882	108	3	13.09
2078	12	3	5.03
346	1120	3	33.56
1092	324	3	33.09
12	614	26	116.07
101	3531	3	9.39
123	166	3	9.07
1666	3662	4	74.4
630	102	7	20.8
207	503	3	24.9
674	146	6	53.63
12	4585	4	20.75
1158	1275	6	94.51
193	117	3	9.64
102	275	37	183.44
4759	101	3	11.48
368	425	5	52.55
101	4097	3	9.39
446	104	4	8.18
103	2843	3	15.16
128	255	4	20.78
102	702	3	4.74
101	1340	4	5.83
106	1449	7	43.88
103	364	9	28.75
2445	12	3	5.75
602	849	3	35.28
541	4428	4	69.45
4243	488	3	44.54
1383	153	4	39.39
2784	12	4	11.65
382	116	4	21.42
101	399	24	68.98
103	1307	3	10.4
332	86	3	36.94
4008	101	3	9.39
2946	101	3	6.86
4969	226	4	62.06
1239	102	4	12.43
104	574	3	5.83
101	3129	5	21.12
157	107	5	5.78
223	118	3	11.17
107	845	3	11.4
107	641	7	35.63
283	438	3	26.69
85	2033	3	22.25
101	6467	3	15.83
106	371	3	5.2
102	1095	7	28.69
461	105	7	26.02
103	281	4	4.86
112	1097	4	27.36
101	1477	7	19.88
103	180	20	60.21
175	124	3	10.15
202	111	6	23.65
1093	107	4	19.81
116	1871	3	24.11
1289	101	4	5.83
123	854	5	39.67
360	5686	3	49.65
101	1512	10	42.24
101	1376	4	5.83
624	153	3	22.53
988	14	4	5.83
1441	12	4	6.1
402	3290	4	59.38
101	3741	3	9.39
7224	12	3	15.56
2079	14	3	7.04
1023	14	4	6.22
16	133	4	4.74
101	3052	6	31.65
191	1633	4	44.42
1305	102	3	7.97
295	850	3	30.86
2164	2172	4	69.1
135	167	5	23.15
153	203	5	30.3
2539	2777	4	73.17
487	12	13	23.19
116	797	6	46.31
16	520	3	13.15
101	2645	3	6.86
393	153	5	38.22
600	12	11	20.58
12	331	9	5.23
103	2890	4	23.32
128	238	5	27.54
1685	12	4	7.41
111	101	95	44.84
12	5174	4	20.75
101	1257	9	28.18
166	462	5	42.29
118	102	33	31.7
107	1748	3	15.85
1005	101	6	10.52
13	375	3	12.17
107	1644	5	31.5
499	249	4	37.84
696	102	7	22.49
1191	4991	3	52.15
1171	12	6	11.5
12	2426	4	10.28
1088	12	4	4.22
2012	12	5	14.19
3362	12	3	7.71
320	128	3	15.49
5146	101	3	11.48
109	1699	3	18.32
3232	104	4	25.24
101	2343	3	5.98
105	253	4	6.05
121	2165	4	37.39
105	201	4	4.14
101	2598	4	11.99
288	110	4	15.61
113	207	3	8.66
773	205	5	51.92
102	1125	3	6.83
107	122	14	21.34
4255	14	3	11.35
107	288	12	54.83
2480	2351	7	144.3
607	112	6	39.33
6022	4361	3	67.6
120	216	3	11
102	362	34	191.64
152	116	5	15.59
101	1941	10	52.76
207	108	3	4.72
101	1889	4	8.53
108	397	7	32.14
12	962	18	85.7
2563	101	3	6.86
101	296	9	4.5
102	1648	4	14.4
107	795	3	11.13
776	101	5	4.96
102	7915	3	21.94
659	14	6	9.33
16	194	4	11.08
101	2963	3	7.95
510	14	7	9.59
102	3553	3	15.31
105	644	3	8.14
144	2074	4	41.67
893	12	5	5.37
101	1579	6	15.91
343	101	11	10.79
103	265	4	4.59
101	1367	7	18.56
7186	101	3	15.83
388	832	3	32.53
4181	101	3	9.39
103	517	3	5.18
5301	101	3	11.48
101	1186	4	4.89
213	707	6	64.11
13	439	19	160.96
1175	12	4	4.62
1843	14	3	6.38
303	116	3	13.05
4974	14	3	13.47
3077	1065	3	47.93
1482	14	3	4.87
3947	12	3	9.14
1194	105	3	11.26
220	16	12	64.31
131	488	11	97.56
101	2654	4	11.99
167	285	5	37.43
7921	12	3	15.56
101	349	25	66.32
4210	101	3	9.39
101	500	18	47.74
354	107	3	6.82
12	3698	5	25.93
101	551	16	41.23
102	2075	3	10.8
158	102	9	4.43
4030	101	4	16.25
1287	196	7	85.94
1162	101	4	4.89
102	218	7	6.68
85	405	5	25.25
107	1249	6	37.18
1293	6062	3	57.55
368	2177	5	70.83
101	1620	5	11.12
12	2629	7	36.31
101	1772	4	7.72
555	2265	8	140.57
111	747	3	16
103	894	3	7.96
1108	102	3	6.83
191	102	7	4.72
4001	101	3	9.39
102	3095	4	21.72
2321	101	5	16.24
12	692	14	38.6
285	233	8	77.06
109	997	4	22.11
1522	270	6	79.03
101	3300	3	7.95
2275	307	3	38.01
124	513	3	17.47
1787	12	4	7.41
101	2087	3	5.26
1096	14	4	6.63
103	775	5	17.49
1752	12	5	11.71
107	182	6	11.87
457	12	13	21.82
101	804	12	34.48
849	376	4	45.79
12	1720	6	16.74
145	107	7	8.79
190	121	3	10.25
3112	101	3	7.95
961	118	12	121.8
101	2500	3	5.98
997	14	5	9.34
101	2552	3	6.86
1813	12	5	12.85
105	14	222	85.75
144	1463	4	38
101	3273	3	7.95
302	118	4	19.97
7202	12	3	15.56
119	107	10	8.3
148	2897	3	31.64
133	124	3	5.84
1969	101	3	5.26
143	101	24	4.08
141	1704	5	52.13
102	341	5	6.26
892	14	4	5.15
277	14	9	7.18
101	2193	7	27.69
132	157	3	9.45
101	972	6	9.88
107	2170	4	25.86
5184	101	3	11.48
59	174	4	19.03
114	144	3	4.8
101	2703	3	6.86
2264	2741	3	51.95
4553	16	3	28.71
458	14	11	22.05
101	515	9	11.44
2021	12	4	9.16
2057	136	3	28.25
206	105	4	4.32
280	16	15	96.93
231	4551	4	62.27
2305	12	3	5.75
103	545	3	5.48
115	117	5	7.64
102	4594	3	17.49
12	123	217	685.96
831	658	4	50.32
137	115	3	4.71
12	542	15	35.13
101	3827	3	9.39
109	325	11	60.52
240	7290	3	46.9
3238	136	3	31.38
101	59	25	5.73
103	1393	3	10.87
102	3448	4	21.72
101	3010	6	31.65
12	1195	5	8.39
1967	174	9	131.97
16	177	3	6.07
101	3130	5	21.12
2501	14	5	19.51
880	12	5	5.37
5804	2578	3	62.53
469	107	3	8.21
394	101	14	23.27
114	132	12	42.99
114	190	3	8.32
108	2070	3	18.7
649	307	3	29.77
101	2828	4	11.99
1315	12	5	9.08
121	108	11	16.3
3229	114	6	70.42
5904	12	3	15.56
740	14	4	4.29
106	407	4	9.58
101	338	11	10.46
101	131	140	365.05
4376	4449	3	63.1
203	1873	3	33.25
15	536	34	611.09
16	309	4	15.86
16	235	3	8.43
122	125	4	8.42
2484	101	5	16.24
109	275	14	78.21
128	590	3	19.08
101	5825	3	15.83
12	494	33	151.04
652	101	10	19.69
103	297	6	12.15
1279	14	4	7.58
101	3258	4	13.76
4163	14	3	11.35
161	197	9	67.56
1936	14	5	16.44
102	4726	3	17.49
207	134	6	34.22
101	1973	5	14.61
3904	110	4	39.72
133	321	4	23.82
384	2847	3	40.49
137	3365	3	31.41
1130	102	3	7.18
2023	101	3	5.26
1082	102	3	6.83
257	854	3	30.2
101	4669	3	11.48
116	405	9	64.6
2807	136	3	30.14
546	105	3	7.02
126	317	5	30.58
559	12	7	6.57
3969	775	4	67.57
1078	14	4	6.63
2006	14	4	11.98
957	101	7	13.7
106	610	4	12.58
101	1031	4	4.11
101	1869	4	8.53
101	1801	4	8.53
7369	110	3	33.53
103	4371	3	20.12
1157	14	7	20.7
101	3447	3	7.95
12	598	17	49.15
109	1095	3	15.43
332	85	3	11.08
1199	3612	5	95.96
101	1822	4	8.53
101	1755	4	7.72
210	1384	3	31.62
107	3999	4	33.16
101	3602	3	9.39
104	2003	3	13.35
176	140	3	12.51
549	115	3	15.91
104	624	3	6.37
101	2147	5	14.61
101	2223	7	31.05
233	2012	3	35.21
101	982	5	6.56
3306	14	3	9.86
633	108	4	17.46
305	422	4	38.46
102	1321	4	13.02
361	822	3	32.14
4586	683	3	49
2369	101	3	5.98
126	101	38	10.42
972	316	3	32.24
3324	101	3	7.95
232	129	3	13.4
1210	101	4	5.34
101	5349	4	21.1
285	2670	5	71.75
227	14	12	10.95
240	1755	4	48.18
103	820	3	7.7
440	14	7	8.04
103	3011	3	16.37
156	297	4	27.16
175	12	46	89.62
841	14	5	7.97
1767	14	4	10.13
155	975	4	36.54
161	690	3	24.08
108	1093	5	29.7
101	1564	6	15.91
5096	1459	3	53.55
1184	660	3	37.82
6116	102	3	21.94
12	6157	3	15.56
102	1699	3	9.47
101	3036	3	7.95
101	2841	4	11.99
12	1588	9	33.65
107	2204	3	17.25
1281	136	3	24.71
365	141	3	18
1781	101	3	4.12
103	1278	4	15.75
108	3408	3	21.8
1898	8003	3	59.88
102	2028	5	24.41
103	464	3	4.77
103	397	5	11.13
101	1137	6	11.97
3493	14	4	16.39
942	12	10	25.7
109	362	8	40.21
358	120	3	14.43
1113	452	4	49.49
103	148	10	9.49
102	1075	9	42.74
101	3872	4	16.25
147	139	3	9.18
102	4380	3	17.49
102	4202	3	15.31
102	4262	4	24.3
101	2981	3	7.95
244	285	6	54.47
16	59	36	207.85
2154	12	3	5.03
185	108	4	6.86
105	842	3	9.32
150	122	3	7.4
376	181	3	22.07
409	1354	3	35.79
106	466	4	10.5
468	102	6	12.41
12	3792	3	9.14
101	363	33	116.76
103	1275	3	9.97
1495	102	3	8.42
2918	3120	5	101.27
121	312	25	235.47
314	621	4	41.9
12	1601	5	10.72
594	1	21	232.29
180	297	5	39.56
459	1324	5	67.21
1119	12	4	4.22
2291	12	3	5.75
618	143	25	315.74
128	285	3	14.57
101	3949	4	16.25
108	849	3	12.81
2877	120	3	27.26
676	102	3	4.55
665	101	7	8.99
102	2977	3	13.78
136	102	19	17.05
101	5457	3	11.48
107	1183	3	13.38
102	232	6	5.34
456	506	6	69.96
890	14	4	5.15
1939	14	3	6.38
103	1088	3	9.21
305	225	7	66.28
102	1377	13	87.94
235	14	60	278.18
1521	8	4	32.89
102	1513	11	73.63
101	995	8	17.98
2033	118	5	48.72
110	102	65	78.62
910	107	4	18.4
2342	101	4	10.61
1234	101	4	5.34
104	733	24	197
116	101	45	6.15
214	427	18	222.24
2185	146	3	29.35
1350	4169	4	72.07
106	2366	3	15.97
1336	101	5	9.46
623	760	3	34.73
103	3209	3	16.37
101	4641	3	11.48
626	108	3	11.34
154	112	3	5.34
1219	14	4	7.58
101	686	12	29.5
111	1705	4	30.89
4011	151	3	34.69
1858	12	3	4.43
733	12	24	124.51
105	3764	3	19.7
122	2529	4	38.89
1485	12	5	9.85
3944	14	3	11.35
462	470	4	42.69
101	1894	3	4.65
6065	105	3	26.38
101	2073	4	9.48
127	271	3	14.14
3256	7186	3	63.78
1733	104	4	18.62
268	102	5	4.24
127	124	5	13.05
277	585	4	39.95
1427	314	3	34.77
109	802	9	63.79
101	3282	3	7.95
249	101	14	11.54
2619	812	4	63.4
479	842	4	47.62
101	2634	4	11.99
101	2566	5	18.3
144	204	5	28.59
101	2482	5	16.24
101	2430	3	5.98
2674	12	3	6.62
101	787	6	7.77
2095	221	3	34.69
101	635	10	18.93
183	101	25	24.84
109	3514	3	22.83
923	2860	4	64.25
149	120	12	58.61
325	763	24	403.95
2401	12	3	5.75
2795	12	7	36.31
1252	14	3	4.11
108	218	17	85.62
102	3024	5	31.21
12	2594	3	6.62
12	4564	4	20.75
4661	101	4	21.1
1831	150	3	29.11
105	3952	3	19.7
102	2614	5	28.3
277	795	5	55.72
101	6093	3	15.83
12	154	28	15.61
490	101	7	5.49
1484	14	3	4.87
1185	12	4	4.62
103	488	3	4.9
134	12	33	8.14
101	1217	5	8.77
2231	153	3	30.97
498	966	3	34.87
114	193	4	13.44
1690	101	5	12.11
59	109	5	6.8
436	287	4	38.31
131	517	5	36.06
125	110	7	13.67
101	2689	4	11.99
344	107	3	6.71
125	154	3	8.77
101	2893	4	11.99
102	5552	4	29.25
3682	101	3	9.39
386	101	9	7.79
508	14	7	9.59
13	1509	12	136.4
101	276	18	25.24
101	128	50	30.61
1352	12	5	9.08
1679	151	3	28.54
102	970	5	15.4
473	14	6	6.18
101	1608	5	11.12
102	2255	6	34.99
12	354	18	33.75
5441	101	3	11.48
101	5762	3	15.83
101	3709	3	9.39
6175	151	3	41.41
971	12	8	17.34
101	579	13	29.1
330	297	3	25.35
504	119	4	23.93
103	6181	3	24.58
1085	104	3	9.23
558	124	5	35.44
1794	101	4	8.53
4173	823	3	47.84
248	172	5	36.53
743	249	3	29.08
12	113	546	2682.24
101	6012	3	15.83
280	12	46	165.46
2243	1803	6	113.42
181	3115	3	35.88
541	4430	4	69.45
111	139	5	9.76
101	1427	10	39.16
2547	14	3	7.81
227	842	6	67.48
1058	12	4	3.85
109	210	26	161.45
12	480	14	27.11
102	3513	4	21.72
101	3023	4	13.76
12	1250	14	65.43
101	5121	3	11.48
4031	110	4	39.72
104	2765	3	15.18
101	250	41	124.13
113	157	5	14.2
4494	14	3	13.47
101	2513	6	22.95
6218	12	3	15.56
101	2617	4	11.99
214	311	3	22.51
3150	14	3	9.86
277	1118	5	59.21
141	2412	3	29.77
101	712	5	4.33
145	102	11	4.51
102	1142	10	52.29
119	102	28	20.82
141	1895	5	53.43
314	1337	3	34.27
2203	14	4	11.98
101	3328	5	21.12
423	667	6	72.83
2510	12	3	5.75
12	732	6	6.93
102	3147	4	21.72
217	102	11	18.17
103	1046	4	14.18
107	1149	3	13.38
101	1013	7	14.51
101	1089	7	15.38
149	14	21	10.52
12	1963	3	5.03
102	1502	10	59.26
3593	4369	4	88.82
4804	14	3	13.47
102	1382	8	39.7
3198	118	5	55.67
12	3337	6	31.12
106	693	4	13.45
442	110	3	12.5
103	3663	3	17.92
3788	110	4	39.72
101	3416	4	13.76
1374	12	11	42.98
101	1685	5	12.11
101	1769	5	12.11
107	1493	4	22.25
101	2090	3	5.26
103	634	8	32.74
8	2979	3	27.79
1273	14	3	4.11
101	1887	7	25.16
122	751	24	301.15
182	102	8	5.94
101	3313	5	21.12
105	321	3	4.47
195	101	15	6.7
101	2464	3	5.98
4142	14	3	11.35
970	14	4	5.83
2593	3033	5	101.27
101	741	5	4.63
101	817	5	5.32
103	2061	5	28.75
104	407	3	4.18
150	12	77	162.48
102	3616	4	24.3
210	928	3	28.76
555	5775	3	52.18
107	626	6	28.5
85	2046	6	55.92
102	872	3	5.66
1441	14	3	4.87
101	3671	5	26.38
4981	14	3	13.47
102	2333	3	11.62
12	333	50	242.84
3076	318	5	76.33
2511	14	3	7.81
233	105	7	16.22
102	4590	3	17.49
220	12	16	11.49
532	124	8	63.99
781	102	3	5.17
106	337	3	4.69
750	102	3	4.95
558	112	3	14.64
266	105	4	6.43
101	4893	3	11.48
105	912	4	15.55
2387	14	4	13.15
213	199	19	196.03
108	148	5	6.28
1783	102	3	9.47
412	101	9	8.41
13	2371	4	34.35
585	277	7	78.84
105	466	5	15.19
186	132	4	17.57
1392	375	7	99.18
130	116	3	4.25
716	14	6	10.17
177	1856	3	31.83
102	1497	12	80.78
4153	12	3	9.14
929	12	7	12.43
101	1063	5	7.56
101	1011	4	4.11
331	108	3	7.69
700	2367	4	60.75
5765	586	3	52.59
498	120	4	24.11
595	101	7	7.75
101	2603	4	11.99
113	144	3	4.39
955	556	14	227.55
451	942	9	126.85
102	2660	4	19.85
1947	1977	7	134.61
1058	2508	4	63.67
8	217	3	10.34
101	3222	4	13.76
85	149	60	441.71
1787	14	4	10.13
187	12	21	15.24
102	470	9	25.74
4523	16	3	28.71
5369	14	3	13.47
207	105	7	13.89
156	292	3	18.49
479	12	10	12.88
417	836	4	46.55
111	356	3	11.69
101	1365	9	29.98
12	6130	3	15.56
981	101	5	6.56
102	1702	3	9.47
107	613	4	15.3
16	130	8	17.58
101	3049	5	21.12
659	12	8	11.63
101	4967	3	11.48
3485	114	6	70.42
510	12	8	8.06
102	3551	3	15.31
2747	12	3	6.62
761	12	5	4.32
122	1118	4	31.46
1999	101	3	5.26
367	110	4	17.68
246	1754	4	48.29
146	107	10	18.8
12	3089	5	20.68
103	384	7	19.74
166	398	7	62.17
102	802	10	43.46
246	983	5	56.56
802	114	3	17.78
303	175	3	20.55
7201	12	3	15.56
12	185	113	567.06
115	133	6	15.56
102	851	13	65.8
7347	12	3	15.56
188	14	11	4.34
363	754	6	72.72
575	104	3	5.83
12	1448	11	46.21
308	102	10	23
101	4795	3	11.48
101	2705	3	6.86
945	101	5	6.11
458	12	12	18.3
7987	14	3	17.87
102	1972	8	52.29
1326	118	3	22.13
768	1525	7	111.79
7174	12	3	15.56
210	711	4	38.96
419	355	4	39.72
361	116	4	21.08
4900	14	3	13.47
717	12	9	16.5
101	209	47	127.26
1651	166	4	43.03
101	261	17	20.79
5001	263	4	63.52
982	4010	3	48.79
106	433	5	14.77
5078	4670	3	63.1
2171	107	4	25.86
1163	101	4	4.89
279	129	9	64.17
104	393	3	4.07
105	2032	3	15.07
192	102	11	14.6
101	3829	3	9.39
12	421	9	8.17
13	220	29	221.68
122	5124	3	32.97
461	108	3	9.56
1226	120	4	31.74
101	1488	4	6.39
103	292	4	5.26
101	3271	4	13.76
101	651	16	49.56
402	124	6	40.8
106	870	5	21.39
101	771	9	18.77
396	549	4	42.65
168	5156	4	58.04
3042	3136	3	55.46
101	2498	3	5.98
104	901	3	8.26
105	12	198	5.47
4591	12	3	11.22
149	16	21	101.9
132	108	6	5.68
549	204	3	25.38
12	5209	4	20.75
101	974	11	33.36
1830	101	4	8.53
102	1460	7	33.57
103	937	4	13.3
103	877	5	18.46
85	489	12	88.38
13	987	8	65.09
176	222	3	18.21
101	3466	4	13.76
12	731	23	111.16
102	2932	5	28.3
625	14	5	5.91
145	115	5	13.53
101	6859	3	15.83
107	253	15	70.87
113	116	8	15.45
105	288	5	10.76
1583	369	3	36.29
559	14	7	10.68
1827	143	4	40.39
291	12	18	26.59
858	8	6	47.17
101	3260	3	7.95
1936	12	4	8.22
127	222	6	33.76
101	2123	5	14.61
172	246	4	27.26
119	115	6	11.3
3725	1162	4	70.83
144	3723	5	67.56
3627	101	3	9.39
102	567	5	10.24
101	1716	6	17.24
103	858	3	7.96
101	1867	5	13.26
101	1799	10	52.76
4325	1246	4	76.43
102	210	66	375.32
499	118	6	40.99
4751	367	3	45.28
116	149	54	433.1
476	634	3	32.21
2944	12	3	6.62
2078	114	3	23.77
1078	12	4	4.22
12	5342	3	11.22
101	893	8	16.23
130	144	3	7.78
362	1718	3	36.76
3952	101	4	16.25
1013	102	5	15.98
125	101	67	66.4
1315	14	5	12.47
606	12	12	25.55
226	14	27	64.1
1344	14	7	23.02
2596	16	5	46.99
3106	14	4	16.39
4820	14	3	13.47
103	414	4	7.47
115	102	21	5.73
115	161	5	16.62
277	796	5	55.72
101	6080	3	15.83
101	4027	3	9.39
375	104	3	3.86
12	101	1226	69.63
230	102	10	16.74
202	121	6	30.11
865	101	7	12.27
85	2067	4	32.56
2069	14	4	11.98
426	262	5	49.1
271	101	12	8.74
16	107	14	7.45
104	437	5	12.04
360	858	6	74.58
376	172	3	21.57
668	104	3	6.57
4928	101	3	11.48
107	610	7	35.08
342	1722	3	36.39
101	2990	6	31.65
1366	136	13	165.34
12	1163	8	20.56
102	5594	3	17.49
6007	12	3	15.56
2239	815	3	43.99
103	3065	4	25.21
180	1324	4	42.22
103	310	7	16.81
726	117	24	284.57
194	107	5	9.18
771	5755	3	54.28
160	101	36	38.86
2983	13	6	68.14
1124	192	5	54.07
12	259	18	22.54
1629	12	4	6.71
707	12	6	6.52
284	380	5	48.52
1828	313	3	36.6
101	2779	4	11.99
101	2735	3	6.86
12	1538	11	50.33
1552	12	9	33.65
102	3225	3	13.78
105	1032	4	16.45
2770	12	3	6.62
189	101	16	7.12
2298	101	3	5.98
213	2037	4	48.65
102	1951	4	16.11
102	2026	5	24.41
13	1282	3	19.13
494	102	6	13.01
1744	101	3	4.12
1461	14	3	4.87
6975	12	3	15.56
101	876	5	5.7
578	120	4	25.36
334	122	24	229.48
1639	483	3	37.78
3033	1065	5	89.05
4263	120	3	30.08
134	761	3	21.24
109	2333	4	30.45
101	1649	6	17.24
527	102	4	6.19
141	3473	4	46.17
12	721	6	6.52
1298	262	10	143.02
108	581	5	23.09
1801	370	5	69.33
101	5215	3	11.48
2013	3334	3	52.32
3165	110	3	25.24
101	3297	5	21.12
3107	12	3	7.71
1926	114	10	117.45
5667	153	3	41.55
108	4914	3	25.59
119	128	4	7.72
103	822	3	7.7
107	302	4	9.95
107	236	5	11.9
1615	14	3	5.31
120	108	8	7.1
2230	166	3	32.48
105	137	21	47
724	101	13	35.75
113	132	17	69.69
116	489	6	39.98
101	2480	3	5.98
101	2524	4	10.61
105	139	7	4.19
288	12	13	11.69
1029	544	3	35.77
103	2055	8	59.33
107	1559	6	40.69
352	9	12	89.9
101	2088	4	9.48
213	528	3	25.46
152	115	3	6.22
296	355	4	36.89
101	5337	3	11.48
1251	12	4	5.06
105	1229	3	11.66
191	105	6	9.04
102	3096	3	13.78
3646	14	3	11.35
176	187	3	16.54
1129	166	3	27.64
123	149	3	7.42
12	779	6	7.36
103	7160	3	24.58
101	1834	4	8.53
103	893	3	7.96
130	117	3	4.38
383	365	3	27.63
222	115	3	10.39
105	390	3	5.38
107	2726	3	19.11
12	2128	3	5.03
101	2347	3	5.98
5864	16	3	33.2
101	414	11	13.88
655	105	7	31.15
106	197	6	9.58
367	16	10	62.4
107	945	3	11.99
3193	14	3	9.86
104	101	584	486.55
266	107	3	5.2
2165	121	3	25.86
114	102	52	67.14
108	2039	4	27.81
12	6344	3	15.56
233	107	3	4.45
285	740	18	265.7
4485	1207	4	76.43
175	473	13	143.79
111	85	7	6.08
1674	8	4	33.74
3459	12	4	13.42
101	1109	8	20.03
2835	12	3	6.62
1308	14	8	29.16
3833	12	3	9.14
609	12	20	69.23
102	623	9	30.95
808	754	3	36.49
3008	14	3	9.86
101	1364	8	23.98
501	16	3	12.81
102	1058	7	27.72
1816	2527	4	69.28
104	1318	5	23.06
3175	101	3	7.95
8	802	3	18.66
1358	101	5	9.46
101	2964	3	7.95
1511	956	4	58.99
102	3550	3	15.31
106	374	4	8.93
376	166	3	20.94
447	114	3	14.24
1221	14	8	27.65
776	12	6	7.36
13	3685	5	56.78
170	14	38	78.95
1768	12	3	3.91
101	4983	4	21.1
16	2	15	38.83
4152	101	4	16.25
293	102	7	10.74
1277	102	3	7.55
105	4629	3	21.91
3834	3198	3	57.05
101	310	31	90.32
1884	101	6	18.79
963	101	9	22.68
1246	102	3	7.55
101	1489	4	6.39
1411	125	4	35.08
108	920	7	44.48
147	112	10	36.09
570	153	6	52.78
1397	12	7	19.3
5155	12	4	20.75
570	490	5	58.36
2777	12	3	6.62
102	2631	3	12.59
1899	14	3	6.38
6725	3364	3	63.78
85	919	3	16.88
316	124	3	14.73
4797	101	4	21.1
2282	1669	6	111.72
101	7287	3	15.83
2998	9	4	40.58
107	960	3	12.3
261	2658	5	70.95
437	104	4	8
107	2173	4	25.86
1634	12	7	20.78
12	1449	5	9.85
101	4794	3	11.48
797	16	3	15.55
125	120	6	15.78
58	85	4	11.72
3398	114	3	26.89
1220	12	7	16.82
9	12	81	55.1
107	527	3	8.84
270	16	3	9.29
2104	12	5	14.19
3547	14	3	11.35
500	1789	5	70.88
12	2005	9	46.68
2611	196	3	35.47
108	1378	5	32.01
102	3085	4	21.72
217	108	5	12.86
103	876	10	53.27
101	1746	8	29.76
1015	12	4	3.85
102	264	20	67.1
2537	7780	3	61.51
101	1926	5	13.26
119	108	11	14.51
227	136	4	21.38
101	2045	6	20.64
273	6426	3	47.69
103	2480	4	21.82
101	5444	3	11.48
2848	124	3	28.28
101	2499	4	10.61
167	886	4	37.37
2065	183	9	133.38
103	1903	6	35.85
2194	12	6	20.13
101	770	12	33.1
228	12	15	10.69
210	506	13	152.27
102	1152	3	7.18
128	778	3	20.75
101	3600	4	16.25
108	177	14	55.44
112	139	5	10.35
573	14	5	5.1
101	1800	8	32.5
124	216	4	18.21
193	108	4	7.4
2146	12	3	5.03
102	59	16	13.73
103	1622	3	11.39
1433	120	3	22.8
341	12	16	24.99
181	3361	3	35.88
138	3192	3	31.43
102	1414	4	13.68
101	2241	7	31.05
3791	101	3	9.39
919	110	5	33.52
476	635	3	32.21
132	115	9	29.19
735	703	24	468.55
113	117	9	19.65
105	223	5	8.11
684	102	3	4.55
200	105	5	6.78
2023	12	5	14.19
101	637	6	5.82
427	1052	5	63.38
159	12	20	5.16
2683	14	3	8.73
101	5315	3	11.48
1226	101	4	5.34
102	904	12	61.28
171	462	11	115.05
5634	179	3	44.14
101	1614	4	7.01
102	4285	3	15.31
12	344	48	232.62
3812	12	3	9.14
3449	12	5	20.68
1599	12	5	10.72
131	195	14	99.92
101	5180	3	11.48
1330	14	3	4.47
121	485	13	114.1
698	505	3	33.1
103	1365	5	23.03
106	408	3	5.65
3003	101	3	7.95
101	384	18	38.41
111	1553	4	30.04
114	340	3	12.65
7148	114	3	35.19
101	2675	4	11.99
125	14	24	3.98
131	380	3	16.74
423	367	4	40.07
102	2448	4	18.37
5402	12	3	11.22
108	790	6	34
12	168	105	418.78
3473	16	3	24.91
1211	14	14	76.16
162	112	4	9.88
226	101	16	13.85
102	717	16	84.85
101	7422	3	15.83
12	140	204	943.59
1175	121	3	21.91
290	101	30	79.59
181	129	3	11.06
102	2537	3	11.62
248	255	3	22.27
111	112	7	7.2
118	231	3	11.53
102	668	6	16.38
3584	2164	5	102.69
5368	136	3	35.2
410	105	9	35.88
106	202	5	7
2012	688	3	42.04
101	2778	6	26.06
1244	978	3	40.51
185	102	18	36.96
209	1987	8	115.92
205	101	13	5.06
102	3481	6	43.88
2787	12	4	11.65
101	292	28	69.59
103	1488	3	10.87
1889	14	5	16.44
543	12	26	101.87
2	169	3	8.28
1699	1333	3	44.66
103	261	7	14.33
103	209	19	64.52
106	1166	4	17.54
307	14	7	4.45
102	1009	3	6.5
4310	506	4	68.71
2422	12	8	41.5
12	468	33	142.41
2979	9	3	27.84
1580	101	4	7.01
101	1904	3	4.65
6181	101	3	15.83
103	651	3	6.55
990	3823	3	48.79
4584	12	3	11.22
208	922	4	40.83
123	376	3	15.57
109	736	3	13.27
1447	14	4	8.72
101	5418	3	11.48
195	184	3	17.29
110	353	4	17.18
101	2405	4	10.61
209	1531	5	59.91
2594	447	5	76.8
13	2046	3	22.64
626	102	3	4.18
213	1225	5	57.23
12	3216	6	31.12
101	877	8	16.23
101	937	9	21.59
255	734	3	29.17
102	3886	3	15.31
4055	12	3	9.14
101	2148	4	9.48
101	2224	4	10.61
4991	716	3	49.25
4088	12	3	9.14
101	5523	4	21.1
306	138	7	50.51
102	246	24	84.97
5323	111	3	29.45
101	1819	4	8.53
545	170	3	23.49
1683	107	3	15.85
12	1524	4	6.71
114	115	7	12.13
1620	14	5	14.21
101	7256	3	15.83
964	12	8	17.34
118	216	3	10.84
1236	12	4	5.06
665	14	6	9.33
167	1573	4	42.53
101	4052	4	16.25
434	2553	3	41.23
5870	553	3	52.18
2534	101	5	16.24
429	101	7	4.5
7487	101	3	15.83
661	102	4	7.8
166	264	5	36.36
103	250	18	68.96
795	1330	3	39.74
343	283	5	47.43
194	105	9	20.11
166	131	5	21.88
109	3096	3	22.83
102	998	6	20.86
142	114	10	37.26
572	155	4	32.28
13	149	40	261.42
819	14	6	11.63
1053	12	4	3.85
1945	122	3	25.27
184	12	16	5.6
101	687	9	16.46
145	134	3	8.38
120	102	35	38.2
760	126	3	20.32
6542	120	3	36.81
503	105	4	10.85
104	945	3	8.26
101	2466	6	22.95
101	4504	3	11.48
113	130	13	46.02
1862	108	3	17.96
101	2586	5	18.3
108	385	3	8.6
108	444	3	9.26
5306	12	4	20.75
7764	14	3	17.87
109	623	3	12.12
101	3239	3	7.95
249	14	10	8.02
133	101	47	31.47
4610	101	3	11.48
3586	4537	4	88.82
152	102	10	4.73
103	712	3	6.97
101	2072	3	5.26
165	119	4	13.07
1322	101	8	23.98
107	1114	6	35.33
101	1639	8	27.52
103	1013	4	14.18
7748	118	3	36.63
101	3434	3	7.95
571	171	3	23.97
1439	12	7	19.3
3545	12	4	15.9
1840	12	3	4.43
130	107	25	72.86
1297	13	11	110.48
101	1046	7	14.51
467	144	3	19.6
103	3620	4	27.81
101	2378	5	16.24
5482	192	4	59.68
101	4400	4	21.1
107	2803	4	28.63
102	3892	4	24.3
770	262	5	55.41
132	119	3	4.63
186	107	6	12.23
103	1769	3	11.96
183	14	19	20.12
2691	12	3	6.62
105	2728	4	25.69
377	114	3	13.26
212	1674	3	32.84
112	202	3	8.27
101	1865	3	4.65
730	4556	4	72.2
2660	12	4	11.65
102	248	6	5.91
948	101	10	26.52
101	5505	3	11.48
1368	110	8	70.4
101	3330	3	7.95
12	867	12	34.96
101	3406	4	13.76
1118	101	4	4.48
312	649	4	42.37
325	7869	3	49.04
101	2121	5	14.61
1385	153	5	51.99
85	220	18	115.11
159	85	4	8.71
124	535	6	44.13
101	838	8	15.44
2813	12	4	11.65
581	12	6	4.54
1689	1919	4	65.95
3501	12	3	7.71
101	4605	4	21.1
101	4657	3	11.48
168	101	30	32.31
102	1786	5	21.72
135	590	3	19.88
105	734	4	14.04
101	3081	3	7.95
5554	126	3	33.84
115	563	4	23.86
212	3061	4	53.37
749	14	4	4.29
1024	12	9	23.13
109	189	3	4.79
357	14	14	28.42
473	101	7	5.49
101	1609	4	7.01
614	101	6	5.5
798	208	3	27.8
101	7740	3	15.83
13	489	17	142.45
85	987	3	17.21
301	117	3	13.11
101	1292	10	36.6
115	108	13	17.84
2878	14	3	8.73
212	6074	3	45.72
2582	522	4	59.64
873	12	8	15.6
1628	1767	3	45.71
101	2824	3	6.86
1243	289	3	33.17
534	293	3	28
1809	370	4	53.01
2	587	3	16.84
102	1989	4	17.15
1038	188	8	94.5
363	1893	6	86.24
370	2402	4	55.38
469	472	3	30.29
1492	14	3	4.87
6109	14	3	17.87
101	3719	4	16.25
2830	14	3	8.73
240	4042	3	40.18
101	7609	3	15.83
1509	420	12	204.86
2259	104	3	14.19
102	1653	10	66.5
106	475	3	6.44
1707	121	4	35.35
163	132	4	15.42
101	148	25	8.16
105	609	4	12.52
315	105	3	4.38
6785	12	3	15.56
538	14	6	6.97
4126	12	3	9.14
157	108	6	10.99
101	3066	4	13.76
215	105	17	64.95
114	147	7	22.31
8	1652	3	23.24
101	4789	3	11.48
797	14	5	7.58
135	314	5	32.19
442	3323	6	102.06
101	1275	4	5.34
103	363	8	23.65
388	2349	3	39.47
2917	12	3	6.62
115	229	5	22.9
2263	12	7	30.43
128	252	3	13.86
143	85	5	9.97
1563	12	8	26.84
101	1733	3	4.12
1810	5902	3	59.88
109	904	7	46.89
123	101	63	45.34
2113	101	3	5.26
108	161	5	8.17
131	972	5	42.82
101	2361	5	16.24
101	2257	6	22.95
132	102	30	41.03
700	744	4	50.22
7320	642	3	53.03
109	3648	3	24.41
101	1012	4	4.11
101	1088	8	20.03
2677	1414	3	48.49
492	105	4	10.85
164	118	3	8.09
1530	313	3	35.32
3588	12	4	15.9
4541	143	4	53.84
1399	8	3	22.1
1851	12	7	24.56
383	189	3	22.57
113	107	29	57.2
101	2436	4	10.61
463	172	3	22.75
224	485	4	36.64
254	101	13	9.59
105	111	18	9.71
595	253	3	27.75
101	3277	4	13.76
101	3209	3	7.95
2203	101	3	5.26
101	3329	3	7.95
1483	110	4	28.73
196	287	11	108.48
102	4741	4	29.25
415	695	4	44.9
3318	14	3	9.86
102	380	9	22.28
102	4760	4	29.25
187	111	4	11.57
103	635	4	10.62
8	2978	3	27.79
555	4442	3	47.68
103	787	7	29.64
102	1202	6	24.16
331	102	5	5.96
102	1306	3	7.97
179	3143	4	51.25
105	202	5	6.94
126	112	4	5.1
3562	318	4	60.3
101	4639	3	11.48
2085	283	4	51.67
101	2601	5	18.3
116	220	4	16.53
6367	12	3	15.56
1876	14	4	10.99
3992	101	5	26.38
102	1503	4	13.68
85	1282	4	27.58
101	921	6	9.3
116	2921	5	52.15
427	760	3	32.55
1059	101	5	7.04
4775	101	3	11.48
165	102	9	5.71
178	101	17	7.22
12	780	7	10.53
1493	12	11	46.21
12	704	6	6.52
7620	114	3	35.19
101	7337	3	15.83
111	12	124	94.79
12	5173	4	20.75
5068	283	3	43.48
102	736	11	48.04
118	105	11	5.35
262	16	3	9.21
12	198	98	482.37
12	125	143	341.94
646	102	3	4.36
104	154	10	11.48
167	172	3	15.1
308	251	10	105.99
114	235	3	10.26
106	57	4	6.48
4967	14	3	13.47
3288	12	4	13.42
107	934	4	18.4
361	531	4	41.67
367	14	8	8.84
13	1147	7	57.64
101	234	34	79.11
102	7979	3	21.94
3134	12	6	31.12
1474	101	4	6.39
350	101	8	4.47
1358	110	4	28.04
16	132	6	10.42
104	354	12	45.13
877	1757	4	58.96
423	1424	4	51.36
102	3617	5	36.57
109	246	5	16.05
101	3670	3	9.39
2469	107	3	18.11
123	900	3	20.74
202	201	4	27.32
415	120	9	66.58
101	1515	6	15.91
103	128	29	56.28
101	1583	7	21.37
650	14	6	9.33
103	276	4	4.77
855	166	3	25.86
216	164	15	135.7
1975	12	3	5.03
