123	1
1844	2
5444	3
991	4
7345	5
6481	6
4762	7
7341	8
5231	9
8970	10
286	11
3638	12
6002	13
4484	14
183	15
4464	16
857	17
6006	18
3589	19
692	20
1297	21
8036	22
658	23
5965	24
918	25
5823	26
1108	27
7962	28
4495	29
6776	30
1288	31
2863	32
3711	33
8255	34
6287	35
6406	36
750	37
154	38
2739	39
4925	40
2722	41
3747	42
265	43
3457	44
4397	45
1176	46
6553	47
7006	48
5518	49
1350	50
5165	51
2880	52
578	53
5030	54
3110	55
14	56
5337	57
5936	58
5748	59
5252	60
8458	61
3042	62
4052	63
6852	64
7840	65
5932	66
3901	67
3898	68
4894	69
6584	70
8579	71
7434	72
5571	73
3677	74
7539	75
7567	76
3926	77
1993	78
5011	79
671	80
6853	81
3871	82
4501	83
3426	84
735	85
603	86
3634	87
75	88
4458	89
6907	90
7378	91
5968	92
147	93
8543	94
989	95
4275	96
7424	97
8509	98
3086	99
7403	100
7301	101
1585	102
472	103
5709	104
2254	105
8299	106
261	107
73	108
5638	109
1613	110
1737	111
9051	112
6642	113
261	114
665	115
8930	116
228	117
4983	118
2461	119
6417	120
7613	121
8309	122
2072	123
6867	124
1804	125
4616	126
3346	127
1095	128
8733	129
3118	130
6049	131
2336	132
1725	133
7921	134
5276	135
2822	136
371	137
2272	138
7681	139
6187	140
1753	141
5876	142
6385	143
2942	144
2681	145
3645	146
6728	147
3618	148
502	149
1127	150
1527	151
933	152
6139	153
4663	154
3103	155
7092	156
6453	157
4671	158
8734	159
4524	160
9006	161
4727	162
7874	163
982	164
3790	165
3380	166
683	167
2868	168
1921	169
5507	170
7060	171
1299	172
5437	173
1699	174
4074	175
8240	176
906	177
1115	178
5997	179
5260	180
903	181
538	182
5239	183
511	184
2456	185
6650	186
5060	187
2586	188
8196	189
3204	190
5265	191
1024	192
6395	193
824	194
4916	195
335	196
5425	197
6649	198
1325	199
4400	200
6295	201
7148	202
228	203
5357	204
6726	205
6280	206
7412	207
613	208
746	209
3708	210
7910	211
5487	212
3650	213
5224	214
5029	215
7462	216
5565	217
1869	218
663	219
2941	220
8041	221
499	222
4693	223
5721	224
6531	225
6496	226
5706	227
6523	228
437	229
669	230
8959	231
5672	232
5992	233
7587	234
5900	235
4568	236
8697	237
4497	238
5438	239
164	240
4558	241
4077	242
500	243
6800	244
6772	245
2145	246
8908	247
6666	248
9073	249
78	250
6399	251
574	252
179	253
1271	254
2087	255
7115	256
4791	257
4025	258
5890	259
5031	260
1947	261
5674	262
4403	263
6924	264
8807	265
3553	266
8976	267
2337	268
960	269
3463	270
4079	271
6471	272
8658	273
5166	274
5730	275
4334	276
5288	277
4236	278
2669	279
7042	280
280	281
2973	282
5046	283
3582	284
5912	285
6884	286
8654	287
4884	288
6777	289
5147	290
5332	291
1865	292
2626	293
5256	294
8193	295
7509	296
5324	297
4499	298
5836	299
5686	300
5512	301
6228	302
4404	303
4819	304
6412	305
8525	306
7942	307
6338	308
8117	309
2995	310
5274	311
2709	312
8863	313
69	314
6048	315
3883	316
7114	317
2925	318
1646	319
161	320
6324	321
8809	322
1448	323
5143	324
6100	325
7547	326
3196	327
4257	328
1212	329
2096	330
54	331
9037	332
7857	333
5033	334
3407	335
272	336
2546	337
2654	338
3519	339
4933	340
484	341
3169	342
8531	343
940	344
2221	345
1219	346
479	347
6178	348
8138	349
7033	350
3045	351
7532	352
2882	353
937	354
1863	355
4622	356
5204	357
5136	358
4012	359
1422	360
6901	361
8071	362
7074	363
4926	364
386	365
5621	366
4010	367
127	368
5516	369
8058	370
1752	371
3081	372
8346	373
8148	374
4599	375
6889	376
315	377
3996	378
1467	379
4303	380
326	381
4277	382
2447	383
6559	384
4071	385
8571	386
6747	387
2878	388
7458	389
5413	390
1703	391
1633	392
1494	393
6275	394
8561	395
4587	396
5563	397
8002	398
6027	399
5381	400
5813	401
1464	402
7847	403
6156	404
404	405
2065	406
519	407
6494	408
1385	409
1491	410
898	411
4944	412
4532	413
9012	414
6355	415
6958	416
3219	417
5066	418
4832	419
3383	420
213	421
6565	422
4707	423
569	424
5116	425
1447	426
1081	427
1794	428
4646	429
7492	430
3023	431
6260	432
4535	433
2150	434
219	435
8992	436
150	437
1487	438
3830	439
2704	440
4570	441
8174	442
5807	443
5531	444
7300	445
5894	446
2375	447
1484	448
151	449
3848	450
4031	451
5208	452
7237	453
8068	454
4018	455
6373	456
1979	457
6169	458
5455	459
6945	460
5056	461
4786	462
458	463
2296	464
3174	465
134	466
4747	467
8304	468
869	469
5560	470
7236	471
3473	472
884	473
5458	474
3773	475
3339	476
2326	477
3302	478
2075	479
3262	480
6895	481
8007	482
5077	483
5172	484
5173	485
1537	486
1501	487
2972	488
6886	489
2891	490
81	491
3094	492
520	493
8006	494
4124	495
5316	496
4392	497
9077	498
8091	499
3012	500
3372	501
1718	502
82	503
8121	504
1922	505
7702	506
5269	507
297	508
4110	509
7113	510
1088	511
1057	512
3924	513
841	514
5785	515
6054	516
6072	517
6304	518
9	519
7064	520
4378	521
740	522
2023	523
1282	524
1541	525
69	526
8501	527
6302	528
8060	529
1044	530
3515	531
7526	532
3149	533
8875	534
581	535
7815	536
2647	537
7880	538
4691	539
5963	540
547	541
7392	542
1837	543
1368	544
447	545
7515	546
3432	547
98	548
1386	549
3341	550
4377	551
5768	552
7371	553
414	554
2907	555
7223	556
2940	557
3010	558
4182	559
5213	560
5329	561
73	562
929	563
7245	564
7661	565
7770	566
6893	567
1259	568
73	569
1594	570
8777	571
4776	572
2814	573
3213	574
2702	575
2526	576
7478	577
5874	578
197	579
7704	580
3406	581
2703	582
4113	583
5215	584
6911	585
168	586
642	587
8234	588
5619	589
3055	590
6550	591
9023	592
504	593
1858	594
1561	595
5990	596
95	597
2457	598
3887	599
2255	600
5243	601
3531	602
769	603
2377	604
7418	605
1909	606
6581	607
7556	608
4934	609
288	610
509	611
8709	612
580	613
1963	614
7258	615
7275	616
5654	617
8905	618
8445	619
3740	620
7748	621
362	622
1765	623
1113	624
912	625
2712	626
1857	627
2798	628
8665	629
2491	630
1860	631
8279	632
7420	633
766	634
4162	635
3839	636
7089	637
2170	638
5539	639
4543	640
6967	641
1419	642
4030	643
232	644
2993	645
8108	646
1041	647
8171	648
2378	649
786	650
7380	651
606	652
6647	653
490	654
466	655
6506	656
2715	657
6744	658
3002	659
4640	660
4246	661
586	662
6932	663
7951	664
2276	665
731	666
8098	667
4942	668
3240	669
449	670
777	671
5881	672
8731	673
1304	674
8282	675
1420	676
8523	677
7449	678
816	679
4075	680
2613	681
576	682
6236	683
92	684
1503	685
831	686
1474	687
4198	688
1394	689
8534	690
1043	691
2579	692
2134	693
4349	694
6949	695
5261	696
7553	697
7368	698
3489	699
6960	700
3001	701
2144	702
8842	703
5249	704
4312	705
7387	706
351	707
555	708
7501	709
6144	710
298	711
4314	712
76	713
402	714
2402	715
6062	716
5682	717
1755	718
2177	719
2175	720
6549	721
8730	722
5113	723
1038	724
968	725
2226	726
5145	727
7698	728
7817	729
8365	730
1838	731
957	732
1920	733
2313	734
3564	735
7395	736
1270	737
8120	738
2666	739
3971	740
4816	741
801	742
8037	743
8505	744
4456	745
6175	746
5713	747
7136	748
3298	749
3559	750
8522	751
7528	752
7379	753
5294	754
8046	755
2752	756
8005	757
399	758
661	759
5829	760
6793	761
6003	762
7007	763
3020	764
2679	765
7191	766
5806	767
6106	768
273	769
3496	770
1768	771
5825	772
5240	773
8055	774
283	775
8235	776
1885	777
7859	778
560	779
5877	780
8794	781
6954	782
499	783
2450	784
6147	785
2646	786
5929	787
8690	788
6784	789
8619	790
7353	791
86	792
561	793
941	794
6163	795
4542	796
6926	797
4462	798
3636	799
5637	800
6484	801
8967	802
2634	803
8258	804
4678	805
1671	806
614	807
5522	808
6246	809
469	810
3840	811
3727	812
4099	813
6561	814
7863	815
3309	816
130	817
450	818
3111	819
701	820
3866	821
632	822
2815	823
1771	824
1378	825
8154	826
450	827
7001	828
2591	829
2347	830
1452	831
3825	832
6610	833
8447	834
3116	835
275	836
62	837
23	838
2867	839
8000	840
2611	841
8969	842
2743	843
6873	844
3412	845
3072	846
2881	847
6905	848
1519	849
4029	850
3418	851
7659	852
235	853
235	854
484	855
776	856
4196	857
2602	858
914	859
1958	860
4655	861
2073	862
2492	863
8764	864
5097	865
5745	866
3035	867
4548	868
5002	869
640	870
4350	871
3400	872
5863	873
6392	874
6196	875
8434	876
5010	877
4492	878
5943	879
620	880
380	881
3357	882
489	883
1568	884
4680	885
5049	886
42	887
6806	888
7624	889
9002	890
5014	891
646	892
6124	893
2991	894
431	895
8536	896
7066	897
963	898
959	899
4021	900
1058	901
4685	902
934	903
8662	904
5282	905
5927	906
5484	907
4581	908
7488	909
6069	910
4224	911
8142	912
1102	913
5477	914
4956	915
878	916
664	917
5537	918
6866	919
1583	920
3990	921
5108	922
7080	923
6255	924
2674	925
8316	926
7538	927
6162	928
6279	929
2832	930
6332	931
8786	932
696	933
4272	934
359	935
6130	936
5701	937
8219	938
6400	939
3539	940
2258	941
3522	942
6276	943
4422	944
3751	945
8864	946
687	947
5789	948
5920	949
1662	950
2381	951
8870	952
153	953
344	954
2026	955
2887	956
1834	957
6943	958
915	959
3135	960
5426	961
7875	962
6993	963
3148	964
5266	965
201	966
8898	967
2289	968
3041	969
532	970
530	971
1601	972
2758	973
8811	974
4986	975
7739	976
8144	977
8928	978
7844	979
1274	980
4063	981
5983	982
7010	983
2909	984
8857	985
6645	986
803	987
1298	988
8431	989
6745	990
6974	991
7225	992
3668	993
308	994
2015	995
403	996
4856	997
1880	998
3583	999
4574	1000
8934	1001
548	1002
2316	1003
6477	1004
169	1005
6986	1006
1028	1007
2900	1008
1707	1009
7043	1010
6994	1011
1139	1012
9038	1013
1338	1014
7474	1015
4807	1016
1023	1017
6333	1018
4769	1019
2838	1020
8225	1021
1889	1022
2565	1023
1758	1024
2475	1025
7375	1026
1346	1027
4084	1028
42	1029
1714	1030
2675	1031
6297	1032
8439	1033
5725	1034
4859	1035
444	1036
7054	1037
1470	1038
6790	1039
5607	1040
5530	1041
1774	1042
2932	1043
6543	1044
193	1045
6803	1046
418	1047
2233	1048
617	1049
2101	1050
2843	1051
619	1052
1973	1053
5311	1054
1708	1055
3556	1056
6794	1057
172	1058
4112	1059
7787	1060
604	1061
8468	1062
375	1063
8538	1064
4164	1065
4584	1066
2571	1067
7627	1068
3273	1069
3296	1070
3810	1071
678	1072
5280	1073
8699	1074
776	1075
6176	1076
3633	1077
3123	1078
1701	1079
758	1080
8759	1081
156	1082
33	1083
47	1084
739	1085
745	1086
8604	1087
7838	1088
8473	1089
106	1090
8088	1091
7323	1092
2908	1093
1002	1094
6126	1095
1739	1096
7055	1097
6919	1098
100	1099
6532	1100
7902	1101
8014	1102
3788	1103
2227	1104
5624	1105
26	1106
9075	1107
3704	1108
2828	1109
1672	1110
5652	1111
1546	1112
6604	1113
8082	1114
2631	1115
7837	1116
7792	1117
986	1118
465	1119
2660	1120
8740	1121
3226	1122
6502	1123
7102	1124
7408	1125
1988	1126
3621	1127
2990	1128
196	1129
8814	1130
5328	1131
2825	1132
6234	1133
1336	1134
7953	1135
6771	1136
310	1137
638	1138
3979	1139
4600	1140
5572	1141
4327	1142
6513	1143
6629	1144
1249	1145
6946	1146
7946	1147
3975	1148
387	1149
621	1150
7277	1151
2056	1152
4845	1153
1291	1154
4855	1155
3147	1156
6626	1157
4098	1158
6865	1159
5376	1160
8452	1161
4225	1162
4834	1163
1476	1164
4080	1165
7555	1166
654	1167
3108	1168
1169	1169
8482	1170
4772	1171
6361	1172
3844	1173
591	1174
4360	1175
7945	1176
1878	1177
3449	1178
557	1179
1911	1180
7247	1181
1119	1182
2163	1183
2349	1184
21	1185
4612	1186
609	1187
7887	1188
836	1189
3654	1190
7983	1191
6775	1192
3057	1193
7264	1194
2883	1195
3987	1196
3828	1197
3734	1198
7959	1199
5303	1200
718	1201
506	1202
97	1203
8565	1204
3576	1205
3587	1206
7407	1207
3317	1208
7016	1209
343	1210
2261	1211
1940	1212
5817	1213
4846	1214
4615	1215
4812	1216
3043	1217
3937	1218
5067	1219
1308	1220
3166	1221
2897	1222
2529	1223
6116	1224
812	1225
406	1226
1294	1227
3500	1228
1626	1229
8906	1230
7367	1231
1934	1232
2520	1233
1689	1234
8528	1235
2394	1236
5532	1237
2236	1238
1045	1239
1985	1240
522	1241
2760	1242
7573	1243
40	1244
8964	1245
6379	1246
3348	1247
72	1248
207	1249
8729	1250
295	1251
2926	1252
445	1253
283	1254
3936	1255
7825	1256
3249	1257
2598	1258
6427	1259
1286	1260
6411	1261
9024	1262
6303	1263
8678	1264
5837	1265
1135	1266
1984	1267
3791	1268
223	1269
5821	1270
5675	1271
2086	1272
3714	1273
49	1274
8278	1275
4188	1276
6030	1277
3627	1278
4990	1279
3628	1280
427	1281
5080	1282
6470	1283
1759	1284
3557	1285
316	1286
6084	1287
7195	1288
7185	1289
416	1290
2873	1291
1578	1292
5047	1293
4552	1294
1013	1295
6440	1296
753	1297
8925	1298
594	1299
6198	1300
4779	1301
147	1302
553	1303
4976	1304
3643	1305
703	1306
4221	1307
9032	1308
6374	1309
2444	1310
101	1311
9009	1312
5913	1313
6135	1314
5155	1315
5499	1316
414	1317
480	1318
4658	1319
760	1320
6786	1321
6298	1322
1997	1323
5964	1324
1513	1325
4607	1326
951	1327
5045	1328
7063	1329
3308	1330
3442	1331
1177	1332
1587	1333
5	1334
7429	1335
4008	1336
3263	1337
8269	1338
6350	1339
440	1340
2004	1341
8649	1342
1340	1343
2066	1344
8242	1345
8504	1346
2364	1347
8287	1348
7966	1349
3231	1350
2427	1351
3746	1352
5761	1353
6325	1354
199	1355
7031	1356
4821	1357
8102	1358
527	1359
6375	1360
7909	1361
6779	1362
8290	1363
3961	1364
7056	1365
735	1366
8429	1367
8960	1368
6328	1369
1623	1370
5412	1371
3619	1372
7079	1373
5987	1374
608	1375
7430	1376
3450	1377
6012	1378
7527	1379
2629	1380
4454	1381
4268	1382
4060	1383
1839	1384
6653	1385
8254	1386
4091	1387
8607	1388
626	1389
6885	1390
1228	1391
22	1392
4645	1393
5476	1394
6438	1395
5158	1396
1609	1397
5893	1398
4825	1399
1563	1400
7975	1401
2396	1402
173	1403
8878	1404
3061	1405
4294	1406
3329	1407
8019	1408
7742	1409
740	1410
1499	1411
4168	1412
8760	1413
4631	1414
31	1415
5921	1416
8381	1417
311	1418
2998	1419
5933	1420
2657	1421
2197	1422
215	1423
280	1424
7477	1425
5464	1426
7903	1427
1425	1428
1961	1429
1366	1430
3071	1431
7143	1432
6997	1433
4489	1434
4931	1435
1020	1436
3069	1437
804	1438
396	1439
7212	1440
6420	1441
1190	1442
462	1443
8329	1444
5480	1445
6605	1446
1720	1447
5079	1448
5075	1449
2553	1450
4214	1451
6518	1452
2574	1453
6422	1454
2655	1455
1073	1456
6851	1457
3770	1458
4227	1459
1433	1460
639	1461
1186	1462
3404	1463
8114	1464
4396	1465
1182	1466
6401	1467
7998	1468
6677	1469
2256	1470
2772	1471
997	1472
2539	1473
6168	1474
7694	1475
6099	1476
3969	1477
5546	1478
656	1479
2338	1480
5298	1481
1244	1482
5007	1483
7234	1484
2309	1485
3428	1486
1528	1487
8808	1488
8183	1489
8312	1490
4247	1491
5897	1492
5696	1493
1450	1494
7090	1495
1991	1496
2273	1497
5037	1498
928	1499
8910	1500
6469	1501
4061	1502
8672	1503
8825	1504
797	1505
350	1506
8342	1507
155	1508
7311	1509
5495	1510
2241	1511
1265	1512
4299	1513
443	1514
3164	1515
419	1516
4128	1517
1165	1518
5746	1519
3067	1520
2007	1521
303	1522
4239	1523
5255	1524
4179	1525
774	1526
457	1527
2796	1528
428	1529
2729	1530
2658	1531
8574	1532
3953	1533
7362	1534
6613	1535
8232	1536
6663	1537
60	1538
3323	1539
8727	1540
444	1541
7816	1542
8618	1543
6067	1544
618	1545
188	1546
5796	1547
3794	1548
4946	1549
5989	1550
6540	1551
6968	1552
4493	1553
2382	1554
8832	1555
4026	1556
7745	1557
225	1558
8597	1559
2806	1560
2534	1561
1683	1562
5423	1563
1059	1564
2970	1565
277	1566
2757	1567
7869	1568
634	1569
3978	1570
4059	1571
4372	1572
7266	1573
4282	1574
6362	1575
953	1576
8374	1577
1374	1578
4144	1579
2801	1580
4165	1581
5724	1582
7762	1583
208	1584
2196	1585
5999	1586
8352	1587
344	1588
6034	1589
6370	1590
4494	1591
6542	1592
1104	1593
8039	1594
5305	1595
826	1596
3850	1597
1540	1598
2968	1599
7752	1600
8109	1601
4004	1602
6672	1603
158	1604
6046	1605
1543	1606
1224	1607
7180	1608
7044	1609
443	1610
719	1611
8227	1612
7652	1613
5847	1614
3717	1615
481	1616
8902	1617
1245	1618
8750	1619
8700	1620
6459	1621
8308	1622
2638	1623
2800	1624
5071	1625
1832	1626
1468	1627
5865	1628
6883	1629
8581	1630
4860	1631
5945	1632
589	1633
544	1634
6738	1635
8394	1636
286	1637
7788	1638
2234	1639
5200	1640
3881	1641
1238	1642
248	1643
8999	1644
4895	1645
2	1646
1065	1647
738	1648
680	1649
1121	1650
2541	1651
5695	1652
1589	1653
4905	1654
7331	1655
8280	1656
1253	1657
3129	1658
52	1659
4260	1660
5451	1661
8941	1662
5582	1663
5348	1664
4596	1665
6050	1666
496	1667
135	1668
8576	1669
1910	1670
6952	1671
8687	1672
2625	1673
5529	1674
63	1675
2329	1676
5190	1677
1861	1678
6739	1679
7708	1680
3585	1681
148	1682
2043	1683
3141	1684
919	1685
7209	1686
5718	1687
529	1688
2010	1689
250	1690
4448	1691
4258	1692
8053	1693
4119	1694
534	1695
6128	1696
442	1697
5526	1698
7604	1699
1137	1700
1429	1701
7915	1702
7166	1703
2425	1704
1068	1705
8149	1706
685	1707
3910	1708
8399	1709
8209	1710
2748	1711
6208	1712
6121	1713
8199	1714
5697	1715
7690	1716
258	1717
12	1718
4431	1719
6083	1720
6172	1721
7726	1722
160	1723
3172	1724
4217	1725
2404	1726
8540	1727
4181	1728
5138	1729
2664	1730
487	1731
5717	1732
2787	1733
7073	1734
2213	1735
6918	1736
3502	1737
8514	1738
3800	1739
1780	1740
3960	1741
1526	1742
3105	1743
7930	1744
1825	1745
5157	1746
1372	1747
1195	1748
7076	1749
603	1750
4176	1751
2963	1752
4887	1753
4358	1754
7969	1755
8140	1756
2587	1757
8066	1758
8350	1759
1314	1760
4189	1761
7628	1762
8324	1763
8050	1764
5326	1765
4913	1766
259	1767
7541	1768
6539	1769
7417	1770
4771	1771
6823	1772
5353	1773
3869	1774
1375	1775
7804	1776
8823	1777
3126	1778
384	1779
6545	1780
5467	1781
6782	1782
4436	1783
6204	1784
3525	1785
1964	1786
6274	1787
4555	1788
4952	1789
7187	1790
2265	1791
663	1792
121	1793
6606	1794
2845	1795
7159	1796
7138	1797
3064	1798
2339	1799
7759	1800
5830	1801
2649	1802
2443	1803
437	1804
8827	1805
3451	1806
5712	1807
2749	1808
1942	1809
498	1810
5128	1811
7003	1812
1635	1813
3642	1814
1539	1815
3215	1816
3497	1817
192	1818
1198	1819
4310	1820
1523	1821
4862	1822
4147	1823
4254	1824
2898	1825
3009	1826
7306	1827
6843	1828
6488	1829
486	1830
734	1831
211	1832
4449	1833
779	1834
4443	1835
7141	1836
1798	1837
2340	1838
2827	1839
7164	1840
3137	1841
1140	1842
6182	1843
8741	1844
8315	1845
5508	1846
6410	1847
6413	1848
889	1849
6426	1850
3733	1851
5536	1852
5978	1853
2694	1854
7457	1855
4889	1856
6547	1857
4519	1858
3466	1859
5694	1860
5690	1861
1289	1862
6018	1863
4269	1864
8211	1865
6741	1866
4991	1867
6473	1868
5670	1869
8297	1870
5109	1871
6658	1872
4417	1873
7452	1874
12	1875
7664	1876
3443	1877
7512	1878
690	1879
7866	1880
3781	1881
1039	1882
2701	1883
2172	1884
818	1885
3586	1886
1888	1887
7444	1888
1355	1889
6311	1890
5659	1891
9047	1892
5174	1893
164	1894
7736	1895
715	1896
4950	1897
747	1898
8907	1899
1151	1900
6541	1901
7536	1902
8758	1903
6856	1904
1665	1905
6258	1906
7766	1907
4928	1908
6263	1909
8331	1910
8253	1911
217	1912
3186	1913
8077	1914
730	1915
2470	1916
4490	1917
17	1918
2	1919
17	1920
7783	1921
6065	1922
1240	1923
1100	1924
3125	1925
3723	1926
8075	1927
5850	1928
4511	1929
4465	1930
7207	1931
1570	1932
1352	1933
202	1934
7194	1935
169	1936
5599	1937
3198	1938
8843	1939
9070	1940
4748	1941
2280	1942
5570	1943
3187	1944
904	1945
3988	1946
2093	1947
473	1948
6730	1949
82	1950
2201	1951
6339	1952
92	1953
2433	1954
6551	1955
8248	1956
3310	1957
7986	1958
7807	1959
365	1960
8457	1961
7920	1962
2458	1963
2938	1964
783	1965
1215	1966
5832	1967
7450	1968
314	1969
287	1970
35	1971
3899	1972
3098	1973
495	1974
4872	1975
6530	1976
8971	1977
103	1978
8917	1979
372	1980
7890	1981
1801	1982
146	1983
7824	1984
8101	1985
416	1986
2514	1987
834	1988
1605	1989
5013	1990
3659	1991
3334	1992
8994	1993
7336	1994
3165	1995
6059	1996
2831	1997
319	1998
8484	1999
4108	2000
3171	2001
575	2002
1971	2003
70	2004
4598	2005
4235	2006
2784	2007
45	2008
2569	2009
1637	2010
6833	2011
2890	2012
187	2013
7614	2014
3964	2015
756	2016
1593	2017
3977	2018
758	2019
4463	2020
2564	2021
105	2022
243	2023
8810	2024
4697	2025
4866	2026
8168	2027
655	2028
89	2029
4230	2030
1156	2031
2217	2032
212	2033
8921	2034
3928	2035
8334	2036
6441	2037
7954	2038
5141	2039
6868	2040
3765	2041
5660	2042
7709	2043
318	2044
2060	2045
7287	2046
658	2047
4399	2048
543	2049
839	2050
7409	2051
583	2052
965	2053
8685	2054
5205	2055
5726	2056
2311	2057
3690	2058
2141	2059
2081	2060
4623	2061
7230	2062
7617	2063
4995	2064
6729	2065
8903	2066
42	2067
7023	2068
602	2069
2148	2070
5627	2071
8100	2072
732	2073
6524	2074
1770	2075
2324	2076
1507	2077
6294	2078
8585	2079
6170	2080
5888	2081
7994	2082
2045	2083
4143	2084
9007	2085
5954	2086
355	2087
6985	2088
5139	2089
3092	2090
5170	2091
6033	2092
7868	2093
1285	2094
3566	2095
2943	2096
3777	2097
7333	2098
7228	2099
6452	2100
537	2101
2185	2102
6752	2103
8661	2104
3725	2105
1829	2106
8384	2107
8854	2108
4420	2109
674	2110
5772	2111
89	2112
2921	2113
1558	2114
2799	2115
6973	2116
679	2117
415	2118
3494	2119
7510	2120
28	2121
6	2122
8612	2123
8762	2124
7931	2125
4137	2126
2697	2127
6340	2128
2380	2129
3569	2130
4158	2131
1060	2132
7630	2133
6527	2134
1868	2135
3015	2136
6137	2137
624	2138
5435	2139
9016	2140
472	2141
4585	2142
6723	2143
2946	2144
8128	2145
9018	2146
6039	2147
523	2148
5594	2149
4523	2150
4329	2151
741	2152
8933	2153
2607	2154
4130	2155
3005	2156
714	2157
732	2158
4407	2159
6829	2160
96	2161
1815	2162
4520	2163
324	2164
846	2165
7802	2166
4101	2167
3709	2168
3738	2169
2084	2170
506	2171
2042	2172
8357	2173
1598	2174
5414	2175
3699	2176
7822	2177
6625	2178
3921	2179
5132	2180
367	2181
3485	2182
7831	2183
6077	2184
2034	2185
6286	2186
6847	2187
5362	2188
7676	2189
1648	2190
1790	2191
8027	2192
4644	2193
6667	2194
2400	2195
1893	2196
1078	2197
89	2198
2041	2199
7388	2200
7163	2201
3435	2202
1205	2203
8577	2204
5618	2205
4541	2206
7938	2207
5986	2208
7291	2209
8666	2210
8789	2211
3114	2212
4619	2213
9	2214
2876	2215
4069	2216
754	2217
8821	2218
3935	2219
346	2220
4072	2221
3691	2222
5330	2223
6159	2224
2383	2225
7399	2226
4534	2227
435	2228
7202	2229
3590	2230
2771	2231
7894	2232
7506	2233
3893	2234
6637	2235
9025	2236
2974	2237
7134	2238
585	2239
5235	2240
188	2241
481	2242
539	2243
3852	2244
3543	2245
2160	2246
3106	2247
8801	2248
1678	2249
5188	2250
711	2251
1723	2252
4100	2253
6329	2254
8836	2255
3797	2256
9057	2257
3984	2258
1211	2259
6112	2260
7483	2261
5163	2262
8293	2263
3892	2264
6507	2265
7498	2266
2754	2267
7108	2268
8252	2269
4207	2270
8010	2271
7518	2272
7607	2273
7579	2274
4326	2275
4705	2276
70	2277
1634	2278
1356	2279
2123	2280
3177	2281
5345	2282
6764	2283
6583	2284
6998	2285
2753	2286
96	2287
96	2288
6685	2289
2965	2290
5727	2291
8062	2292
2692	2293
4536	2294
591	2295
7389	2296
3189	2297
230	2298
4423	2299
2728	2300
8895	2301
5008	2302
672	2303
7949	2304
7487	2305
1185	2306
5181	2307
4957	2308
6908	2309
1096	2310
336	2311
6632	2312
7826	2313
1168	2314
2327	2315
5314	2316
7213	2317
5207	2318
8134	2319
6051	2320
780	2321
5485	2322
7746	2323
8977	2324
99	2325
6113	2326
4696	2327
2451	2328
864	2329
737	2330
7821	2331
40	2332
7422	2333
93	2334
1272	2335
4654	2336
3761	2337
4936	2338
7803	2339
509	2340
2982	2341
7347	2342
5354	2343
4636	2344
7198	2345
5842	2346
134	2347
529	2348
4355	2349
2016	2350
3732	2351
748	2352
138	2353
977	2354
5947	2355
5431	2356
486	2357
3003	2358
4441	2359
4306	2360
2421	2361
149	2362
4937	2363
3914	2364
2538	2365
6773	2366
1533	2367
8261	2368
6094	2369
1373	2370
7645	2371
2530	2372
2685	2373
2438	2374
6520	2375
8796	2376
8668	2377
5061	2378
7248	2379
746	2380
1363	2381
2774	2382
5533	2383
1697	2384
1524	2385
1726	2386
8718	2387
518	2388
515	2389
1004	2390
7719	2391
8116	2392
322	2393
8327	2394
765	2395
6587	2396
8023	2397
48	2398
7326	2399
8816	2400
2902	2401
2455	2402
2672	2403
434	2404
441	2405
2786	2406
4513	2407
5671	2408
4915	2409
48	2410
2764	2411
5569	2412
8617	2413
4480	2414
8558	2415
8867	2416
2143	2417
6199	2418
5297	2419
3295	2420
5036	2421
1908	2422
631	2423
2961	2424
4123	2425
3112	2426
3705	2427
6064	2428
8076	2429
6717	2430
1706	2431
5447	2432
8826	2433
1475	2434
4708	2435
7221	2436
1995	2437
1551	2438
5180	2439
7445	2440
8980	2441
6716	2442
6	2443
1727	2444
5649	2445
6617	2446
3271	2447
351	2448
83	2449
5511	2450
2120	2451
1684	2452
4886	2453
2705	2454
2109	2455
1981	2456
8889	2457
9055	2458
1392	2459
6057	2460
8185	2461
4039	2462
610	2463
6313	2464
405	2465
4	2466
5474	2467
5335	2468
1054	2469
5575	2470
3397	2471
5835	2472
2373	2473
3707	2474
709	2475
4421	2476
4624	2477
4132	2478
1629	2479
1562	2480
2299	2481
7272	2482
7106	2483
7524	2484
5246	2485
6975	2486
8380	2487
2049	2488
762	2489
6612	2490
3327	2491
3567	2492
2582	2493
1793	2494
4460	2495
3562	2496
6751	2497
2129	2498
104	2499
1719	2500
1280	2501
5923	2502
2885	2503
6983	2504
2864	2505
1577	2506
8189	2507
7705	2508
6437	2509
4481	2510
2711	2511
844	2512
8645	2513
1331	2514
8552	2515
5852	2516
8057	2517
1277	2518
8961	2519
7467	2520
19	2521
8671	2522
4546	2523
2187	2524
5446	2525
7199	2526
8260	2527
8	2528
4740	2529
3439	2530
2146	2531
1645	2532
4245	2533
357	2534
2802	2535
922	2536
8047	2537
3739	2538
6882	2539
7740	2540
6183	2541
5818	2542
4800	2543
562	2544
6887	2545
8202	2546
8470	2547
3710	2548
659	2549
1005	2550
4922	2551
6977	2552
1209	2553
7263	2554
2677	2555
1431	2556
8348	2557
5286	2558
879	2559
8569	2560
4048	2561
377	2562
9003	2563
1134	2564
6560	2565
4461	2566
1445	2567
2759	2568
2189	2569
8584	2570
7406	2571
2137	2572
3168	2573
4078	2574
4266	2575
7672	2576
349	2577
8566	2578
7763	2579
5514	2580
5226	2581
3563	2582
1534	2583
1404	2584
3715	2585
2662	2586
2142	2587
7069	2588
4388	2589
5752	2590
7267	2591
8834	2592
8212	2593
3095	2594
6955	2595
9040	2596
1670	2597
6201	2598
7189	2599
6343	2600
6188	2601
7348	2602
8714	2603
2979	2604
6577	2605
1187	2606
916	2607
57	2608
5406	2609
7984	2610
1538	2611
6157	2612
4770	2613
267	2614
5315	2615
5620	2616
4927	2617
926	2618
1580	2619
5105	2620
7832	2621
1611	2622
2419	2623
2632	2624
8479	2625
8679	2626
7490	2627
3087	2628
5916	2629
7646	2630
2568	2631
2418	2632
6308	2633
4604	2634
3445	2635
5222	2636
1530	2637
4749	2638
270	2639
3726	2640
385	2641
2478	2642
2293	2643
1722	2644
6836	2645
1821	2646
303	2647
8932	2648
3324	2649
2479	2650
5733	2651
3132	2652
778	2653
4755	2654
7609	2655
376	2656
4253	2657
5870	2658
110	2659
7852	2660
1692	2661
6748	2662
512	2663
5639	2664
4529	2665
7800	2666
3679	2667
4716	2668
1874	2669
5133	2670
4485	2671
8748	2672
163	2673
5468	2674
4882	2675
7542	2676
7262	2677
7996	2678
7004	2679
6970	2680
761	2681
3291	2682
7463	2683
4981	2684
8871	2685
6369	2686
6894	2687
3513	2688
1167	2689
8464	2690
3222	2691
1750	2692
8103	2693
7255	2694
15	2695
2269	2696
8276	2697
4155	2698
4720	2699
1490	2700
6758	2701
6841	2702
5198	2703
6110	2704
5545	2705
2387	2706
4814	2707
4270	2708
6090	2709
5655	2710
6536	2711
2730	2712
5908	2713
3446	2714
532	2715
655	2716
7744	2717
3598	2718
523	2719
3673	2720
6590	2721
3836	2722
4759	2723
9062	2724
6123	2725
8383	2726
4092	2727
8217	2728
8651	2729
5648	2730
3470	2731
6235	2732
3517	2733
8223	2734
7968	2735
1556	2736
508	2737
6	2738
7170	2739
600	2740
5558	2741
8403	2742
3102	2743
290	2744
8017	2745
4873	2746
4752	2747
7517	2748
7285	2749
5159	2750
5715	2751
388	2752
6535	2753
3508	2754
252	2755
1955	2756
2856	2757
3499	2758
652	2759
5742	2760
3284	2761
5805	2762
5788	2763
6661	2764
1511	2765
4726	2766
6875	2767
3641	2768
3159	2769
3588	2770
5755	2771
90	2772
9031	2773
2746	2774
6703	2775
440	2776
4044	2777
2446	2778
8694	2779
3876	2780
7283	2781
2355	2782
2210	2783
760	2784
1632	2785
8615	2786
8285	2787
1681	2788
4152	2789
2559	2790
3060	2791
6600	2792
9082	2793
345	2794
7081	2795
5201	2796
6999	2797
639	2798
686	2799
6464	2800
302	2801
3998	2802
3016	2803
5234	2804
7581	2805
7037	2806
74	2807
772	2808
6517	2809
8294	2810
65	2811
4947	2812
8132	2813
3744	2814
6552	2815
418	2816
4971	2817
65	2818
7374	2819
9080	2820
5843	2821
5743	2822
1795	2823
521	2824
7359	2825
7846	2826
1144	2827
4473	2828
8766	2829
5677	2830
4106	2831
1055	2832
242	2833
6119	2834
1032	2835
3182	2836
5839	2837
7519	2838
9056	2839
1389	2840
756	2841
2689	2842
8343	2843
8135	2844
980	2845
5491	2846
531	2847
1030	2848
773	2849
2616	2850
45	2851
961	2852
4564	2853
2089	2854
6822	2855
8371	2856
7593	2857
8780	2858
954	2859
2209	2860
6321	2861
500	2862
4559	2863
3512	2864
8684	2865
5004	2866
122	2867
1402	2868
3130	2869
535	2870
1315	2871
7514	2872
5601	2873
4577	2874
7049	2875
2767	2876
583	2877
4785	2878
7767	2879
2782	2880
4681	2881
3422	2882
1052	2883
502	2884
6585	2885
5598	2886
5527	2887
279	2888
2223	2889
6353	2890
5078	2891
4145	2892
1380	2893
2630	2894
3656	2895
5790	2896
7871	2897
4539	2898
7967	2899
6990	2900
4643	2901
8353	2902
5058	2903
392	2904
327	2905
3274	2906
699	2907
3916	2908
7077	2909
2485	2910
3387	2911
6330	2912
4285	2913
1463	2914
1225	2915
8317	2916
4202	2917
1663	2918
5232	2919
6394	2920
8949	2921
3834	2922
618	2923
7507	2924
3888	2925
1783	2926
1915	2927
8593	2928
7523	2929
2005	2930
2318	2931
325	2932
2182	2933
5704	2934
4180	2935
8157	2936
4238	2937
6001	2938
9045	2939
7351	2940
436	2941
3579	2942
2935	2943
1749	2944
5595	2945
3859	2946
4939	2947
1015	2948
3246	2949
8634	2950
5168	2951
6317	2952
9017	2953
2178	2954
2596	2955
1221	2956
4745	2957
8797	2958
384	2959
4858	2960
369	2961
1074	2962
2614	2963
6693	2964
1951	2965
2633	2966
4626	2967
5611	2968
7898	2969
1018	2970
7410	2971
436	2972
3472	2973
1992	2974
700	2975
2328	2976
8912	2977
6980	2978
104	2979
709	2980
1905	2981
8532	2982
5521	2983
1712	2984
216	2985
2050	2986
4569	2987
9058	2988
1735	2989
3803	2990
4467	2991
7005	2992
4015	2993
7315	2994
5650	2995
3038	2996
2535	2997
6640	2998
1675	2999
7022	3000
4204	3001
2363	3002
7798	3003
1944	3004
8410	3005
1428	3006
282	3007
5327	3008
4810	3009
6676	3010
8497	3011
7109	3012
7895	3013
4118	3014
8433	3015
5101	3016
6463	3017
23	3018
298	3019
1532	3020
7072	3021
7178	3022
4994	3023
3218	3024
81	3025
8402	3026
3328	3027
152	3028
1141	3029
5401	3030
3203	3031
5826	3032
5394	3033
8049	3034
106	3035
5614	3036
7992	3037
7639	3038
8698	3039
3277	3040
8110	3041
594	3042
2665	3043
6344	3044
7973	3045
3280	3046
6312	3047
3364	3048
5034	3049
678	3050
2114	3051
8083	3052
2978	3053
1796	3054
3812	3055
4651	3056
2111	3057
5441	3058
7316	3059
1471	3060
7667	3061
7955	3062
8141	3063
6432	3064
1892	3065
713	3066
5689	3067
3047	3068
4694	3069
5617	3070
7337	3071
8302	3072
8833	3073
7190	3074
5057	3075
3584	3076
8587	3077
2486	3078
7764	3079
1785	3080
5856	3081
399	3082
3425	3083
5137	3084
1917	3085
6646	3086
2847	3087
1925	3088
8551	3089
6538	3090
7165	3091
7381	3092
7448	3093
5567	3094
5517	3095
1636	3096
3748	3097
178	3098
1853	3099
2570	3100
669	3101
1233	3102
6380	3103
4982	3104
921	3105
447	3106
630	3107
2365	3108
1125	3109
7211	3110
3053	3111
2913	3112
3467	3113
7086	3114
3758	3115
7904	3116
829	3117
7352	3118
6436	3119
6389	3120
8563	3121
608	3122
8580	3123
448	3124
2929	3125
3523	3126
7679	3127
3685	3128
3907	3129
1550	3130
9061	3131
1159	3132
6017	3133
5100	3134
3597	3135
5355	3136
1959	3137
5525	3138
1679	3139
5494	3140
717	3141
3965	3142
5628	3143
6257	3144
7913	3145
5098	3146
6063	3147
1179	3148
555	3149
5161	3150
3059	3151
4151	3152
7302	3153
3768	3154
1830	3155
7877	3156
6322	3157
154	3158
306	3159
7471	3160
2074	3161
165	3162
7100	3163
1236	3164
7687	3165
4491	3166
3813	3167
8897	3168
7015	3169
2459	3170
8025	3171
430	3172
5827	3173
8756	3174
4427	3175
3629	3176
8732	3177
1906	3178
8008	3179
309	3180
6525	3181
5998	3182
2719	3183
2132	3184
8386	3185
682	3186
6611	3187
3716	3188
4902	3189
6791	3190
2384	3191
1682	3192
6522	3193
5687	3194
4338	3195
6080	3196
875	3197
4777	3198
4754	3199
4793	3200
3544	3201
3658	3202
2557	3203
4869	3204
5984	3205
6870	3206
7013	3207
3775	3208
2558	3209
5304	3210
7828	3211
8855	3212
8590	3213
2537	3214
6160	3215
5065	3216
8449	3217
8583	3218
8477	3219
3944	3220
4544	3221
5428	3222
1171	3223
456	3224
1016	3225
3945	3226
446	3227
791	3228
4472	3229
8721	3230
1116	3231
2528	3232
1674	3233
7415	3234
3241	3235
2304	3236
7797	3237
5774	3238
688	3239
5090	3240
370	3241
3681	3242
5739	3243
5130	3244
6185	3245
8984	3246
4802	3247
4264	3248
777	3249
4992	3250
5497	3251
358	3252
3570	3253
8206	3254
175	3255
7546	3256
1234	3257
7271	3258
8364	3259
8207	3260
292	3261
3884	3262
8034	3263
7892	3264
8599	3265
7229	3266
7373	3267
7723	3268
2783	3269
3762	3270
651	3271
293	3272
5959	3273
309	3274
8360	3275
7370	3276
5410	3277
1124	3278
3547	3279
677	3280
4102	3281
3878	3282
1970	3283
8701	3284
8461	3285
4208	3286
1582	3287
5498	3288
7728	3289
7253	3290
3701	3291
2966	3292
5855	3293
3018	3294
2934	3295
5302	3296
7139	3297
3156	3298
7324	3299
2449	3300
7335	3301
8938	3302
617	3303
8469	3304
4737	3305
5179	3306
8774	3307
7521	3308
3481	3309
8874	3310
3401	3311
7623	3312
4602	3313
8600	3314
4637	3315
2353	3316
3652	3317
426	3318
2392	3319
7246	3320
4185	3321
1975	3322
5277	3323
6795	3324
2884	3325
6407	3326
6614	3327
5312	3328
6403	3329
9001	3330
4826	3331
6474	3332
321	3333
6558	3334
4265	3335
4901	3336
8131	3337
3157	3338
3248	3339
2167	3340
219	3341
8298	3342
1173	3343
6940	3344
5612	3345
3090	3346
5633	3347
2250	3348
432	3349
552	3350
552	3351
8953	3352
9066	3353
9065	3354
644	3355
8560	3356
275	3357
5949	3358
6971	3359
3128	3360
8838	3361
1146	3362
6233	3363
8850	3364
4739	3365
7416	3366
1572	3367
233	3368
7814	3369
7343	3370
7619	3371
2002	3372
8640	3373
104	3374
5793	3375
6104	3376
7218	3377
3270	3378
190	3379
8614	3380
7643	3381
5773	3382
5300	3383
7021	3384
7149	3385
614	3386
4219	3387
5290	3388
8362	3389
5119	3390
5225	3391
380	3392
3345	3393
433	3394
880	3395
7475	3396
5541	3397
2683	3398
1283	3399
694	3400
3048	3401
4953	3402
6849	3403
5212	3404
4719	3405
6947	3406
6754	3407
8107	3408
81	3409
6019	3410
3331	3411
3962	3412
8963	3413
1364	3414
769	3415
7293	3416
4903	3417
6877	3418
9039	3419
1360	3420
3265	3421
584	3422
4114	3423
284	3424
3889	3425
2069	3426
2923	3427
2448	3428
121	3429
5653	3430
4839	3431
7357	3432
967	3433
4432	3434
4809	3435
378	3436
5063	3437
5886	3438
9043	3439
4954	3440
4028	3441
7350	3442
2911	3443
34	3444
4435	3445
5073	3446
6593	3447
3070	3448
1887	3449
2140	3450
2452	3451
8983	3452
4363	3453
516	3454
4369	3455
5519	3456
7952	3457
1482	3458
5009	3459
8106	3460
4993	3461
2542	3462
8515	3463
4955	3464
5561	3465
8172	3466
4361	3467
7152	3468
8975	3469
6053	3470
5767	3471
8849	3472
2070	3473
5151	3474
125	3475
5898	3476
259	3477
361	3478
5917	3479
7216	3480
8724	3481
8035	3482
2367	3483
6529	3484
6774	3485
3925	3486
1903	3487
341	3488
8387	3489
7649	3490
1358	3491
5509	3492
6644	3493
3318	3494
2083	3495
5017	3496
5	3497
12	3498
212	3499
5602	3500
8610	3501
5853	3502
533	3503
9026	3504
8663	3505
8301	3506
115	3507
8681	3508
2460	3509
7980	3510
9074	3511
2071	3512
1123	3513
6066	3514
420	3515
7394	3516
4249	3517
4050	3518
401	3519
4205	3520
3981	3521
1407	3522
4001	3523
1080	3524
4414	3525
7393	3526
7065	3527
8879	3528
6935	3529
61	3530
4780	3531
8400	3532
2216	3533
6015	3534
519	3535
2030	3536
7580	3537
698	3538
1048	3539
3287	3540
133	3541
579	3542
3225	3543
6753	3544
4478	3545
2306	3546
8419	3547
5150	3548
4679	3549
2342	3550
8985	3551
1216	3552
6691	3553
667	3554
4336	3555
6186	3556
5991	3557
8485	3558
8265	3559
1246	3560
2849	3561
3952	3562
2268	3563
8812	3564
5747	3565
7093	3566
7411	3567
2688	3568
8048	3569
8805	3570
1510	3571
3982	3572
8636	3573
3319	3574
6579	3575
4909	3576
3444	3577
7616	3578
5779	3579
2082	3580
6476	3581
6939	3582
6155	3583
8891	3584
6292	3585
4243	3586
6864	3587
3604	3588
4811	3589
546	3590
8306	3591
8351	3592
6759	3593
331	3594
5548	3595
6429	3596
5605	3597
724	3598
673	3599
4232	3600
69	3601
1007	3602
1189	3603
5307	3604
6808	3605
5085	3606
8259	3607
8086	3608
7989	3609
1409	3610
132	3611
925	3612
2270	3613
4567	3614
1656	3615
6443	3616
599	3617
3568	3618
9014	3619
5291	3620
1461	3621
5500	3622
1305	3623
467	3624
7261	3625
2840	3626
2119	3627
7121	3628
3413	3629
2899	3630
1996	3631
849	3632
6622	3633
2858	3634
3651	3635
4970	3636
3603	3637
5202	3638
2980	3639
6978	3640
677	3641
3076	3642
8923	3643
7384	3644
7193	3645
1924	3646
923	3647
7177	3648
3385	3649
4943	3650
5185	3651
3955	3652
8692	3653
9000	3654
2762	3655
8044	3656
263	3657
6150	3658
6455	3659
430	3660
2343	3661
8300	3662
1508	3663
5800	3664
866	3665
5931	3666
394	3667
1597	3668
5552	3669
1150	3670
7479	3671
676	3672
93	3673
1732	3674
140	3675
7029	3676
1347	3677
7273	3678
5937	3679
167	3680
924	3681
7525	3682
3875	3683
1957	3684
2792	3685
5296	3686
2735	3687
543	3688
1106	3689
2983	3690
757	3691
3533	3692
4291	3693
7124	3694
5988	3695
3694	3696
3870	3697
26	3698
6283	3699
2115	3700
127	3701
6923	3702
4820	3703
5367	3704
6070	3705
5851	3706
5334	3707
7131	3708
8924	3709
100	3710
6707	3711
7928	3712
6910	3713
4751	3714
1027	3715
7820	3716
4717	3717
4876	3718
5955	3719
1664	3720
71	3721
6746	3722
5591	3723
7529	3724
8295	3725
1188	3726
2627	3727
736	3728
242	3729
2156	3730
6651	3731
7361	3732
6562	3733
457	3734
4357	3735
3374	3736
182	3737
722	3738
3351	3739
5554	3740
814	3741
5242	3742
7256	3743
2795	3744
2642	3745
911	3746
1685	3747
3657	3748
1738	3749
3074	3750
3027	3751
8437	3752
6489	3753
246	3754
607	3755
8791	3756
5626	3757
6680	3758
4115	3759
7655	3760
2251	3761
3625	3762
3051	3763
4087	3764
6028	3765
4276	3766
3363	3767
198	3768
668	3769
702	3770
8467	3771
6207	3772
3729	3773
525	3774
7796	3775
549	3776
716	3777
7269	3778
6266	3779
531	3780
355	3781
8029	3782
1481	3783
3188	3784
7631	3785
1178	3786
276	3787
4017	3788
4255	3789
7071	3790
728	3791
795	3792
3635	3793
2536	3794
8735	3795
5262	3796
6933	3797
5794	3798
5889	3799
1716	3800
6815	3801
4790	3802
4042	3803
4641	3804
7769	3805
7979	3806
2723	3807
7932	3808
5358	3809
8567	3810
1747	3811
471	3812
932	3813
8945	3814
7686	3815
1781	3816
1263	3817
893	3818
2648	3819
5841	3820
7729	3821
4635	3822
7516	3823
7413	3824
6603	3825
7592	3826
8435	3827
8471	3828
8841	3829
199	3830
6679	3831
2051	3832
3304	3833
5377	3834
1828	3835
7296	3836
2680	3837
2420	3838
3109	3839
6022	3840
7123	3841
5892	3842
6534	3843
4163	3844
2906	3845
1972	3846
4203	3847
92	3848
686	3849
6704	3850
9042	3851
9044	3852
7974	3853
622	3854
3712	3855
807	3856
897	3857
4140	3858
7039	3859
8611	3860
408	3861
1576	3862
858	3863
7912	3864
7569	3865
9041	3866
2736	3867
292	3868
4973	3869
8840	3870
1408	3871
4738	3872
205	3873
1388	3874
8096	3875
8673	3876
8609	3877
5361	3878
5630	3879
1086	3880
3809	3881
3967	3882
6378	3883
204	3884
80	3885
8423	3886
1592	3887
671	3888
3571	3889
5489	3890
5125	3891
307	3892
167	3893
342	3894
3275	3895
201	3896
7618	3897
2567	3898
8451	3899
3402	3900
3084	3901
7224	3902
7865	3903
539	3904
5253	3905
6796	3906
12	3907
565	3908
1655	3909
141	3910
3151	3911
8328	3912
695	3913
8407	3914
3749	3915
7561	3916
6456	3917
1323	3918
6601	3919
2957	3920
5472	3921
1983	3922
6416	3923
5657	3924
2393	3925
7543	3926
88	3927
7794	3928
5603	3929
2481	3930
5763	3931
413	3932
570	3933
5542	3934
5074	3935
492	3936
3787	3937
8755	3938
9030	3939
1333	3940
930	3941
644	3942
5520	3943
4261	3944
7813	3945
8541	3946
74	3947
6566	3948
3375	3949
23	3950
895	3951
6789	3952
4309	3953
339	3954
1978	3955
7670	3956
7540	3957
419	3958
1090	3959
1370	3960
5259	3961
6111	3962
114	3963
5349	3964
1549	3965
247	3966
4765	3967
4047	3968
155	3969
6857	3970
1489	3971
672	3972
4197	3973
6241	3974
7756	3975
8926	3976
3624	3977
8787	3978
470	3979
4831	3980
2094	3981
3122	3982
7192	3983
324	3984
7469	3985
5854	3986
8783	3987
6627	3988
6320	3989
1063	3990
8367	3991
7971	3992
571	3993
6817	3994
6846	3995
6074	3996
2220	3997
2901	3998
8	3999
3620	4000
3336	4001
8754	4002
4200	4003
1545	4004
6243	4005
6296	4006
2721	4007
8927	4008
7976	4009
6073	4010
5016	4011
3890	4012
2048	4013
7219	4014
1967	4015
174	4016
6811	4017
2199	4018
474	4019
206	4020
2028	4021
85	4022
2895	4023
1946	4024
7112	4025
4865	4026
3026	4027
7943	4028
250	4029
180	4030
1	4031
1	4032
4024	4033
1	4034
8021	4035
9013	4036
3856	4037
3560	4038
3311	4039
2989	4040
6000	4041
3831	4042
33	4043
6809	4044
1201	4045
5786	4046
4046	4047
8686	4048
8146	4049
7851	4050
7160	4051
5860	4052
584	4053
6765	4054
1968	4055
3101	4056
2203	4057
8736	4058
8742	4059
1521	4060
7295	4061
369	4062
6007	4063
899	4064
253	4065
6036	4066
2960	4067
7879	4068
625	4069
7622	4070
7145	4071
7082	4072
6921	4073
8873	4074
8015	4075
4032	4076
172	4077
4545	4078
665	4079
347	4080
4634	4081
16	4082
706	4083
8944	4084
2411	4085
7062	4086
2230	4087
8111	4088
2663	4089
4879	4090
4040	4091
5176	4092
317	4093
2095	4094
1414	4095
5996	4096
4550	4097
6652	4098
8829	4099
1003	4100
2379	4101
3841	4102
6944	4103
3396	4104
707	4105
2477	4106
305	4107
178	4108
550	4109
2667	4110
8996	4111
8318	4112
8539	4113
1376	4114
5764	4115
4177	4116
6564	4117
3814	4118
8395	4119
5588	4120
7689	4121
8527	4122
562	4123
139	4124
4702	4125
596	4126
4424	4127
6616	4128
5287	4129
1437	4130
300	4131
3389	4132
8695	4133
1077	4134
267	4135
8956	4136
5068	4137
6348	4138
4653	4139
8487	4140
2354	4141
8512	4142
2064	4143
2708	4144
4488	4145
6569	4146
6503	4147
1053	4148
1	4149
4273	4150
1143	4151
3669	4152
3799	4153
288	4154
9027	4155
1	4156
2879	4157
4187	4158
7068	4159
6957	4160
2464	4161
6785	4162
8737	4163
220	4164
4666	4165
8647	4166
7858	4167
3693	4168
5039	4169
6700	4170
168	4171
4171	4172
4382	4173
6334	4174
558	4175
1261	4176
687	4177
8653	4178
7281	4179
6020	4180
7901	4181
4325	4182
87	4183
4293	4184
7376	4185
5732	4186
3696	4187
8179	4188
1877	4189
117	4190
6721	4191
3321	4192
6769	4193
2352	4194
6586	4195
1014	4196
942	4197
2958	4198
534	4199
2297	4200
541	4201
7254	4202
7465	4203
3683	4204
7128	4205
1571	4206
1614	4207
4692	4208
7312	4209
116	4210
6670	4211
6184	4212
5003	4213
8510	4214
3197	4215
5416	4216
2731	4217
1845	4218
236	4219
1312	4220
2173	4221
8848	4222
697	4223
3143	4224
76	4225
57	4226
3702	4227
1748	4228
3173	4229
1705	4230
8498	4231
7650	4232
1011	4233
3083	4234
6209	4235
7583	4236
3909	4237
6876	4238
321	4239
1559	4240
6763	4241
5273	4242
7431	4243
6591	4244
4506	4245
7484	4246
681	4247
3697	4248
4912	4249
225	4250
2139	4251
3593	4252
4344	4253
213	4254
2620	4255
962	4256
483	4257
6835	4258
7135	4259
6802	4260
1766	4261
494	4262
4656	4263
8349	4264
1153	4265
1083	4266
616	4267
2985	4268
8216	4269
4560	4270
5683	4271
461	4272
8887	4273
4620	4274
111	4275
349	4276
3434	4277
6694	4278
7438	4279
4104	4280
423	4281
7558	4282
6937	4283
7668	4284
6418	4285
2012	4286
4861	4287
1933	4288
1322	4289
8080	4290
667	4291
5762	4292
6421	4293
4453	4294
3802	4295
2967	4296
3073	4297
7158	4298
8413	4299
7862	4300
7156	4301
7685	4302
8215	4303
8389	4304
391	4305
6607	4306
5069	4307
1855	4308
3980	4309
5115	4310
5449	4311
5420	4312
1640	4313
8795	4314
4891	4315
701	4316
4390	4317
329	4318
8776	4319
326	4320
1879	4321
1631	4322
7024	4323
988	4324
5083	4325
90	4326
268	4327
3528	4328
4096	4329
5035	4330
7981	4331
407	4332
5041	4333
6409	4334
4515	4335
6181	4336
3353	4337
554	4338
2345	4339
7917	4340
4863	4341
315	4342
2637	4343
4538	4344
3417	4345
8706	4346
5402	4347
2624	4348
6888	4349
5905	4350
733	4351
4331	4352
3138	4353
1740	4354
3879	4355
5284	4356
3210	4357
459	4358
8200	4359
8851	4360
8325	4361
4105	4362
1628	4363
7	4364
6927	4365
4370	4366
5814	4367
5666	4368
5310	4369
579	4370
7495	4371
2577	4372
5810	4373
7075	4374
8738	4375
249	4376
4161	4377
4968	4378
1423	4379
8720	4380
5540	4381
1199	4382
4736	4383
6125	4384
3493	4385
5375	4386
339	4387
3922	4388
4389	4389
505	4390
7025	4391
7486	4392
647	4393
2860	4394
4687	4395
7557	4396
2727	4397
68	4398
5967	4399
8547	4400
5186	4401
8677	4402
6798	4403
6631	4404
640	4405
2811	4406
1120	4407
5609	4408
5021	4409
1630	4410
8188	4411
9078	4412
8373	4413
299	4414
2510	4415
5590	4416
1022	4417
635	4418
4625	4419
5019	4420
572	4421
5685	4422
4972	4423
3399	4424
3784	4425
2903	4426
4241	4427
8115	4428
8416	4429
5722	4430
2939	4431
78	4432
2047	4433
476	4434
712	4435
3176	4436
4226	4437
4518	4438
8247	4439
7594	4440
209	4441
8564	4442
2183	4443
30	4444
1162	4445
2206	4446
5504	4447
5995	4448
8385	4449
8296	4450
407	4451
1122	4452
5087	4453
6249	4454
8572	4455
955	4456
2315	4457
7853	4458
2852	4459
2046	4460
3216	4461
3456	4462
8586	4463
8182	4464
2098	4465
3816	4466
768	4467
8747	4468
5864	4469
5460	4470
6167	4471
1914	4472
421	4473
2302	4474
4476	4475
3423	4476
3184	4477
6499	4478
4808	4479
11	4480
1300	4481
2422	4482
6972	4483
806	4484
4594	4485
6818	4486
2286	4487
6315	4488
4984	4489
3607	4490
938	4491
5343	4492
8333	4493
5081	4494
5849	4495
3355	4496
5411	4497
5107	4498
5433	4499
2556	4500
1438	4501
2053	4502
3731	4503
1418	4504
6290	4505
1213	4506
6323	4507
2994	4508
6154	4509
2604	4510
5135	4511
3325	4512
541	4513
91	4514
7758	4515
2696	4516
1061	4517
2135	4518
6194	4519
6573	4520
5506	4521
8406	4522
2684	4523
5123	4524
610	4525
425	4526
570	4527
4593	4528
5403	4529
7203	4530
1954	4531
36	4532
577	4533
7606	4534
1644	4535
976	4536
50	4537
920	4538
8444	4539
8942	4540
7494	4541
4328	4542
7873	4543
5950	4544
7808	4545
7997	4546
410	4547
400	4548
6915	4549
5775	4550
6025	4551
6267	4552
2877	4553
8292	4554
7599	4555
5970	4556
6515	4557
4380	4558
4566	4559
3719	4560
1379	4561
5076	4562
6134	4563
56	4564
316	4565
3938	4566
7279	4567
3381	4568
6055	4569
1307	4570
5930	4571
4445	4572
4009	4573
3757	4574
5099	4575
708	4576
8112	4577
2229	4578
2509	4579
877	4580
2320	4581
745	4582
1596	4583
2608	4584
8379	4585
136	4586
4256	4587
289	4588
3933	4589
2693	4590
2033	4591
5042	4592
7834	4593
3458	4594
313	4595
8568	4596
1400	4597
3616	4598
273	4599
4373	4600
367	4601
8288	4602
7328	4603
1256	4604
1410	4605
56	4606
5309	4607
885	4608
3178	4609
8920	4610
3392	4611
1148	4612
3235	4613
813	4614
409	4615
3692	4616
5486	4617
4186	4618
4711	4619
3678	4620
1321	4621
6648	4622
6589	4623
3145	4624
4920	4625
3436	4626
8422	4627
2776	4628
1091	4629
8491	4630
1395	4631
3427	4632
3742	4633
8456	4634
3735	4635
4756	4636
8338	4637
6363	4638
494	4639
7919	4640
362	4641
103	4642
8511	4643
1760	4644
5469	4645
1202	4646
1618	4647
8815	4648
643	4649
619	4650
1900	4651
482	4652
8326	4653
2372	4654
752	4655
4582	4656
468	4657
2839	4658
2773	4659
3700	4660
7772	4661
3136	4662
5352	4663
5974	4664
4509	4665
1496	4666
158	4667
6009	4668
6061	4669
8626	4670
4055	4671
3721	4672
5578	4673
8262	4674
862	4675
7309	4676
6458	4677
7867	4678
6101	4679
5040	4680
5833	4681
2635	4682
6247	4683
5131	4684
540	4685
3019	4686
4730	4687
4335	4688
66	4689
4035	4690
6665	4691
373	4692
7856	4693
2589	4694
3959	4695
820	4696
297	4697
29	4698
7453	4699
545	4700
4167	4701
3007	4702
2527	4703
6345	4704
6219	4705
3430	4706
1242	4707
5384	4708
7210	4709
4621	4710
55	4711
435	4712
6244	4713
3134	4714
7574	4715
1831	4716
8162	4717
5769	4718
6044	4719
99	4720
4229	4721
6951	4722
8598	4723
2928	4724
2358	4725
707	4726
4590	4727
8208	4728
3370	4729
656	4730
161	4731
105	4732
725	4733
402	4734
3460	4735
8955	4736
6767	4737
1624	4738
226	4739
8781	4740
7099	4741
5022	4742
3644	4743
7683	4744
2357	4745
3675	4746
6942	4747
8448	4748
4174	4749
2436	4750
7535	4751
4136	4752
2836	4753
8839	4754
7570	4755
7172	4756
7439	4757
7433	4758
6953	4759
3091	4760
1608	4761
3648	4762
741	4763
1128	4764
239	4765
4723	4766
995	4767
8069	4768
8084	4769
37	4770
6281	4771
3142	4772
3039	4773
4191	4774
703	4775
676	4776
5723	4777
7215	4778
5052	4779
3999	4780
1819	4781
3024	4782
3906	4783
1258	4784
2810	4785
2122	4786
662	4787
4760	4788
27	4789
5535	4790
3201	4791
8460	4792
53	4793
3257	4794
2936	4795
8237	4796
892	4797
6630	4798
6722	4799
370	4800
5953	4801
4589	4802
5421	4803
4919	4804
233	4805
1353	4806
4647	4807
8625	4808
4324	4809
4093	4810
7843	4811
91	4812
3194	4813
2617	4814
738	4815
7	4816
4767	4817
8624	4818
5901	4819
27	4820
3049	4821
6656	4822
9060	4823
1444	4824
7586	4825
3905	4826
4	4827
759	4828
1848	4829
7176	4830
55	4831
7493	4832
3904	4833
5795	4834
8170	4835
8883	4836
2334	4837
2601	4838
743	4839
6664	4840
24	4841
6724	4842
6035	4843
4704	4844
5610	4845
6574	4846
5184	4847
7461	4848
6592	4849
7140	4850
2506	4851
8160	4852
8238	4853
5064	4854
6490	4855
304	4856
2566	4857
1147	4858
2518	4859
1110	4860
5453	4861
4410	4862
1180	4863
8689	4864
900	4865
7777	4866
4365	4867
4573	4868
1686	4869
5576	4870
3670	4871
4742	4872
599	4873
6089	4874
6431	4875
8250	4876
3581	4877
5720	4878
865	4879
3861	4880
8229	4881
8340	4882
8230	4883
4304	4884
239	4885
3405	4886
3077	4887
8339	4888
5869	4889
7427	4890
8012	4891
7508	4892
7589	4893
4837	4894
8946	4895
7750	4896
4486	4897
637	4898
101	4899
3599	4900
7041	4901
8210	4902
8341	4903
3520	4904
6699	4905
420	4906
5275	4907
5160	4908
374	4909
7995	4910
6830	4911
6483	4912
7385	4913
8664	4914
6132	4915
7791	4916
5409	4917
6102	4918
8530	4919
7298	4920
5902	4921
1854	4922
2090	4923
6963	4924
5952	4925
236	4926
2797	4927
260	4928
5388	4929
4366	4930
704	4931
2861	4932
1432	4933
483	4934
93	4935
6575	4936
3475	4937
8722	4938
3877	4939
3415	4940
4505	4941
4586	4942
1317	4943
7383	4944
28	4945
3488	4946
7925	4947
363	4948
4804	4949
3332	4950
3337	4951
7695	4952
513	4953
451	4954
5844	4955
138	4956
4213	4957
19	4958
2768	4959
119	4960
224	4961
4699	4962
6206	4963
8393	4964
9072	4965
8990	4966
9004	4967
2975	4968
3942	4969
9034	4970
477	4971
8513	4972
984	4973
8283	4974
4348	4975
8940	4976
6129	4977
8375	4978
1107	4979
2018	4980
1778	4981
1518	4982
4850	4983
7489	4984
8195	4985
8935	4986
1709	4987
6714	4988
8865	4989
126	4990
1852	4991
2618	4992
8432	4993
4043	4994
7464	4995
4893	4996
6635	4997
79	4998
5228	4999
4053	5000
6326	5001
5524	5002
7629	5003
6941	5004
142	5005
4592	5006
2803	5007
8710	5008
7849	5009
5331	5010
7861	5011
8275	5012
4058	5013
417	5014
7773	5015
2850	5016
6011	5017
8892	5018
6223	5019
6240	5020
6189	5021
7386	5022
1460	5023
157	5024
8159	5025
825	5026
337	5027
3	5028
1262	5029
927	5030
2468	5031
214	5032
7669	5033
8696	5034
4419	5035
2108	5036
808	5037
8388	5038
7437	5039
4064	5040
4565	5041
2853	5042
7660	5043
6202	5044
3214	5045
7344	5046
7470	5047
1769	5048
7125	5049
46	5050
1590	5051
15	5052
7537	5053
3120	5054
8973	5055
6265	5056
762	5057
4951	5058
8683	5059
8425	5060
7126	5061
4923	5062
8404	5063
8989	5064
702	5065
601	5066
2927	5067
8804	5068
35	5069
7000	5070
2462	5071
2844	5072
2121	5073
2915	5074
8728	5075
189	5076
883	5077
1939	5078
3676	5079
6671	5080
5149	5081
6381	5082
868	5083
3518	5084
2351	5085
1459	5086
4146	5087
5177	5088
7566	5089
3078	5090
4609	5091
6760	5092
2133	5093
41	5094
4211	5095
3202	5096
4805	5097
6004	5098
2242	5099
3934	5100
4750	5101
1762	5102
6755	5103
3591	5104
5787	5105
4318	5106
8877	5107
3912	5108
4540	5109
392	5110
2720	5111
1619	5112
2933	5113
597	5114
3609	5115
3286	5116
2554	5117
1098	5118
2106	5119
7657	5120
6434	5121
5938	5122
8408	5123
4148	5124
2472	5125
2161	5126
372	5127
3575	5128
5378	5129
200	5130
8446	5131
2118	5132
492	5133
2248	5134
5857	5135
1673	5136
4474	5137
8508	5138
55	5139
3769	5140
2610	5141
3886	5142
8455	5143
4016	5144
4319	5145
254	5146
630	5147
5811	5148
3255	5149
4487	5150
6934	5151
5194	5152
5346	5153
5939	5154
1009	5155
2281	5156
305	5157
2499	5158
1622	5159
4195	5160
5973	5161
2503	5162
8936	5163
1133	5164
85	5165
7182	5166
1615	5167
7116	5168
8638	5169
165	5170
1064	5171
227	5172
8354	5173
7577	5174
7186	5175
4796	5176
681	5177
54	5178
406	5179
8166	5180
700	5181
2389	5182
3180	5183
2413	5184
8264	5185
3862	5186
8453	5187
6914	5188
4733	5189
7329	5190
7905	5191
3917	5192
6268	5193
8608	5194
3316	5195
63	5196
282	5197
6487	5198
2717	5199
8480	5200
2765	5201
1847	5202
187	5203
716	5204
6928	5205
645	5206
41	5207
43	5208
102	5209
5278	5210
4684	5211
3771	5212
723	5213
4014	5214
8191	5215
1101	5216
6220	5217
5957	5218
1792	5219
6734	5220
939	5221
6783	5222
4673	5223
3379	5224
5121	5225
6158	5226
43	5227
5195	5228
43	5229
3843	5230
1017	5231
1680	5232
749	5233
689	5234
8004	5235
1818	5236
1584	5237
1676	5238
551	5239
3527	5240
2756	5241
6619	5242
7070	5243
6071	5244
512	5245
637	5246
5434	5247
6396	5248
3526	5249
7699	5250
6114	5251
16	5252
3908	5253
5024	5254
27	5255
1919	5256
8556	5257
1895	5258
5062	5259
1932	5260
1138	5261
3555	5262
4433	5263
6903	5264
3995	5265
3545	5266
7167	5267
3498	5268
2298	5269
8020	5270
451	5271
6936	5272
5488	5273
412	5274
438	5275
7990	5276
2549	5277
459	5278
5956	5279
2724	5280
1029	5281
478	5282
605	5283
5248	5284
71	5285
999	5286
5395	5287
4969	5288
3354	5289
56	5290
5220	5291
5102	5292
2271	5293
1907	5294
422	5295
6858	5296
4297	5297
2718	5298
6595	5299
112	5300
7839	5301
8074	5302
6718	5303
317	5304
697	5305
8725	5306
3766	5307
8555	5308
611	5309
6310	5310
80	5311
6088	5312
8330	5313
3179	5314
6278	5315
173	5316
4703	5317
8398	5318
1320	5319
203	5320
3759	5321
833	5322
364	5323
5700	5324
7818	5325
4444	5326
5292	5327
377	5328
8158	5329
3199	5330
3398	5331
1266	5332
4280	5333
8104	5334
5210	5335
749	5336
8899	5337
4391	5338
5528	5339
8627	5340
5875	5341
87	5342
4452	5343
947	5344
2439	5345
2113	5346
1498	5347
8997	5348
1062	5349
3857	5350
218	5351
4961	5352
2159	5353
112	5354
1529	5355
8753	5356
1898	5357
4347	5358
3313	5359
8991	5360
5783	5361
1066	5362
4706	5363
1275	5364
276	5365
1166	5366
4847	5367
587	5368
1071	5369
2214	5370
3885	5371
6801	5372
4773	5373
872	5374
1477	5375
601	5376
3779	5377
8355	5378
7882	5379
6533	5380
517	5381
3261	5382
4830	5383
4384	5384
564	5385
7491	5386
5183	5387
6810	5388
8347	5389
3144	5390
284	5391
177	5392
336	5393
6599	5394
110	5395
1989	5396
7196	5397
8175	5398
6641	5399
40	5400
6848	5401
5559	5402
6480	5403
359	5404
8	5405
1427	5406
162	5407
1247	5408
2777	5409
6743	5410
5737	5411
139	5412
1876	5413
2826	5414
695	5415
7611	5416
2886	5417
7122	5418
7734	5419
2303	5420
269	5421
958	5422
8988	5423
2969	5424
7786	5425
747	5426
8153	5427
8802	5428
3993	5429
84	5430
65	5431
9035	5432
2184	5433
3306	5434
16	5435
7779	5436
787	5437
7637	5438
5457	5439
2741	5440
176	5441
3639	5442
950	5443
1075	5444
7602	5445
6428	5446
3823	5447
4836	5448
3034	5449
3793	5450
3842	5451
5146	5452
7400	5453
4556	5454
5152	5455
2686	5456
1181	5457
992	5458
2740	5459
264	5460
1485	5461
6153	5462
6460	5463
2505	5464
607	5465
7460	5466
5356	5467
1324	5468
649	5469
7231	5470
6231	5471
26	5472
5781	5473
7941	5474
5873	5475
335	5476
1512	5477
9021	5478
2157	5479
3245	5480
2750	5481
7632	5482
6171	5483
6041	5484
566	5485
546	5486
7496	5487
6563	5488
5471	5489
2356	5490
4479	5491
8087	5492
7735	5493
7548	5494
1542	5495
1441	5496
3293	5497
176	5498
6282	5499
6031	5500
595	5501
7771	5502
3796	5503
5091	5504
5757	5505
8031	5506
6408	5507
6213	5508
1435	5509
1284	5510
4940	5511
36	5512
7442	5513
774	5514
428	5515
2215	5516
18	5517
888	5518
8979	5519
1782	5520
7578	5521
2325	5522
2445	5523
5573	5524
3720	5525
397	5526
2224	5527
479	5528
333	5529
4722	5530
1401	5531
4	5532
6032	5533
2695	5534
4941	5535
7827	5536
5616	5537
7184	5538
1621	5539
1443	5540
775	5541
1442	5542
1702	5543
5885	5544
5012	5545
28	5546
13	5547
6922	5548
7402	5549
385	5550
5909	5551
1194	5552
1695	5553
3505	5554
6636	5555
7721	5556
5891	5557
7050	5558
4516	5559
3601	5560
7755	5561
4469	5562
6669	5563
8622	5564
6086	5565
4806	5566
5705	5567
1309	5568
3827	5569
5583	5570
2368	5571
876	5572
8239	5573
3637	5574
8401	5575
8197	5576
1472	5577
120	5578
141	5579
2668	5580
8181	5581
1902	5582
4129	5583
4259	5584
4126	5585
4356	5586
3486	5587
4959	5588
14	5589
5333	5590
170	5591
782	5592
388	5593
8739	5594
3546	5595
1026	5596
6078	5597
2107	5598
327	5599
8266	5600
68	5601
6359	5602
497	5603
74	5604
5566	5605
129	5606
5299	5607
439	5608
4107	5609
5749	5610
281	5611
3860	5612
340	5613
6495	5614
410	5615
8226	5616
4597	5617
389	5618
1067	5619
7534	5620
2044	5621
648	5622
5868	5623
67	5624
2112	5625
8550	5626
7914	5627
6702	5628
1704	5629
4405	5630
2500	5631
524	5632
6780	5633
4761	5634
822	5635
383	5636
2405	5637
2414	5638
248	5639
1094	5640
7568	5641
493	5642
4989	5643
8323	5644
2924	5645
8054	5646
8450	5647
1384	5648
2130	5649
1565	5650
4875	5651
4682	5652
7157	5653
5780	5654
2548	5655
974	5656
4531	5657
6109	5658
1290	5659
1008	5660
8981	5661
3600	5662
3680	5663
1574	5664
8845	5665
7823	5666
7552	5667
3672	5668
423	5669
4512	5670
2397	5671
4354	5672
1607	5673
8726	5674
2609	5675
3075	5676
363	5677
763	5678
662	5679
516	5680
5587	5681
3838	5682
2346	5683
4628	5684
1891	5685
7401	5686
3997	5687
6203	5688
6692	5689
784	5690
352	5691
1820	5692
2207	5693
1493	5694
245	5695
3127	5696
1164	5697
4062	5698
5023	5699
6270	5700
99	5701
7958	5702
565	5703
152	5704
8784	5705
1399	5706
1334	5707
357	5708
6701	5709
2490	5710
4125	5711
1103	5712
334	5713
8911	5714
8165	5715
72	5716
7982	5717
664	5718
3718	5719
8052	5720
1522	5721
8192	5722
312	5723
5515	5724
3491	5725
733	5726
6356	5727
4133	5728
1371	5729
7590	5730
463	5731
604	5732
118	5733
7290	5734
4575	5735
5387	5736
6300	5737
8307	5738
7330	5739
6388	5740
514	5741
3580	5742
1515	5743
137	5744
8359	5745
5651	5746
5281	5747
8465	5748
6521	5749
7181	5750
279	5751
4965	5752
3737	5753
2650	5754
3477	5755
4201	5756
10	5757
2645	5758
8263	5759
58	5760
8415	5761
5866	5762
395	5763
691	5764
5667	5765
6424	5766
252	5767
398	5768
7751	5769
6217	5770
511	5771
8249	5772
5405	5773
638	5774
262	5775
8081	5776
5501	5777
4690	5778
6383	5779
4758	5780
119	5781
4978	5782
7799	5783
6508	5784
755	5785
2623	5786
6442	5787
3150	5788
6675	5789
9049	5790
5106	5791
624	5792
7987	5793
560	5794
7297	5795
2794	5796
7358	5797
4475	5798
602	5799
328	5800
3882	5801
76	5802
13	5803
666	5804
182	5805
2888	5806
8493	5807
1873	5808
7423	5809
5478	5810
2284	5811
7666	5812
1458	5813
635	5814
7019	5815
8426	5816
5386	5817
9022	5818
6956	5819
5640	5820
8018	5821
415	5822
4070	5823
6688	5824
3212	5825
843	5826
3384	5827
2036	5828
404	5829
2305	5830
770	5831
2714	5832
2063	5833
8130	5834
1557	5835
8417	5836
5664	5837
4007	5838
4386	5839
1278	5840
6709	5841
8336	5842
2817	5843
262	5844
1535	5845
6609	5846
2593	5847
8779	5848
7647	5849
3957	5850
59	5851
4287	5852
2781	5853
3724	5854
4381	5855
3455	5856
184	5857
2894	5858
6092	5859
3503	5860
3000	5861
8773	5862
7665	5863
4446	5864
6478	5865
524	5866
5867	5867
6938	5868
4676	5869
2605	5870
132	5871
4127	5872
8518	5873
6854	5874
4156	5875
2497	5876
1742	5877
458	5878
5729	5879
8559	5880
5244	5881
126	5882
3290	5883
8441	5884
19	5885
3686	5886
7724	5887
9081	5888
612	5889
6179	5890
1833	5891
5263	5892
6346	5893
721	5894
115	5895
1220	5896
5	5897
497	5898
2079	5899
10	5900
770	5901
6855	5902
711	5903
8126	5904
2275	5905
6749	5906
6816	5907
2573	5908
3594	5909
645	5910
1566	5911
1728	5912
682	5913
689	5914
6659	5915
4668	5916
3163	5917
4457	5918
7476	5919
3050	5920
4141	5921
3155	5922
5336	5923
5547	5924
7634	5925
7908	5926
7835	5927
1616	5928
427	5929
8554	5930
3347	5931
8173	5932
6740	5933
8129	5934
6509	5935
6444	5936
6479	5937
8097	5938
8601	5939
7332	5940
5197	5941
7662	5942
3767	5943
7259	5944
6987	5945
29	5946
29	5947
6293	5948
4498	5949
3160	5950
1591	5951
149	5952
31	5953
5317	5954
1862	5955
5604	5956
753	5957
4670	5958
241	5959
318	5960
8392	5961
8139	5962
8093	5963
2009	5964
4298	5965
8596	5966
6838	5967
830	5968
2493	5969
3107	5970
588	5971
1935	5972
5792	5973
5960	5974
4081	5975
1595	5976
7956	5977
2956	5978
629	5979
1651	5980
3193	5981
696	5982
8998	5983
7972	5984
9019	5985
192	5986
1349	5987
5710	5988
7026	5989
4281	5990
540	5991
764	5992
6781	5993
1175	5994
8190	5995
4849	5996
368	5997
2057	5998
8896	5999
3829	6000
726	6001
7342	6002
6787	6003
3252	6004
32	6005
6314	6006
6264	6007
7310	6008
144	6009
8591	6010
8011	6011
8022	6012
3037	6013
3464	6014
2274	6015
3416	6016
7950	6017
3789	6018
4877	6019
7405	6020
7885	6021
7722	6022
6570	6023
5534	6024
6016	6025
882	6026
6221	6027
2190	6028
1952	6029
4632	6030
3911	6031
3930	6032
5642	6033
1517	6034
1092	6035
3217	6036
454	6037
7906	6038
405	6039
631	6040
8270	6041
8436	6042
726	6043
2179	6044
7404	6045
6224	6046
3894	6047
525	6048
379	6049
1956	6050
229	6051
346	6052
8716	6053
8537	6054
5629	6055
5828	6056
278	6057
3745	6058
659	6059
1446	6060
1281	6061
6628	6062
4321	6063
8024	6064
5918	6065
296	6066
265	6067
5171	6068
1390	6069
4789	6070
3992	6071
333	6072
3483	6073
8438	6074
475	6075
3947	6076
14	6077
1544	6078
6904	6079
1866	6080
1604	6081
2910	6082
491	6083
491	6084
2937	6085
3713	6086
6301	6087
5351	6088
1203	6089
2252	6090
14	6091
7154	6092
4715	6093
4714	6094
366	6095
4868	6096
424	6097
4712	6098
3902	6099
1413	6100
8900	6101
1666	6102
7977	6103
1411	6104
6930	6105
401	6106
7663	6107
7881	6108
5754	6109
2194	6110
3808	6111
6872	6112
9083	6113
535	6114
6874	6115
3541	6116
3237	6117
4412	6118
135	6119
210	6120
2670	6121
5366	6122
649	6123
1046	6124
805	6125
561	6126
611	6127
5193	6128
3972	6129
8570	6130
1948	6131
2035	6132
504	6133
5440	6134
5285	6135
5439	6136
2545	6137
1478	6138
3465	6139
9071	6140
1974	6141
4657	6142
108	6143
606	6144
108	6145
3320	6146
1149	6147
8257	6148
743	6149
8890	6150
106	6151
6448	6152
2522	6153
460	6154
4192	6155
870	6156
8772	6157
5948	6158
9052	6159
4459	6160
641	6161
2165	6162
1451	6163
8632	6164
3973	6165
5429	6166
3453	6167
2441	6168
217	6169
8143	6170
2366	6171
3630	6172
2984	6173
341	6174
7934	6175
8127	6176
6225	6177
577	6178
4083	6179
771	6180
2103	6181
4731	6182
5895	6183
8705	6184
4367	6185
251	6186
2283	6187
4194	6188
2512	6189
7988	6190
2824	6191
2208	6192
719	6193
7520	6194
717	6195
460	6196
5513	6197
3283	6198
704	6199
3932	6200
6681	6201
3	6202
476	6203
3343	6204
1730	6205
3610	6206
7848	6207
5199	6208
737	6209
767	6210
3872	6211
5714	6212
8866	6213
5247	6214
123	6215
2544	6216
8274	6217
6272	6218
3920	6219
557	6220
2823	6221
4483	6222
210	6223
3269	6224
4086	6225
257	6226
7398	6227
3722	6228
5883	6229
6594	6230
6931	6231
3195	6232
464	6233
3845	6234
8603	6235
966	6236
464	6237
257	6238
2246	6239
1661	6240
411	6241
2732	6242
2332	6243
2193	6244
1157	6245
1776	6246
785	6247
9020	6248
856	6249
1227	6250
8639	6251
757	6252
6821	6253
7142	6254
8320	6255
3558	6256
7321	6257
7441	6258
5341	6259
5961	6260
5237	6261
8372	6262
2821	6263
3818	6264
360	6265
3454	6266
13	6267
2751	6268
3511	6269
215	6270
2407	6271
5958	6272
3743	6273
6654	6274
2766	6275
1690	6276
7918	6277
7900	6278
3612	6279
8844	6280
3592	6281
763	6282
2517	6283
8650	6284
5470	6285
5103	6286
7675	6287
569	6288
2785	6289
3448	6290
5301	6291
3501	6292
5801	6293
6733	6294
8919	6295
609	6296
554	6297
3855	6298
7691	6299
4938	6300
6449	6301
5466	6302
2543	6303
7778	6304
3378	6305
2805	6306
47	6307
5981	6308
6273	6309
5820	6310
8761	6311
510	6312
1335	6313
129	6314
58	6315
5824	6316
5264	6317
590	6318
5390	6319
1846	6320
3837	6321
5871	6322
4371	6323
944	6324
5120	6325
6261	6326
634	6327
7206	6328
2240	6329
4572	6330
3596	6331
4097	6332
5322	6333
301	6334
8095	6335
9053	6336
1525	6337
2222	6338
7129	6339
5044	6340
6269	6341
142	6342
2164	6343
7308	6344
7522	6345
5028	6346
470	6347
7785	6348
2423	6349
2515	6350
2409	6351
2996	6352
2725	6353
8778	6354
8799	6355
163	6356
4563	6357
949	6358
4218	6359
6902	6360
978	6361
2742	6362
120	6363
7576	6364
629	6365
4076	6366
2818	6367
475	6368
4300	6369
564	6370
7018	6371
3386	6372
3780	6373
162	6374
8519	6375
3941	6376
6812	6377
6689	6378
35	6379
5684	6380
234	6381
8236	6382
1296	6383
396	6384
4387	6385
37	6386
8916	6387
1093	6388
4210	6389
5196	6390
4975	6391
674	6392
5919	6393
291	6394
1687	6395
6193	6396
425	6397
7426	6398
485	6399
5711	6400
5750	6401
7364	6402
684	6403
4924	6404
605	6405
8492	6406
3752	6407
3728	6408
15	6409
874	6410
4554	6411
6805	6412
8045	6413
6788	6414
2403	6415
6289	6416
729	6417
4345	6418
7836	6419
7289	6420
2954	6421
6415	6422
2191	6423
3763	6424
6232	6425
1652	6426
3863	6427
835	6428
3764	6429
6824	6430
41	6431
582	6432
7133	6433
4209	6434
5230	6435
3207	6436
4160	6437
393	6438
8042	6439
8904	6440
8717	6441
5095	6442
4744	6443
3662	6444
8286	6445
4351	6446
8268	6447
8723	6448
4274	6449
2745	6450
3294	6451
8806	6452
5445	6453
8655	6454
5634	6455
1192	6456
5481	6457
5189	6458
453	6459
3408	6460
4027	6461
1502	6462
2031	6463
7700	6464
7706	6465
2778	6466
2551	6467
7171	6468
8201	6469
3079	6470
8105	6471
4688	6472
24	6473
593	6474
8824	6475
7325	6476
508	6477
752	6478
271	6479
5340	6480
7684	6481
181	6482
7473	6483
304	6484
3684	6485
5816	6486
5812	6487
7201	6488
5450	6489
1012	6490
2560	6491
1343	6492
17	6493
6655	6494
1397	6495
840	6496
2370	6497
1842	6498
4315	6499
7040	6500
4689	6501
1109	6502
908	6503
2523	6504
4082	6505
1505	6506
2628	6507
237	6508
8118	6509
4438	6510
5257	6511
7560	6512
4308	6513
3190	6514
1318	6515
793	6516
1391	6517
5636	6518
184	6519
513	6520
6804	6521
7554	6522
431	6523
33	6524
8243	6525
6242	6526
718	6527
8986	6528
7886	6529
581	6530
5907	6531
5692	6532
8872	6533
3185	6534
8704	6535
9028	6536
61	6537
18	6538
350	6539
4429	6540
7878	6541
7446	6542
6047	6543
973	6544
1799	6545
352	6546
2859	6547
5250	6548
7091	6549
5691	6550
361	6551
3031	6552
8440	6553
2561	6554
3206	6555
23	6556
3994	6557
258	6558
1183	6559
3420	6560
348	6561
6038	6562
6331	6563
501	6564
1480	6565
7940	6566
3923	6567
3824	6568
7097	6569
4996	6570
6075	6571
5740	6572
8073	6573
2279	6574
847	6575
7087	6576
2779	6577
4353	6578
3946	6579
2555	6580
3421	6581
6981	6582
2603	6583
4342	6584
411	6585
7927	6586
6091	6587
194	6588
7217	6589
109	6590
7513	6591
4660	6592
1767	6593
5321	6594
8770	6595
448	6596
1843	6597
759	6598
3223	6599
5702	6600
4822	6601
1724	6602
6367	6603
3452	6604
3900	6605
113	6606
7053	6607
2563	6608
5679	6609
19	6610
6305	6611
2237	6612
1784	6613
7339	6614
1341	6615
8629	6616
5167	6617
8743	6618
5347	6619
1112	6620
2168	6621
426	6622
1897	6623
1254	6624
2656	6625
8595	6626
7372	6627
7327	6628
1354	6629
5760	6630
6819	6631
585	6632
5914	6633
3200	6634
7307	6635
6662	6636
8245	6637
6042	6638
4442	6639
84	6640
6423	6641
1031	6642
8503	6643
1222	6644
5951	6645
7161	6646
5934	6647
5209	6648
4815	6649
2889	6650
490	6651
2399	6652
1184	6653
4648	6654
7197	6655
666	6656
1788	6657
7094	6658
8495	6659
391	6660
294	6661
7356	6662
848	6663
433	6664
7169	6665
1040	6666
8978	6667
3535	6668
3243	6669
7533	6670
5289	6671
4295	6672
811	6673
4525	6674
8233	6675
3139	6676
7936	6677
5962	6678
6405	6679
1531	6680
251	6681
7317	6682
287	6683
3667	6684
482	6685
10	6686
1342	6687
2706	6688
6433	6689
6504	6690
5882	6691
4034	6692
1960	6693
5475	6694
8785	6695
5072	6696
3536	6697
673	6698
2494	6699
7603	6700
2169	6701
1731	6702
2267	6703
1642	6704
1130	6705
2149	6706
6146	6707
1840	6708
4854	6709
1677	6710
3099	6711
1807	6712
8391	6713
371	6714
4883	6715
240	6716
7621	6717
6306	6718
6557	6719
6712	6720
7396	6721
9011	6722
6979	6723
7127	6724
1797	6725
720	6726
274	6727
365	6728
1019	6729
3349	6730
4455	6731
8164	6732
4416	6733
3121	6734
1210	6735
185	6736
170	6737
4036	6738
6360	6739
5371	6740
6582	6741
462	6742
1034	6743
4286	6744
2054	6745
6526	6746
8368	6747
5218	6748
1430	6749
6342	6750
4368	6751
8030	6752
6081	6753
8702	6754
8443	6755
1754	6756
946	6757
6173	6758
8428	6759
45	6760
2912	6761
97	6762
1097	6763
3565	6764
653	6765
837	6766
4864	6767
6151	6768
668	6769
101	6770
4853	6771
1036	6772
4089	6773
6750	6774
5086	6775
5382	6776
3056	6777
7703	6778
249	6779
4139	6780
7970	6781
517	6782
220	6783
6917	6784
2793	6785
3540	6786
2532	6787
2395	6788
453	6789
6965	6790
896	6791
1610	6792
7884	6793
2988	6794
5896	6795
6859	6796
6402	6797
5293	6798
6364	6799
6989	6800
4359	6801
8862	6802
985	6803
636	6804
4734	6805
5982	6806
353	6807
2188	6808
7175	6809
6107	6810
3411	6811
3832	6812
3369	6813
67	6814
8633	6815
4364	6816
1806	6817
3474	6818
1870	6819
5427	6820
4150	6821
6814	6822
8356	6823
285	6824
3880	6825
4841	6826
4394	6827
5766	6828
5848	6829
547	6830
727	6831
195	6832
3300	6833
580	6834
3653	6835
823	6836
2466	6837
8246	6838
3131	6839
4134	6840
6133	6841
558	6842
2040	6843
2102	6844
293	6845
3858	6846
1812	6847
3792	6848
1779	6849
2285	6850
1567	6851
1986	6852
2428	6853
1649	6854
3080	6855
6909	6856
3028	6857
5323	6858
7432	6859
692	6860
6556	6861
8968	6862
7544	6863
7591	6864
7511	6865
7137	6866
7530	6867
4142	6868
4914	6869
3622	6870
3822	6871
5162	6872
3232	6873
3896	6874
5430	6875
3433	6876
2962	6877
7781	6878
1454	6879
3	6880
1267	6881
2348	6882
5678	6883
2733	6884
4120	6885
6462	6886
8147	6887
572	6888
6896	6889
5492	6890
7899	6891
5124	6892
8952	6893
30	6894
3524	6895
5645	6896
8187	6897
6299	6898
8757	6899
466	6900
3913	6901
7625	6902
7916	6903
526	6904
1327	6905
348	6906
7978	6907
6341	6908
6634	6909
952	6910
8592	6911
455	6912
2429	6913
810	6914
7096	6915
1929	6916
2807	6917
375	6918
6881	6919
223	6920
7147	6921
8	6922
5688	6923
8040	6924
1564	6925
7870	6926
8616	6927
6862	6928
2652	6929
7047	6930
4343	6931
731	6932
452	6933
6218	6934
518	6935
8272	6936
2622	6937
3741	6938
86	6939
3786	6940
4813	6941
4088	6942
4415	6943
5214	6944
4477	6945
5979	6946
7459	6947
4307	6948
3703	6949
5216	6950
2308	6951
4271	6952
7753	6953
5059	6954
548	6955
2474	6956
3036	6957
5344	6958
3478	6959
5878	6960
1711	6961
6239	6962
3851	6963
6615	6964
8656	6965
20	6966
8092	6967
2104	6968
343	6969
5966	6970
2290	6971
7314	6972
5770	6973
2204	6974
3367	6975
4041	6976
2131	6977
18	6978
622	6979
6736	6980
2228	6981
2872	6982
6318	6983
6832	6984
5608	6985
11	6986
4721	6987
5799	6988
1279	6989
1890	6990
3615	6991
31	6992
1042	6993
623	6994
7610	6995
789	6996
5935	6997
4451	6998
4237	6999
6117	7000
64	7001
2734	7002
595	7003
530	7004
148	7005
1536	7006
6682	7007
34	7008
761	7009
3244	7010
7303	7011
8065	7012
5217	7013
1943	7014
1691	7015
145	7016
5229	7017
4935	7018
9079	7019
4617	7020
5112	7021
7801	7022
521	7023
8931	7024
4263	7025
8152	7026
3211	7027
328	7028
2615	7029
4757	7030
382	7031
2865	7032
4262	7033
6916	7034
59	7035
222	7036
186	7037
2088	7038
4613	7039
2077	7040
4471	7041
7435	7042
2029	7043
4611	7044
6807	7045
3338	7046
800	7047
1255	7048
8291	7049
7032	7050
4248	7051
8163	7052
1982	7053
4675	7054
699	7055
3927	7056
1625	7057
8915	7058
111	7059
727	7060
8427	7061
2691	7062
5584	7063
4159	7064
7440	7065
809	7066
2916	7067
4897	7068
1403	7069
5872	7070
8228	7071
8186	7072
8222	7073
1715	7074
3695	7075
8363	7076
263	7077
1163	7078
7035	7079
2848	7080
6505	7081
7095	7082
4966	7083
593	7084
4603	7085
3617	7086
4510	7087
1520	7088
6377	7089
8474	7090
8676	7091
8486	7092
6446	7093
216	7094
1786	7095
5735	7096
7718	7097
5206	7098
4517	7099
446	7100
7278	7101
3661	7102
7257	7103
231	7104
4311	7105
2125	7106
2398	7107
7860	7108
2869	7109
6237	7110
2487	7111
2498	7112
6327	7113
1548	7114
3281	7115
5804	7116
567	7117
2644	7118
6165	7119
5082	7120
4216	7121
7937	7122
6869	7123
2789	7124
3032	7125
181	7126
4794	7127
5523	7128
4332	7129
4979	7130
3985	7131
4514	7132
4614	7133
1260	7134
208	7135
6335	7136
6430	7137
6045	7138
3706	7139
3239	7140
122	7141
1554	7142
5924	7143
3754	7144
4149	7145
3509	7146
1602	7147
6040	7148
6633	7149
50	7150
4279	7151
7897	7152
2257	7153
5496	7154
8861	7155
736	7156
8521	7157
5365	7158
871	7159
680	7160
368	7161
345	7162
2584	7163
5819	7164
1896	7165
536	7166
53	7167
6230	7168
6093	7169
5797	7170
3181	7171
886	7172
3183	7173
6826	7174
171	7175
3104	7176
657	7177
589	7178
2067	7179
8184	7180
729	7181
5884	7182
59	7183
4639	7184
8405	7185
382	7186
4430	7187
8652	7188
6578	7189
3951	7190
7888	7191
1617	7192
2480	7193
5360	7194
6026	7195
3017	7196
4251	7197
3949	7198
507	7199
180	7200
200	7201
269	7202
8752	7203
1936	7204
7098	7205
788	7206
6472	7207
6336	7208
4870	7209
64	7210
5555	7211
3267	7212
3940	7213
34	7214
8822	7215
6229	7216
3254	7217
1453	7218
44	7219
8090	7220
274	7221
8322	7222
4426	7223
4267	7224
8888	7225
3986	7226
8507	7227
1105	7228
340	7229
1835	7230
6713	7231
8852	7232
6384	7233
7155	7234
7531	7235
107	7236
8894	7237
7644	7238
3613	7239
1405	7240
1396	7241
7757	7242
8549	7243
943	7244
750	7245
8715	7246
445	7247
3504	7248
4521	7249
6291	7250
7933	7251
8218	7252
5370	7253
2747	7254
1962	7255
5006	7256
6834	7257
4898	7258
8763	7259
778	7260
4109	7261
5404	7262
1050	7263
1822	7264
227	7265
6271	7266
94	7267
2971	7268
5178	7269
6880	7270
6737	7271
1927	7272
7714	7273
4562	7274
8657	7275
422	7276
2152	7277
7107	7278
5391	7279
1875	7280
2307	7281
7414	7282
2110	7283
8631	7284
4339	7285
465	7286
373	7287
3191	7288
8137	7289
2594	7290
2166	7291
4848	7292
3315	7293
3282	7294
8529	7295
553	7296
6087	7297
948	7298
7052	7299
5267	7300
5096	7301
2014	7302
234	7303
7775	7304
1406	7305
2949	7306
8520	7307
8575	7308
713	7309
5084	7310
1047	7311
1217	7312
2540	7313
1658	7314
8962	7315
5751	7316
5623	7317
6354	7318
6988	7319
166	7320
7598	7321
7304	7322
527	7323
8929	7324
6076	7325
6366	7326
1931	7327
4980	7328
7692	7329
3674	7330
7620	7331
331	7332
6827	7333
1161	7334
4799	7335
693	7336
4103	7337
4019	7338
4801	7339
3326	7340
4051	7341
2761	7342
653	7343
2775	7344
3847	7345
7964	7346
7502	7347
159	7348
3919	7349
4090	7350
710	7351
9033	7352
5543	7353
6969	7354
855	7355
3698	7356
3608	7357
3119	7358
7103	7359
3008	7360
2019	7361
2205	7362
6414	7363
5380	7364
5643	7365
503	7366
6731	7367
1339	7368
4020	7369
1918	7370
5631	7371
3250	7372
3815	7373
6568	7374
1329	7375
4695	7376
5369	7377
9036	7378
1953	7379
650	7380
4173	7381
1751	7382
3549	7383
8594	7384
3044	7385
1787	7386
2323	7387
8893	7388
5579	7389
5906	7390
3835	7391
4215	7392
4002	7393
7747	7394
6719	7395
5861	7396
2037	7397
3655	7398
4700	7399
4907	7400
102	7401
2180	7402
5175	7403
2061	7404
990	7405
308	7406
5339	7407
3976	7408
5373	7409
4320	7410
136	7411
3013	7412
5114	7413
4038	7414
8884	7415
7850	7416
1814	7417
44	7418
7	7419
255	7420
9063	7421
5647	7422
536	7423
842	7424
6899	7425
582	7426
1603	7427
2259	7428
1809	7429
3322	7430
7585	7431
2920	7432
8099	7433
3259	7434
3333	7435
3760	7436
4220	7437
2893	7438
8535	7439
773	7440
2301	7441
2435	7442
8499	7443
6465	7444
8859	7445
8256	7446
1398	7447
720	7448
890	7449
3537	7450
4190	7451
742	7452
5656	7453
4440	7454
1056	7455
8180	7456
7889	7457
7960	7458
4526	7459
6623	7460
2599	7461
6166	7462
6250	7463
39	7464
7795	7465
383	7466
5549	7467
7036	7468
1264	7469
5862	7470
1736	7471
2866	7472
505	7473
5915	7474
2361	7475
5941	7476
8221	7477
1348	7478
4153	7479
3530	7480
1669	7481
8376	7482
13	7483
6639	7484
1473	7485
8124	7486
338	7487
374	7488
474	7489
1710	7490
8016	7491
794	7492
7249	7493
3554	7494
854	7495
5741	7496
1412	7497
4057	7498
901	7499
5708	7500
838	7501
9069	7502
1945	7503
8421	7504
6697	7505
393	7506
218	7507
8026	7508
5018	7509
376	7510
5258	7511
1506	7512
4835	7513
2264	7514
95	7515
4154	7516
434	7517
4522	7518
8589	7519
5399	7520
6715	7521
7222	7522
6620	7523
87	7524
6500	7525
8488	7526
8751	7527
3360	7528
1218	7529
4732	7530
6347	7531
7754	7532
4323	7533
3227	7534
852	7535
6131	7536
4223	7537
3303	7538
6141	7539
4288	7540
2950	7541
7382	7542
75	7543
2769	7544
8001	7545
5834	7546
1805	7547
3390	7548
4763	7549
556	7550
1668	7551
2948	7552
2097	7553
5392	7554
5632	7555
2151	7556
8830	7557
5	7558
2483	7559
8502	7560
3437	7561
1764	7562
8332	7563
6143	7564
8061	7565
1938	7566
49	7567
1994	7568
10	7569
8063	7570
8013	7571
5398	7572
2430	7573
6735	7574
6103	7575
1383	7576
6498	7577
5665	7578
3373	7579
224	7580
744	7581
6210	7582
6519	7583
6984	7584
6277	7585
88	7586
2032	7587
6742	7588
6844	7589
4571	7590
2846	7591
8370	7592
2770	7593
2678	7594
1049	7595
5482	7596
8922	7597
4292	7598
3950	7599
1882	7600
2319	7601
4665	7602
815	7603
3755	7604
3297	7605
130	7606
174	7607
1172	7608
5379	7609
5251	7610
1650	7611
85	7612
5606	7613
8150	7614
366	7615
4500	7616
1079	7617
1292	7618
850	7619
7132	7620
3268	7621
1206	7622
578	7623
5680	7624
498	7625
3068	7626
507	7627
381	7628
2744	7629
2232	7630
1802	7631
6572	7632
9059	7633
3082	7634
4033	7635
8145	7636
5803	7637
2249	7638
6368	7639
7640	7640
6192	7641
8178	7642
3305	7643
1332	7644
7505	7645
3350	7646
3256	7647
7876	7648
1599	7649
931	7650
6371	7651
7811	7652
559	7653
5538	7654
3968	7655
3440	7656
3873	7657
4401	7658
16	7659
3365	7660
4960	7661
4482	7662
5415	7663
4683	7664
7605	7665
4504	7666
7761	7667
8463	7668
3391	7669
3253	7670
792	7671
323	7672
1575	7673
551	7674
2676	7675
8719	7676
2434	7677
8033	7678
612	7679
4781	7680
2388	7681
7051	7682
3393	7683
32	7684
57	7685
6711	7686
1696	7687
8847	7688
30	7689
4661	7690
5756	7691
6382	7692
3459	7693
6571	7694
7472	7695
4206	7696
4561	7697
7299	7698
8885	7699
771	7700
1326	7701
334	7702
4910	7703
8588	7704
4507	7705
5791	7706
5015	7707
3664	7708
8305	7709
3307	7710
2013	7711
4278	7712
8749	7713
2128	7714
4904	7715
7564	7716
4284	7717
1241	7718
1436	7719
2997	7720
46	7721
7220	7722
4911	7723
2820	7724
7377	7725
4252	7726
39	7727
2955	7728
1606	7729
2124	7730
2855	7731
1237	7732
5026	7733
6959	7734
8954	7735
44	7736
196	7737
1118	7738
8886	7739
6514	7740
1497	7741
4817	7742
6450	7743
2282	7744
5822	7745
2870	7746
4395	7747
3301	7748
867	7749
1638	7750
1365	7751
379	7752
3052	7753
8122	7754
191	7755
124	7756
1415	7757
7731	7758
5975	7759
8711	7760
6136	7761
2432	7762
6673	7763
4851	7764
1051	7765
5459	7766
6837	7767
5879	7768
627	7769
1980	7770
2738	7771
86	7772
1001	7773
90	7774
146	7775
153	7776
107	7777
320	7778
8868	7779
6820	7780
3395	7781
798	7782
6251	7783
533	7784
6839	7785
6390	7786
6871	7787
528	7788
6992	7789
2465	7790
3376	7791
1998	7792
8951	7793
6097	7794
1813	7795
3140	7796
7235	7797
3205	7798
54	7799
5	7800
8310	7801
7929	7802
7088	7803
3602	7804
338	7805
6021	7806
356	7807
2291	7808
6014	7809
598	7810
2953	7811
4840	7812
5241	7813
651	7814
7819	7815
6762	7816
3605	7817
206	7818
469	7819
197	7820
5005	7821
1965	7822
3288	7823
6052	7824
8630	7825
6060	7826
3	7827
417	7828
4638	7829
3312	7830
6211	7831
113	7832
1641	7833
5977	7834
2136	7835
4085	7836
910	7837
8788	7838
7252	7839
764	7840
7697	7841
5551	7842
413	7843
116	7844
8284	7845
7305	7846
3272	7847
4899	7848
124	7849
7260	7850
1200	7851
568	7852
8605	7853
8909	7854
97	7855
24	7856
2819	7857
5368	7858
8837	7859
2243	7860
3647	7861
3956	7862
3631	7863
7991	7864
5448	7865
1377	7866
1773	7867
6419	7868
6008	7869
6108	7870
8176	7871
5556	7872
2572	7873
4425	7874
266	7875
4183	7876
3097	7877
6122	7878
2495	7879
2174	7880
3462	7881
3115	7882
319	7883
493	7884
332	7885
4746	7886
6708	7887
3626	7888
471	7889
1037	7890
8553	7891
8939	7892
5668	7893
1867	7894
3358	7895
2590	7896
528	7897
1131	7898
2202	7899
1302	7900
3614	7901
1465	7902
1850	7903
5443	7904
4724	7905
4803	7906
4111	7907
3342	7908
4362	7909
3811	7910
4701	7911
3640	7912
2022	7913
3162	7914
6349	7915
5663	7916
5270	7917
8675	7918
1509	7919
2643	7920
230	7921
7111	7922
628	7923
3167	7924
1581	7925
5187	7926
913	7927
2401	7928
2813	7929
2944	7930
175	7931
1884	7932
2918	7933
2489	7934
2055	7935
191	7936
1035	7937
2857	7938
2812	7939
2417	7940
1174	7941
6238	7942
8667	7943
5238	7944
2922	7945
68	7946
386	7947
1694	7948
5622	7949
621	7950
5550	7951
240	7952
8167	7953
7104	7954
1657	7955
7027	7956
4289	7957
2331	7958
7061	7959
310	7960
4385	7961
2862	7962
1883	7963
394	7964
5574	7965
6778	7966
1152	7967
7841	7968
4838	7969
8475	7970
1757	7971
409	7972
6860	7973
2904	7974
6393	7975
20	7976
1087	7977
125	7978
712	7979
2502	7980
8693	7981
563	7982
2171	7983
2501	7984
4601	7985
5798	7986
3236	7987
9005	7988
2085	7989
3368	7990
2606	7991
6398	7992
8858	7993
4977	7994
4818	7995
3234	7996
8914	7997
4725	7998
302	7999
5976	8000
22	8001
3943	8002
4302	8003
94	8004
675	8005
22	8006
5191	8007
4930	8008
5279	8009
6510	8010
3572	8011
4787	8012
8768	8013
1810	8014
166	8015
6214	8016
8995	8017
1627	8018
6191	8019
4908	8020
207	8021
6624	8022
7485	8023
4411	8024
6284	8025
4393	8026
62	8027
3819	8028
6010	8029
1930	8030
3419	8031
3807	8032
2153	8033
6248	8034
2218	8035
1827	8036
6095	8037
6118	8038
5846	8039
1500	8040
3948	8041
398	8042
2454	8043
4650	8044
3510	8045
421	8046
5910	8047
2408	8048
7891	8049
3821	8050
4375	8051
8382	8052
4547	8053
5465	8054
8557	8055
6845	8056
254	8057
6660	8058
6720	8059
723	8060
5661	8061
5051	8062
1803	8063
5454	8064
5845	8065
3595	8066
4885	8067
5980	8068
2386	8069
8771	8070
2212	8071
3175	8072
4439	8073
4917	8074
8703	8075
5407	8076
1620	8077
2431	8078
2816	8079
5479	8080
7854	8081
5093	8082
3954	8083
2225	8084
6555	8085
323	8086
6222	8087
7118	8088
8637	8089
4948	8090
9	8091
4627	8092
4844	8093
222	8094
8009	8095
7656	8096
6596	8097
2453	8098
2809	8099
7227	8100
2851	8101
6491	8102
3033	8103
6357	8104
3854	8105
5364	8106
7948	8107
5308	8108
8214	8109
4056	8110
3826	8111
1230	8112
7078	8113
4829	8114
7232	8115
449	8116
2835	8117
6445	8118
131	8119
3665	8120
1772	8121
5707	8122
714	8123
7284	8124
8224	8125
3611	8126
3561	8127
83	8128
1872	8129
7784	8130
5553	8131
592	8132
6597	8133
7117	8134
2300	8135
7105	8136
7864	8137
61	8138
9	8139
715	8140
3542	8141
5320	8142
253	8143
80	8144
264	8145
221	8146
8390	8147
8169	8148
7833	8149
7250	8150
103	8151
5925	8152
6727	8153
7671	8154
3548	8155
1099	8156
3623	8157
6138	8158
1569	8159
881	8160
3552	8161
8344	8162
157	8163
70	8164
5117	8165
7727	8166
706	8167
4857	8168
203	8169
1069	8170
2508	8171
6964	8172
1479	8173
1923	8174
1114	8175
2600	8176
7239	8177
1864	8178
1588	8179
5490	8180
3689	8181
8314	8182
53	8183
2415	8184
586	8185
4466	8186
8620	8187
1483	8188
1643	8189
6351	8190
5088	8191
6376	8192
7428	8193
8231	8194
300	8195
1791	8196
8562	8197
8578	8198
556	8199
8548	8200
768	8201
1555	8202
705	8203
4890	8204
1239	8205
4376	8206
3410	8207
7896	8208
8072	8209
8136	8210
7600	8211
4588	8212
6766	8213
221	8214
7963	8215
1316	8216
660	8217
5396	8218
2341	8219
7320	8220
140	8221
5318	8222
3029	8223
6079	8224
2406	8225
5887	8226
4169	8227
6492	8228
7595	8229
7743	8230
526	8231
1886	8232
4878	8233
8220	8234
2021	8235
7715	8236
5585	8237
688	8238
4833	8239
3974	8240
7045	8241
8674	8242
6912	8243
8746	8244
2585	8245
751	8246
3085	8247
2467	8248
3152	8249
6180	8250
2198	8251
485	8252
8901	8253
2295	8254
8818	8255
6404	8256
7633	8257
5635	8258
456	8259
4743	8260
8688	8261
4402	8262
7733	8263
8856	8264
3279	8265
1310	8266
2552	8267
2874	8268
3224	8269
3529	8270
2952	8271
8056	8272
8079	8273
5389	8274
6898	8275
7059	8276
109	8277
1426	8278
8966	8279
9029	8280
7713	8281
7084	8282
8156	8283
4408	8284
7696	8285
2038	8286
627	8287
7233	8288
442	8289
5564	8290
8853	8291
7872	8292
5164	8293
4054	8294
2987	8295
7551	8296
2636	8297
2473	8298
1155	8299
7390	8300
95	8301
7008	8302
7447	8303
6621	8304
2253	8305
1337	8306
1990	8307
8361	8308
8517	8309
549	8310
8205	8311
3276	8312
5758	8313
8028	8314
5969	8315
3989	8316
4250	8317
6710	8318
4	8319
4576	8320
8798	8321
3688	8322
8803	8323
3220	8324
6215	8325
5510	8326
6576	8327
8489	8328
7716	8329
4233	8330
5306	8331
4672	8332
4677	8333
7760	8334
979	8335
1514	8336
7265	8337
3242	8338
8913	8339
8707	8340
2437	8341
118	8342
8358	8343
5272	8344
537	8345
5483	8346
6226	8347
8545	8348
488	8349
7707	8350
8974	8351
2000	8352
5676	8353
7710	8354
4330	8355
144	8356
1142	8357
7497	8358
6842	8359
8198	8360
2052	8361
198	8362
7168	8363
6262	8364
8646	8365
5880	8366
8194	8367
8765	8368
2516	8369
3004	8370
3230	8371
3891	8372
5054	8373
5461	8374
1235	8375
2992	8376
5719	8377
6205	8378
2463	8379
4778	8380
5577	8381
2162	8382
4718	8383
83	8384
574	8385
3482	8386
3506	8387
7597	8388
7028	8389
975	8390
4753	8391
1721	8392
2078	8393
2181	8394
4985	8395
4023	8396
2292	8397
185	8398
7768	8399
3736	8400
7242	8401
7101	8402
5613	8403
8496	8404
3096	8405
6316	8406
2576	8407
765	8408
6245	8409
2138	8410
1250	8411
7575	8412
78	8413
6668	8414
8817	8415
3359	8416
1269	8417
5662	8418
7173	8419
8271	8420
1006	8421
4434	8422
7468	8423
7085	8424
7456	8425
7205	8426
6976	8427
8267	8428
4549	8429
2871	8430
1117	8431
4874	8432
7214	8433
670	8434
891	8435
5744	8436
296	8437
4037	8438
6013	8439
3170	8440
628	8441
2892	8442
1612	8443
1303	8444
7002	8445
4527	8446
566	8447
5319	8448
432	8449
5408	8450
2999	8451
8366	8452
3040	8453
1729	8454
1330	8455
6082	8456
237	8457
1976	8458
1949	8459
2011	8460
7741	8461
49	8462
690	8463
1823	8464
6365	8465
2091	8466
3649	8467
329	8468
2310	8469
2842	8470
2003	8471
7288	8472
7658	8473
6797	8474
5055	8475
5782	8476
3687	8477
3161	8478
6337	8479
6690	8480
25	8481
5703	8482
5809	8483
6148	8484
8965	8485
6929	8486
6900	8487
616	8488
5802	8489
1197	8490
2247	8491
7144	8492
1226	8493
2335	8494
4094	8495
1851	8496
964	8497
2076	8498
5597	8499
8070	8500
6674	8501
7346	8502
6544	8503
5993	8504
3753	8505
597	8506
3258	8507
2	8508
775	8509
5001	8510
4828	8511
3030	8512
863	8513
7017	8514
2	8515
7701	8516
767	8517
5600	8518
3550	8519
8573	8520
4317	8521
1359	8522
412	8523
1434	8524
3238	8525
4662	8526
7014	8527
6391	8528
231	8529
5050	8530
3461	8531
390	8532
2507	8533
615	8534
4503	8535
6878	8536
496	8537
1231	8538
2440	8539
7812	8540
5859	8541
4729	8542
2020	8543
114	8544
4798	8545
2344	8546
4664	8547
7419	8548
4178	8549
6152	8550
935	8551
1871	8552
6253	8553
281	8554
6372	8555
8494	8556
1743	8557
8958	8558
4166	8559
3507	8560
6256	8561
238	8562
8846	8563
1214	8564
8051	8565
5126	8566
17	8567
4305	8568
11	8569
8712	8570
7146	8571
6482	8572
2176	8573
7366	8574
3804	8575
354	8576
9015	8577
2575	8578
5944	8579
6890	8580
8064	8581
1901	8582
7830	8583
5728	8584
3022	8585
4987	8586
156	8587
84	8588
2682	8589
6466	8590
8790	8591
4551	8592
8660	8593
5038	8594
2412	8595
7883	8596
2426	8597
5734	8598
202	8599
7241	8600
3660	8601
5625	8602
400	8603
8476	8604
5397	8605
4642	8606
356	8607
8251	8608
3285	8609
3117	8610
3089	8611
851	8612
907	8613
8644	8614
4418	8615
623	8616
72	8617
7425	8618
7911	8619
5417	8620
24	8621
5211	8622
7286	8623
1881	8624
9008	8625
1856	8626
22	8627
819	8628
542	8629
1301	8630
8478	8631
3484	8632
832	8633
5658	8634
8831	8635
2391	8636
5192	8637
2519	8638
4000	8639
1826	8640
2699	8641
7153	8642
3366	8643
4921	8644
133	8645
7571	8646
6528	8647
7150	8648
60	8649
728	8650
8947	8651
5295	8652
3774	8653
6288	8654
7200	8655
1089	8656
1841	8657
2641	8658
1693	8659
3065	8660
550	8661
3299	8662
3441	8663
1688	8664
270	8665
3772	8666
5581	8667
3266	8668
802	8669
58	8670
4824	8671
4537	8672
487	8673
7313	8674
2376	8675
6861	8676
79	8677
1076	8678
285	8679
2287	8680
2690	8681
5580	8682
2639	8683
620	8684
3820	8685
2698	8686
3335	8687
244	8688
5462	8689
751	8690
652	8691
243	8692
5452	8693
1439	8694
3915	8695
6618	8696
5644	8697
7730	8698
8094	8699
1659	8700
4413	8701
429	8702
7674	8703
245	8704
675	8705
5596	8706
1816	8707
971	8708
1941	8709
7615	8710
3192	8711
1987	8712
3394	8713
7340	8714
6216	8715
7270	8716
6602	8717
647	8718
2277	8719
7638	8720
1136	8721
4222	8722
4618	8723
7562	8724
7549	8725
2100	8726
7334	8727
1357	8728
3469	8729
1306	8730
7651	8731
5698	8732
5442	8733
3606	8734
397	8735
7183	8736
354	8737
6497	8738
5153	8739
3208	8740
6177	8741
4346	8742
8819	8743
4709	8744
5048	8745
7965	8746
3532	8747
313	8748
6024	8749
226	8750
151	8751
37	8752
643	8753
7806	8754
1700	8755
588	8756
4374	8757
107	8758
1741	8759
2917	8760
5681	8761
291	8762
381	8763
3538	8764
1698	8765
1232	8766
1319	8767
1713	8768
2330	8769
4686	8770
6948	8771
1273	8772
3278	8773
408	8774
117	8775
4450	8776
7455	8777
2947	8778
8133	8779
5342	8780
1811	8781
1999	8782
4340	8783
7780	8784
8813	8785
2496	8786
2951	8787
3671	8788
378	8789
2263	8790
983	8791
4228	8792
3414	8793
5838	8794
4341	8795
573	8796
6687	8797
6457	8798
598	8799
5219	8800
7451	8801
646	8802
8043	8803
573	8804
3229	8805
7391	8806
8345	8807
260	8808
4553	8809
5505	8810
8155	8811
441	8812
5432	8813
1276	8814
3100	8815
4974	8816
7985	8817
3490	8818
1111	8819
859	8820
596	8821
8396	8822
9048	8823
7363	8824
6319	8825
2659	8826
2471	8827
5221	8828
452	8829
71	8830
1904	8831
1248	8832
4073	8833
1257	8834
3801	8835
742	8836
7957	8837
6307	8838
5946	8839
6037	8840
744	8841
7011	8842
4929	8843
2068	8844
5271	8845
3062	8846
9046	8847
2833	8848
1345	8849
5985	8850
7790	8851
5753	8852
3479	8853
2651	8854
6387	8855
7923	8856
8089	8857
1894	8858
3154	8859
4045	8860
4199	8861
3264	8862
2424	8863
8948	8864
2531	8865
613	8866
91	8867
5568	8868
7725	8869
8943	8870
7677	8871
8950	8872
8125	8873
2707	8874
2235	8875
5182	8876
781	8877
4468	8878
3429	8879
311	8880
5118	8881
1416	8882
1367	8883
7067	8884
4234	8885
4502	8886
4710	8887
1440	8888
6056	8889
7481	8890
3756	8891
8876	8892
6657	8893
7545	8894
98	8895
2239	8896
183	8897
2390	8898
2808	8899
3632	8900
2737	8901
8335	8902
632	8903
7565	8904
6127	8905
8582	8906
8782	8907
817	8908
32	8909
25	8910
3776	8911
2959	8912
5000	8913
7563	8914
4630	8915
4605	8916
2482	8917
4906	8918
1252	8919
5313	8920
7355	8921
325	8922
7596	8923
6696	8924
3897	8925
3929	8926
5589	8927
38	8928
4406	8929
4290	8930
15	8931
66	8932
2362	8933
7693	8934
8418	8935
6770	8936
592	8937
150	8938
6068	8939
5385	8940
648	8941
8835	8942
6512	8943
3153	8944
7584	8945
67	8946
5223	8947
3782	8948
1926	8949
278	8950
6920	8951
5094	8952
477	8953
2905	8954
3124	8955
1586	8956
5646	8957
171	8958
2488	8959
650	8960
4610	8961
5911	8962
4649	8963
8454	8964
7572	8965
2484	8966
693	8967
190	8968
615	8969
9010	8970
48	8971
2763	8972
3805	8973
1387	8974
2266	8975
2588	8976
1824	8977
4352	8978
633	8979
4530	8980
3666	8981
4997	8982
559	8983
3868	8984
6145	8985
5899	8986
7776	8987
679	8988
7	8989
6120	8990
3377	8991
5736	8992
7636	8993
510	8994
214	8995
7020	8996
1229	8997
4888	8998
725	8999
9064	9000
503	9001
6451	9002
8203	9003
3314	9004
6164	9005
5699	9006
4	9007
3817	9008
853	9009
590	9010
3356	9011
4135	9012
8606	9013
179	9014
6161	9015
1369	9016
295	9017
5374	9018
461	9019
734	9020
244	9021
515	9022
8544	9023
8869	9024
4333	9025
568	9026
8670	9027
5942	9028
1313	9029
6554	9030
6461	9031
6425	9032
2597	9033
232	9034
909	9035
7939	9036
64	9037
8793	9038
1977	9039
1424	9040
7251	9041
2612	9042
100	9043
5148	9044
8669	9045
587	9046
3158	9047
7397	9048
2780	9049
3495	9050
739	9051
8378	9052
5456	9053
7057	9054
4784	9055
271	9056
3251	9057
3468	9058
4728	9059
5122	9060
20	9061
6705	9062
50	9063
5154	9064
2640	9065
312	9066
4398	9067
3011	9068
6961	9069
7365	9070
7009	9071
3514	9072
1745	9073
7499	9074
6454	9075
970	9076
18	9077
2854	9078
8032	9079
8424	9080
4283	9081
4608	9082
4496	9083
5669	9084
7046	9085
4447	9086
2700	9087
6212	9088
229	9089
193	9090
563	9091
642	9092
4583	9093
3798	9094
4932	9095
7550	9096
8635	9097
3409	9098
3663	9099
8713	9100
5043	9101
3340	9102
8820	9103
5092	9104
8882	9105
5359	9106
6174	9107
4958	9108
3424	9109
6285	9110
7688	9111
5463	9112
3471	9113
5424	9114
7789	9115
7369	9116
4066	9117
1362	9118
3447	9119
2024	9120
4768	9121
8775	9122
7855	9123
7294	9124
8123	9125
6259	9126
195	9127
8546	9128
4557	9129
8177	9130
7947	9131
3476	9132
5641	9133
6386	9134
8204	9135
20	9136
790	9137
2716	9138
5104	9139
5422	9140
5140	9141
2931	9142
7354	9143
4095	9144
7360	9145
6906	9146
4842	9147
7110	9148
1085	9149
7243	9150
6925	9151
1800	9152
3006	9153
9084	9154
4578	9155
1516	9156
5778	9157
21	9158
5904	9159
7810	9160
6085	9161
8500	9162
6897	9163
6546	9164
691	9165
7738	9166
8472	9167
845	9168
8289	9169
8067	9170
4792	9171
1469	9172
1660	9173
567	9174
5363	9175
3382	9176
4065	9177
88	9178
5716	9179
1287	9180
7030	9181
2416	9182
395	9183
3247	9184
8628	9185
2117	9186
6698	9187
306	9188
145	9189
4698	9190
7559	9191
5858	9192
5127	9193
6768	9194
3750	9195
137	9196
5156	9197
4962	9198
38	9199
75	9200
5592	9201
358	9202
7179	9203
7482	9204
468	9205
1466	9206
289	9207
6254	9208
204	9209
9050	9210
6892	9211
5283	9212
495	9213
2294	9214
3534	9215
3983	9216
8119	9217
6485	9218
77	9219
6678	9220
1552	9221
6608	9222
8412	9223
4068	9224
159	9225
1547	9226
1775	9227
7893	9228
4667	9229
1836	9230
708	9231
7204	9232
2360	9233
3438	9234
2105	9235
2513	9236
7993	9237
2317	9238
255	9239
7907	9240
6486	9241
5254	9242
1417	9243
5808	9244
4175	9245
657	9246
8038	9247
6991	9248
6828	9249
5372	9250
6200	9251
2790	9252
2192	9253
8420	9254
3066	9255
238	9256
4797	9257
6863	9258
1553	9259
7809	9260
6358	9261
6439	9262
8680	9263
7635	9264
5586	9265
438	9266
7601	9267
2896	9268
77	9269
1025	9270
3371	9271
8792	9272
5473	9273
2710	9274
2321	9275
6190	9276
2726	9277
290	9278
1351	9279
8516	9280
8113	9281
389	9282
8213	9283
4138	9284
2687	9285
4945	9286
3785	9287
8273	9288
1268	9289
7717	9290
4629	9291
4595	9292
6840	9293
3014	9294
5053	9295
6195	9296
4533	9297
160	9298
7805	9299
5419	9300
6950	9301
6511	9302
5776	9303
66	9304
5693	9305
307	9306
1647	9307
7480	9308
861	9309
1033	9310
3209	9311
1777	9312
128	9313
8621	9314
1207	9315
8767	9316
6643	9317
7500	9318
128	9319
4788	9320
1808	9321
7349	9322
1717	9323
4383	9324
5777	9325
3574	9326
860	9327
105	9328
4871	9329
1295	9330
6962	9331
721	9332
1573	9333
8918	9334
8442	9335
972	9336
4852	9337
4606	9338
2158	9339
3874	9340
6	9341
1455	9342
6309	9343
7151	9344
8430	9345
5831	9346
2369	9347
1654	9348
7322	9349
2653	9350
2127	9351
1072	9352
8643	9353
917	9354
6598	9355
5338	9356
2058	9357
79	9358
8483	9359
7749	9360
2661	9361
2359	9362
1457	9363
8800	9364
63	9365
2964	9366
5032	9367
186	9368
7292	9369
5615	9370
873	9371
8059	9372
7244	9373
772	9374
429	9375
8377	9376
2837	9377
2001	9378
5738	9379
4379	9380
4428	9381
2619	9382
2442	9383
8321	9384
3146	9385
8369	9386
4301	9387
6799	9388
2244	9389
1667	9390
1082	9391
3783	9392
46	9393
488	9394
38	9395
330	9396
131	9397
5940	9398
4967	9399
1223	9400
3795	9401
3403	9402
520	9403
7935	9404
2830	9405
8277	9406
1928	9407
8682	9408
4240	9409
8602	9410
748	9411
5245	9412
3849	9413
6142	9414
403	9415
2385	9416
7774	9417
4131	9418
211	9419
4999	9420
2581	9421
4963	9422
2525	9423
36	9424
2977	9425
5203	9426
5144	9427
4508	9428
8459	9429
347	9430
8881	9431
766	9432
8828	9433
4823	9434
2562	9435
2186	9436
6686	9437
8319	9438
8411	9439
2578	9440
5169	9441
3516	9442
6537	9443
4184	9444
796	9445
8397	9446
6115	9447
3806	9448
6548	9449
6197	9450
2080	9451
1600	9452
5134	9453
143	9454
5025	9455
6757	9456
5350	9457
1170	9458
3361	9459
5325	9460
8642	9461
6996	9462
5971	9463
6096	9464
4827	9465
1084	9466
2211	9467
424	9468
7712	9469
8490	9470
9076	9471
4782	9472
3931	9473
625	9474
299	9475
8151	9476
5111	9477
2027	9478
2371	9479
4231	9480
2147	9481
6831	9482
8161	9483
8414	9484
1486	9485
2524	9486
7504	9487
2981	9488
4633	9489
1950	9490
3113	9491
2621	9492
11	9493
1132	9494
2791	9495
8993	9496
8078	9497
4674	9498
2914	9499
4900	9500
5020	9501
294	9502
799	9503
945	9504
5765	9505
694	9506
654	9507
2945	9508
390	9509
52	9510
3682	9511
5557	9512
272	9513
353	9514
4003	9515
4172	9516
6397	9517
4881	9518
2976	9519
4896	9520
7120	9521
8506	9522
4067	9523
102	9524
8623	9525
6029	9526
5815	9527
2059	9528
4296	9529
3966	9530
8937	9531
7318	9532
7680	9533
6098	9534
2126	9535
3330	9536
5383	9537
7682	9538
6352	9539
2116	9540
7842	9541
9067	9542
576	9543
3833	9544
2829	9545
467	9546
6468	9547
439	9548
266	9549
575	9550
661	9551
698	9552
7274	9553
4122	9554
8524	9555
77	9556
5840	9557
6850	9558
2511	9559
3991	9560
9068	9561
1504	9562
722	9563
8313	9564
1382	9565
39	9566
21	9567
6475	9568
4764	9569
6695	9570
2	9571
5926	9572
3228	9573
98	9574
2262	9575
2521	9576
7582	9577
5928	9578
108	9579
3	9580
241	9581
4579	9582
1639	9583
2238	9584
3730	9585
3133	9586
489	9587
3963	9588
2580	9589
3021	9590
2062	9591
1191	9592
684	9593
4242	9594
6005	9595
1756	9596
514	9597
177	9598
2322	9599
7711	9600
256	9601
256	9602
7130	9603
754	9604
2673	9605
7612	9606
4313	9607
7162	9608
51	9609
1126	9610
5771	9611
2231	9612
4322	9613
2025	9614
7083	9615
8003	9616
478	9617
6732	9618
8409	9619
94	9620
3046	9621
3778	9622
205	9623
4528	9624
4774	9625
6023	9626
1456	9627
4409	9628
998	9629
1393	9630
4337	9631
143	9632
8311	9633
7119	9634
5784	9635
4006	9636
4918	9637
828	9638
7238	9639
996	9640
1462	9641
314	9642
3260	9643
4843	9644
3093	9645
7626	9646
4652	9647
1761	9648
5503	9649
4867	9650
538	9651
2314	9652
4117	9653
6501	9654
47	9655
5089	9656
268	9657
1129	9658
1021	9659
2312	9660
827	9661
4880	9662
2017	9663
6580	9664
5227	9665
7845	9666
2260	9667
981	9668
7732	9669
4049	9670
7673	9671
337	9672
1000	9673
6684	9674
6995	9675
8337	9676
4591	9677
4795	9678
1196	9679
905	9680
3289	9681
3362	9682
3578	9683
7454	9684
3918	9685
685	9686
60	9687
5593	9688
1734	9689
5233	9690
8462	9691
5129	9692
8085	9693
4949	9694
6756	9695
25	9696
7648	9697
51	9698
1154	9699
8542	9700
360	9701
1488	9702
7338	9703
8244	9704
1421	9705
3521	9706
2039	9707
3221	9708
6467	9709
2333	9710
4121	9711
670	9712
4116	9713
2919	9714
4212	9715
683	9716
3088	9717
5759	9718
7926	9719
6149	9720
322	9721
8481	9722
7280	9723
8972	9724
1311	9725
7782	9726
3063	9727
2476	9728
5027	9729
2504	9730
6982	9731
2410	9732
2006	9733
2278	9734
1916	9735
993	9736
522	9737
969	9738
7922	9739
1560	9740
2755	9741
4005	9742
8659	9743
887	9744
3903	9745
1899	9746
660	9747
62	9748
5673	9749
8533	9750
936	9751
994	9752
8745	9753
4766	9754
1492	9755
3058	9756
641	9757
6761	9758
480	9759
7058	9760
1733	9761
1913	9762
4964	9763
8769	9764
7208	9765
4659	9766
3846	9767
25	9768
544	9769
1328	9770
6966	9771
3054	9772
209	9773
8987	9774
1449	9775
2245	9776
1495	9777
7720	9778
1859	9779
1912	9780
600	9781
755	9782
8708	9783
7282	9784
8526	9785
636	9786
1579	9787
277	9788
5972	9789
1969	9790
1744	9791
7737	9792
194	9793
1251	9794
7999	9795
6435	9796
8957	9797
4157	9798
463	9799
455	9800
1193	9801
8281	9802
7654	9803
4669	9804
3551	9805
6043	9806
7466	9807
7765	9808
6227	9809
1344	9810
1361	9811
5400	9812
342	9813
7503	9814
2550	9815
5903	9816
5110	9817
1010	9818
7588	9819
1208	9820
5562	9821
7240	9822
3492	9823
301	9824
3431	9825
4193	9826
4011	9827
3487	9828
52	9829
1966	9830
8613	9831
1160	9832
364	9833
3958	9834
6252	9835
4316	9836
5418	9837
6725	9838
5544	9839
902	9840
2288	9841
21	9842
454	9843
4713	9844
4735	9845
5393	9846
3025	9847
6813	9848
5268	9849
2595	9850
6447	9851
2008	9852
1789	9853
5731	9854
4580	9855
2200	9856
730	9857
821	9858
8648	9859
82	9860
8241	9861
2841	9862
3939	9863
3480	9864
4013	9865
8860	9866
6493	9867
2092	9868
2875	9869
5922	9870
4437	9871
189	9872
6516	9873
7268	9874
2592	9875
5994	9876
1763	9877
7608	9878
473	9879
4170	9880
246	9881
2195	9882
4783	9883
6792	9884
501	9885
2469	9886
6058	9887
3352	9888
956	9889
894	9890
1204	9891
2350	9892
1158	9893
330	9894
1653	9895
545	9896
3388	9897
7829	9898
2788	9899
705	9900
7443	9901
6683	9902
7653	9903
1817	9904
7034	9905
6879	9906
3292	9907
3646	9908
4988	9909
3895	9910
2533	9911
2547	9912
5070	9913
4892	9914
7678	9915
8982	9916
5142	9917
8641	9918
3233	9919
2671	9920
7276	9921
7961	9922
7641	9923
5236	9924
1849	9925
51	9926
7188	9927
987	9928
7924	9929
6825	9930
8744	9931
3344	9932
6588	9933
2834	9934
2155	9935
387	9936
571	9937
9054	9938
3573	9939
2154	9940
1243	9941
7038	9942
8880	9943
2099	9944
633	9945
710	9946
7944	9947
3970	9948
3864	9949
6891	9950
7793	9951
6706	9952
7048	9953
3865	9954
332	9955
724	9956
4775	9957
3867	9958
6638	9959
4244	9960
7012	9961
1145	9962
2713	9963
4470	9964
1746	9965
320	9966
8466	9967
3853	9968
2583	9969
2219	9970
6105	9971
2804	9972
5436	9973
7319	9974
6567	9975
4741	9976
247	9977
8691	9978
6140	9979
626	9980
4022	9981
1381	9982
1937	9983
5493	9984
6913	9985
2986	9986
3577	9987
7436	9988
542	9989
7226	9990
7642	9991
5502	9992
4998	9993
8303	9994
1070	9995
2930	9996
2374	9997
7174	9998
7421	9999
1293	10000
