2011	1
5148	2
6623	3
1723	4
3769	5
2053	6
6216	7
702	8
554	9
8714	10
321	11
8452	12
5555	13
7083	14
5489	15
4950	16
1936	17
3853	18
439	19
79	20
7773	21
4719	22
5852	23
6748	24
6341	25
2899	26
7753	27
1573	28
1375	29
1242	30
9037	31
5142	32
5518	33
1186	34
4697	35
1469	36
6084	37
2125	38
2058	39
2581	40
7441	41
4607	42
2252	43
668	44
474	45
1845	46
1221	47
1030	48
3322	49
7728	50
7192	51
459	52
5229	53
5038	54
7065	55
577	56
661	57
2419	58
4964	59
7109	60
2738	61
930	62
3583	63
2778	64
9084	65
1616	66
8004	67
280	68
9069	69
4268	70
3	71
3492	72
6120	73
1396	74
851	75
1295	76
2924	77
463	78
6036	79
8114	80
3277	81
5781	82
8464	83
403	84
575	85
2420	86
2767	87
8788	88
3220	89
45	90
4212	91
5576	92
1926	93
103	94
674	95
3507	96
3671	97
478	98
6526	99
2228	100
4026	101
7178	102
596	103
6035	104
45	105
3478	106
709	107
5680	108
6029	109
1963	110
5584	111
6848	112
5476	113
2623	114
6369	115
2052	116
167	117
3527	118
6957	119
1945	120
7329	121
1969	122
2719	123
2074	124
124	125
7390	126
7323	127
7023	128
4292	129
5962	130
2081	131
7228	132
6942	133
1735	134
2851	135
8804	136
6509	137
2413	138
5017	139
3308	140
949	141
230	142
3787	143
7723	144
5120	145
3672	146
92	147
3467	148
5172	149
2056	150
3486	151
5264	152
8170	153
3882	154
8435	155
6424	156
1838	157
8737	158
68	159
816	160
1939	161
4082	162
8645	163
2940	164
9067	165
3884	166
7936	167
1979	168
1635	169
1192	170
1829	171
7808	172
4095	173
1201	174
4472	175
1634	176
234	177
2557	178
5030	179
6169	180
609	181
138	182
9124	183
3296	184
7403	185
321	186
7263	187
8761	188
1236	189
105	190
5272	191
252	192
4427	193
5300	194
7715	195
2129	196
2097	197
4524	198
8235	199
4521	200
1560	201
92	202
3837	203
4458	204
8600	205
6637	206
2702	207
124	208
8206	209
6668	210
1639	211
1110	212
5164	213
3228	214
16	215
3384	216
6497	217
626	218
6172	219
1786	220
9134	221
5417	222
5123	223
2746	224
2938	225
6256	226
7491	227
3291	228
8812	229
148	230
698	231
6396	232
1810	233
3004	234
588	235
2852	236
8697	237
6718	238
3169	239
6865	240
8348	241
2384	242
6743	243
479	244
168	245
1081	246
2039	247
9115	248
6160	249
5740	250
5943	251
6221	252
452	253
4252	254
459	255
4961	256
5802	257
8839	258
7837	259
6999	260
1223	261
7030	262
4646	263
6948	264
685	265
889	266
4073	267
6305	268
3	269
4794	270
5354	271
7698	272
1500	273
6066	274
59	275
947	276
7643	277
7376	278
3737	279
6191	280
3928	281
5800	282
613	283
526	284
5400	285
453	286
1699	287
4497	288
9042	289
7450	290
2600	291
7540	292
4659	293
5275	294
4371	295
6617	296
3181	297
1303	298
8521	299
1137	300
1654	301
6190	302
2805	303
7649	304
7266	305
9040	306
3713	307
31	308
7245	309
8660	310
3670	311
4165	312
6878	313
250	314
7978	315
6782	316
2729	317
2329	318
7170	319
384	320
3599	321
1003	322
2225	323
4072	324
5821	325
9165	326
297	327
3412	328
3704	329
1604	330
2239	331
4690	332
7027	333
363	334
7799	335
4645	336
6019	337
7110	338
3157	339
73	340
8652	341
3615	342
5828	343
4745	344
686	345
9160	346
7221	347
2254	348
6599	349
8277	350
8828	351
8410	352
22	353
239	354
1421	355
6553	356
6351	357
8315	358
2280	359
8484	360
8209	361
4192	362
4065	363
7657	364
8572	365
412	366
3963	367
8185	368
7803	369
7493	370
4669	371
178	372
922	373
1044	374
8690	375
8873	376
8443	377
1722	378
6918	379
5480	380
3523	381
3717	382
2352	383
7857	384
7893	385
2525	386
1672	387
3802	388
308	389
6588	390
6385	391
7787	392
5912	393
763	394
7560	395
7997	396
2436	397
719	398
2522	399
3679	400
5009	401
6154	402
429	403
3650	404
4229	405
6738	406
8325	407
4770	408
581	409
3516	410
7330	411
6409	412
3846	413
6529	414
8763	415
6513	416
8146	417
84	418
598	419
6228	420
8352	421
62	422
9070	423
4560	424
6442	425
3906	426
1487	427
4792	428
7213	429
325	430
184	431
8691	432
24	433
1269	434
3957	435
1556	436
5992	437
3979	438
1087	439
5819	440
3356	441
7582	442
190	443
3951	444
5363	445
1301	446
8979	447
7601	448
190	449
309	450
8370	451
576	452
544	453
4861	454
8850	455
2221	456
5293	457
2962	458
1959	459
4610	460
2530	461
169	462
3397	463
8510	464
6886	465
4104	466
4253	467
2511	468
6614	469
1129	470
7519	471
7090	472
4890	473
2158	474
797	475
4233	476
5707	477
8956	478
6536	479
1088	480
2627	481
128	482
7576	483
5429	484
3420	485
1243	486
7512	487
1857	488
8758	489
7134	490
7158	491
3395	492
3037	493
3561	494
7008	495
2035	496
633	497
3273	498
6530	499
7828	500
4837	501
2818	502
7217	503
3796	504
5330	505
6895	506
9167	507
1369	508
2988	509
632	510
296	511
4070	512
8514	513
6955	514
5565	515
1341	516
7123	517
4870	518
1645	519
1874	520
5428	521
6394	522
7844	523
4863	524
5644	525
3170	526
122	527
3100	528
8094	529
2411	530
2410	531
3834	532
1844	533
126	534
1443	535
9012	536
2090	537
5682	538
3092	539
3012	540
647	541
4151	542
5893	543
3694	544
5924	545
6859	546
3854	547
1854	548
7079	549
2438	550
6554	551
5935	552
8978	553
5939	554
4030	555
5743	556
7460	557
9116	558
5283	559
8029	560
6392	561
918	562
8226	563
4502	564
3099	565
1914	566
5047	567
5406	568
421	569
8099	570
3673	571
4088	572
1708	573
44	574
717	575
913	576
4378	577
3465	578
1858	579
1324	580
7736	581
8708	582
1193	583
6982	584
9135	585
527	586
850	587
2608	588
6023	589
2741	590
2489	591
8943	592
7879	593
4848	594
4156	595
6625	596
4760	597
4692	598
2463	599
6281	600
8040	601
2370	602
6807	603
5303	604
7034	605
3996	606
2453	607
2591	608
9171	609
8655	610
358	611
4663	612
2295	613
6045	614
2471	615
7606	616
58	617
7018	618
558	619
6018	620
945	621
328	622
1020	623
3966	624
7437	625
7874	626
71	627
1404	628
7514	629
3855	630
464	631
253	632
2983	633
5966	634
8733	635
2005	636
1961	637
3563	638
7731	639
8607	640
6730	641
7670	642
2626	643
6459	644
660	645
2752	646
8567	647
5207	648
865	649
942	650
99	651
4550	652
78	653
2464	654
7668	655
6395	656
5124	657
3363	658
8084	659
602	660
8316	661
2772	662
4060	663
5913	664
1559	665
4641	666
4223	667
3989	668
5974	669
6689	670
6464	671
253	672
72	673
2098	674
2121	675
1433	676
3306	677
1318	678
5265	679
8495	680
3720	681
149	682
7131	683
7846	684
8187	685
4859	686
3364	687
1758	688
7979	689
2347	690
3223	691
1563	692
583	693
6987	694
4992	695
5784	696
4549	697
4013	698
2214	699
6466	700
6984	701
4198	702
8156	703
4182	704
9018	705
2584	706
8984	707
911	708
1232	709
3889	710
7291	711
3411	712
1498	713
8753	714
21	715
5099	716
7327	717
3958	718
2749	719
1454	720
5395	721
1940	722
208	723
5328	724
1638	725
7121	726
3826	727
5543	728
1955	729
1067	730
496	731
3666	732
9149	733
2412	734
5233	735
5595	736
223	737
3984	738
9168	739
8568	740
6310	741
7398	742
8489	743
82	744
5195	745
5426	746
6600	747
540	748
555	749
8838	750
65	751
7677	752
1755	753
3382	754
3998	755
2048	756
8911	757
7006	758
2211	759
442	760
1656	761
6834	762
6098	763
3942	764
1917	765
7872	766
6182	767
7129	768
818	769
346	770
8196	771
401	772
3212	773
8503	774
8679	775
8945	776
2708	777
4897	778
1576	779
5107	780
2978	781
6607	782
3345	783
8417	784
6432	785
3711	786
8092	787
7120	788
3477	789
6405	790
2742	791
2185	792
5433	793
7598	794
2246	795
3977	796
4858	797
5791	798
4269	799
8265	800
6137	801
5111	802
7548	803
4976	804
1729	805
5575	806
6908	807
7199	808
4250	809
635	810
6635	811
4667	812
621	813
8334	814
8927	815
3430	816
495	817
5235	818
8675	819
2877	820
7973	821
4916	822
7950	823
112	824
9090	825
5572	826
2398	827
7742	828
3686	829
700	830
6769	831
3582	832
7305	833
7373	834
467	835
8250	836
4968	837
3278	838
4573	839
8272	840
5	841
714	842
1244	843
2439	844
582	845
357	846
6005	847
6022	848
4157	849
396	850
1899	851
3323	852
869	853
793	854
7569	855
3375	856
7328	857
3149	858
5920	859
3179	860
4049	861
3321	862
6596	863
8125	864
7903	865
2755	866
2229	867
1675	868
5080	869
69	870
1316	871
25	872
3	873
5167	874
2139	875
785	876
5177	877
6821	878
8827	879
185	880
7473	881
5593	882
4221	883
5096	884
6633	885
6863	886
2599	887
1592	888
3685	889
4500	890
9080	891
1837	892
3748	893
988	894
228	895
4730	896
2902	897
4124	898
1743	899
5310	900
1968	901
1807	902
4046	903
6968	904
9136	905
7126	906
6031	907
4670	908
8281	909
2958	910
8430	911
8095	912
489	913
6201	914
8807	915
4864	916
2911	917
1073	918
7068	919
7761	920
9076	921
7411	922
2825	923
8138	924
7889	925
3209	926
7623	927
7976	928
8939	929
5947	930
953	931
4588	932
1783	933
8644	934
1050	935
6662	936
5026	937
6075	938
3449	939
5312	940
6277	941
6688	942
7797	943
1096	944
8488	945
134	946
1778	947
9082	948
1894	949
5922	950
506	951
1432	952
3460	953
1856	954
473	955
3355	956
6283	957
4450	958
5498	959
5140	960
1823	961
5637	962
1489	963
5811	964
6771	965
2445	966
4682	967
8836	968
8050	969
634	970
504	971
5998	972
330	973
542	974
5384	975
3159	976
5870	977
8149	978
8663	979
1120	980
628	981
7132	982
2515	983
4983	984
401	985
7088	986
2076	987
4195	988
316	989
7961	990
3662	991
3388	992
3359	993
385	994
2973	995
520	996
28	997
8287	998
7417	999
4074	1000
7915	1001
8072	1002
3741	1003
4751	1004
7611	1005
7114	1006
5057	1007
4847	1008
7366	1009
5571	1010
4909	1011
5088	1012
2928	1013
4896	1014
404	1015
49	1016
1626	1017
1788	1018
4090	1019
649	1020
6872	1021
5739	1022
5106	1023
1759	1024
8069	1025
4967	1026
836	1027
4	1028
3129	1029
8101	1030
4359	1031
7280	1032
3956	1033
4838	1034
2469	1035
773	1036
3101	1037
222	1038
4980	1039
8706	1040
201	1041
80	1042
2467	1043
57	1044
4959	1045
145	1046
934	1047
713	1048
716	1049
5780	1050
6888	1051
425	1052
9064	1053
7886	1054
2466	1055
2644	1056
7036	1057
2297	1058
4558	1059
5028	1060
8840	1061
7166	1062
8010	1063
1587	1064
7161	1065
3362	1066
7568	1067
2949	1068
65	1069
3326	1070
4293	1071
1414	1072
2424	1073
8899	1074
3415	1075
1048	1076
7553	1077
54	1078
8541	1079
2336	1080
93	1081
344	1082
6139	1083
5976	1084
6052	1085
3244	1086
8571	1087
5699	1088
246	1089
3436	1090
5635	1091
440	1092
46	1093
8412	1094
8061	1095
131	1096
8621	1097
5297	1098
2565	1099
4585	1100
1900	1101
3658	1102
278	1103
2534	1104
3299	1105
4341	1106
924	1107
2079	1108
4265	1109
8043	1110
5236	1111
6145	1112
2162	1113
8436	1114
225	1115
4208	1116
1352	1117
7230	1118
5376	1119
961	1120
51	1121
8321	1122
7739	1123
8048	1124
5431	1125
2576	1126
3687	1127
3774	1128
8477	1129
904	1130
4834	1131
7235	1132
4419	1133
743	1134
6174	1135
4100	1136
6568	1137
4112	1138
1595	1139
8400	1140
4811	1141
9038	1142
3558	1143
7922	1144
3341	1145
1738	1146
2490	1147
4244	1148
5552	1149
7402	1150
8415	1151
1228	1152
6428	1153
2480	1154
578	1155
8446	1156
8721	1157
8253	1158
3476	1159
2773	1160
165	1161
873	1162
8167	1163
2998	1164
9078	1165
3886	1166
4854	1167
113	1168
7032	1169
652	1170
223	1171
8437	1172
3761	1173
6273	1174
2607	1175
8298	1176
4107	1177
6234	1178
4235	1179
6991	1180
4314	1181
2699	1182
6285	1183
4804	1184
567	1185
3961	1186
5789	1187
2722	1188
2820	1189
86	1190
7128	1191
7596	1192
5415	1193
6314	1194
185	1195
7169	1196
4337	1197
4664	1198
6290	1199
5606	1200
4185	1201
5137	1202
4514	1203
2585	1204
2572	1205
4935	1206
4723	1207
583	1208
5794	1209
5704	1210
3732	1211
503	1212
4402	1213
6541	1214
767	1215
9087	1216
5964	1217
6899	1218
619	1219
5896	1220
6540	1221
2652	1222
3104	1223
1603	1224
1684	1225
5876	1226
3036	1227
5454	1228
2041	1229
8730	1230
1166	1231
2072	1232
4055	1233
534	1234
5785	1235
4733	1236
41	1237
679	1238
2672	1239
2482	1240
4110	1241
351	1242
3760	1243
4	1244
2253	1245
9097	1246
2639	1247
6437	1248
3560	1249
1099	1250
6055	1251
5307	1252
6063	1253
3708	1254
7664	1255
13	1256
6106	1257
677	1258
6420	1259
4716	1260
4412	1261
8052	1262
158	1263
8889	1264
268	1265
5214	1266
4390	1267
3668	1268
2487	1269
8311	1270
8035	1271
6032	1272
3983	1273
333	1274
4278	1275
3759	1276
5926	1277
7414	1278
7625	1279
2350	1280
1285	1281
749	1282
3499	1283
2723	1284
2909	1285
8791	1286
9098	1287
8681	1288
7991	1289
7680	1290
6194	1291
648	1292
4076	1293
207	1294
8201	1295
8941	1296
4626	1297
587	1298
8414	1299
6573	1300
1893	1301
2375	1302
1430	1303
6552	1304
1956	1305
4850	1306
7547	1307
9139	1308
5900	1309
981	1310
331	1311
3429	1312
3765	1313
36	1314
176	1315
5146	1316
2663	1317
196	1318
2333	1319
6951	1320
735	1321
4525	1322
6661	1323
6297	1324
374	1325
2320	1326
2529	1327
2291	1328
8820	1329
6537	1330
7424	1331
637	1332
3239	1333
2008	1334
2754	1335
5899	1336
5522	1337
680	1338
665	1339
6874	1340
188	1341
7923	1342
4889	1343
8740	1344
5355	1345
1262	1346
8698	1347
8177	1348
236	1349
1885	1350
5258	1351
1239	1352
7718	1353
5591	1354
4085	1355
4294	1356
2756	1357
6006	1358
541	1359
4123	1360
3756	1361
4595	1362
738	1363
974	1364
8554	1365
9113	1366
2743	1367
7500	1368
646	1369
5125	1370
8259	1371
8769	1372
332	1373
1546	1374
1069	1375
2082	1376
367	1377
3630	1378
7238	1379
862	1380
2920	1381
4197	1382
312	1383
39	1384
4768	1385
1511	1386
806	1387
3392	1388
4515	1389
5071	1390
156	1391
5292	1392
8184	1393
1673	1394
5029	1395
5806	1396
2914	1397
334	1398
7750	1399
8696	1400
3640	1401
66	1402
1234	1403
3280	1404
8120	1405
4552	1406
8445	1407
9132	1408
2	1409
51	1410
2555	1411
7363	1412
2794	1413
6794	1414
2633	1415
262	1416
6099	1417
6841	1418
6	1419
5918	1420
273	1421
292	1422
1942	1423
592	1424
3045	1425
5980	1426
7334	1427
7026	1428
6421	1429
3607	1430
9007	1431
8598	1432
3895	1433
5866	1434
8327	1435
7391	1436
5311	1437
205	1438
7925	1439
6142	1440
4790	1441
8	1442
6302	1443
1794	1444
478	1445
36	1446
6679	1447
6140	1448
6572	1449
3608	1450
3664	1451
8585	1452
3943	1453
3343	1454
5835	1455
7371	1456
3061	1457
3431	1458
5650	1459
4061	1460
6844	1461
2549	1462
1913	1463
1614	1464
959	1465
81	1466
5654	1467
9159	1468
3572	1469
6930	1470
254	1471
7858	1472
2762	1473
541	1474
3312	1475
1927	1476
5797	1477
3066	1478
631	1479
7685	1480
282	1481
1698	1482
3949	1483
4346	1484
3542	1485
1947	1486
7440	1487
7205	1488
2562	1489
6805	1490
2979	1491
3410	1492
6397	1493
216	1494
1763	1495
7348	1496
3427	1497
2249	1498
2427	1499
1034	1500
3163	1501
1976	1502
6704	1503
1112	1504
2964	1505
6205	1506
5594	1507
6352	1508
5218	1509
699	1510
1528	1511
3333	1512
7704	1513
8291	1514
3784	1515
3378	1516
7333	1517
7717	1518
5715	1519
3696	1520
5202	1521
933	1522
593	1523
8912	1524
170	1525
5031	1526
101	1527
5675	1528
5652	1529
7862	1530
2774	1531
4648	1532
2955	1533
8102	1534
6647	1535
5408	1536
2408	1537
8785	1538
4709	1539
558	1540
209	1541
474	1542
893	1543
7699	1544
1163	1545
2417	1546
7663	1547
720	1548
3198	1549
3921	1550
1949	1551
9141	1552
1219	1553
1978	1554
5897	1555
6011	1556
6946	1557
4767	1558
6057	1559
8557	1560
44	1561
2931	1562
182	1563
5523	1564
8173	1565
6670	1566
40	1567
3258	1568
88	1569
269	1570
4618	1571
4147	1572
8829	1573
3289	1574
2824	1575
8434	1576
4568	1577
6329	1578
273	1579
5569	1580
8304	1581
210	1582
6732	1583
5868	1584
8784	1585
1283	1586
4050	1587
8163	1588
5457	1589
5886	1590
1046	1591
3132	1592
3189	1593
822	1594
5331	1595
7939	1596
6043	1597
8460	1598
8136	1599
6195	1600
1806	1601
994	1602
8841	1603
4720	1604
2619	1605
8874	1606
2123	1607
8128	1608
5989	1609
2570	1610
2312	1611
3755	1612
2342	1613
8664	1614
8143	1615
5465	1616
2634	1617
1993	1618
381	1619
1588	1620
1567	1621
8476	1622
199	1623
6744	1624
3414	1625
1957	1626
1523	1627
3011	1628
1287	1629
514	1630
536	1631
618	1632
3654	1633
52	1634
8368	1635
1850	1636
4486	1637
16	1638
8565	1639
897	1640
2606	1641
2975	1642
5263	1643
7543	1644
5419	1645
5119	1646
6879	1647
2159	1648
8830	1649
3319	1650
3067	1651
1798	1652
7701	1653
5232	1654
8442	1655
284	1656
3357	1657
410	1658
3044	1659
2876	1660
8731	1661
7224	1662
2057	1663
3496	1664
8480	1665
6933	1666
6033	1667
1693	1668
44	1669
637	1670
2631	1671
1849	1672
4951	1673
7274	1674
2709	1675
1711	1676
8471	1677
3365	1678
4435	1679
8054	1680
327	1681
457	1682
651	1683
7870	1684
5999	1685
5844	1686
2546	1687
110	1688
2893	1689
6224	1690
8586	1691
8017	1692
7276	1693
34	1694
3803	1695
7806	1696
1960	1697
4009	1698
5529	1699
3689	1700
2954	1701
4570	1702
530	1703
7482	1704
5051	1705
3081	1706
7616	1707
1621	1708
7066	1709
377	1710
3307	1711
666	1712
7980	1713
103	1714
8750	1715
4994	1716
7841	1717
4342	1718
5358	1719
8755	1720
2343	1721
3098	1722
6436	1723
6937	1724
1562	1725
8650	1726
1334	1727
612	1728
6004	1729
6932	1730
6360	1731
6598	1732
7135	1733
647	1734
7375	1735
7003	1736
1865	1737
9172	1738
8020	1739
615	1740
1950	1741
7902	1742
1671	1743
6773	1744
661	1745
3063	1746
4335	1747
1983	1748
6660	1749
4827	1750
4478	1751
7444	1752
2571	1753
7457	1754
2880	1755
8900	1756
8588	1757
2465	1758
2884	1759
8537	1760
4118	1761
9107	1762
6559	1763
4209	1764
6973	1765
8299	1766
8428	1767
9	1768
498	1769
3109	1770
7934	1771
8629	1772
8246	1773
8559	1774
7107	1775
8846	1776
98	1777
8371	1778
8528	1779
5121	1780
8486	1781
85	1782
7882	1783
1773	1784
1665	1785
6520	1786
3482	1787
8002	1788
1902	1789
6067	1790
906	1791
4721	1792
5975	1793
6144	1794
63	1795
162	1796
4532	1797
5745	1798
211	1799
441	1800
4132	1801
4810	1802
8056	1803
7972	1804
3025	1805
107	1806
1026	1807
8005	1808
532	1809
4948	1810
2992	1811
5197	1812
6938	1813
78	1814
6056	1815
1278	1816
1052	1817
4096	1818
2389	1819
6898	1820
6016	1821
6907	1822
5622	1823
674	1824
3331	1825
4509	1826
8474	1827
8183	1828
4728	1829
7558	1830
1486	1831
8288	1832
7321	1833
6244	1834
3174	1835
1879	1836
2044	1837
4179	1838
1389	1839
2501	1840
8350	1841
8628	1842
4839	1843
7722	1844
4868	1845
603	1846
2697	1847
8618	1848
6502	1849
8522	1850
8590	1851
5130	1852
1962	1853
7426	1854
3164	1855
8722	1856
1989	1857
525	1858
4576	1859
143	1860
6180	1861
2299	1862
3738	1863
8122	1864
1053	1865
6460	1866
991	1867
6223	1868
5223	1869
8106	1870
142	1871
4726	1872
7682	1873
79	1874
8966	1875
9085	1876
2567	1877
6403	1878
4934	1879
3048	1880
2019	1881
5570	1882
5045	1883
870	1884
3237	1885
2913	1886
3171	1887
8421	1888
240	1889
2261	1890
1508	1891
3504	1892
4305	1893
682	1894
8896	1895
8275	1896
4871	1897
7678	1898
1549	1899
1108	1900
38	1901
261	1902
1147	1903
6747	1904
2372	1905
8039	1906
9072	1907
4414	1908
6713	1909
5161	1910
4705	1911
6785	1912
6131	1913
5252	1914
1769	1915
155	1916
2001	1917
8049	1918
1834	1919
737	1920
2317	1921
6480	1922
6206	1923
1784	1924
5253	1925
7372	1926
2595	1927
410	1928
6071	1929
5734	1930
3062	1931
5095	1932
7614	1933
4431	1934
1140	1935
3030	1936
703	1937
5434	1938
2142	1939
8176	1940
5864	1941
6847	1942
2610	1943
1009	1944
8258	1945
9081	1946
3648	1947
2827	1948
57	1949
8346	1950
2873	1951
1386	1952
6319	1953
4510	1954
1425	1955
86	1956
2155	1957
3916	1958
3224	1959
5126	1960
1198	1961
8778	1962
3366	1963
3657	1964
650	1965
2547	1966
5919	1967
458	1968
8641	1969
3899	1970
4466	1971
7481	1972
5282	1973
5014	1974
591	1975
5756	1976
1618	1977
5194	1978
168	1979
3130	1980
8007	1981
1724	1982
1304	1983
4469	1984
7688	1985
5203	1986
4693	1987
3829	1988
4933	1989
6076	1990
4700	1991
2311	1992
3973	1993
113	1994
3398	1995
4121	1996
6628	1997
1819	1998
5485	1999
6265	2000
4925	2001
1981	2002
2173	2003
2819	2004
8070	2005
1056	2006
6576	2007
2624	2008
3150	2009
8059	2010
6446	2011
2704	2012
1907	2013
8582	2014
5744	2015
7829	2016
5379	2017
39	2018
1877	2019
7626	2020
5916	2021
6083	2022
4679	2023
8198	2024
263	2025
8357	2026
2861	2027
1259	2028
8391	2029
7507	2030
8808	2031
4802	2032
5192	2033
544	2034
1374	2035
2200	2036
1480	2037
3060	2038
8947	2039
2657	2040
2929	2041
5724	2042
4034	2043
4673	2044
5348	2045
1298	2046
320	2047
3105	2048
3801	2049
7819	2050
8494	2051
6710	2052
5447	2053
8190	2054
7051	2055
8677	2056
827	2057
6634	2058
353	2059
458	2060
6441	2061
6484	2062
8229	2063
756	2064
7943	2065
640	2066
7355	2067
2250	2068
4187	2069
7416	2070
4789	2071
8168	2072
2448	2073
2744	2074
858	2075
3578	2076
3612	2077
8713	2078
585	2079
2402	2080
250	2081
5281	2082
3196	2083
8573	2084
4152	2085
9027	2086
2238	2087
8878	2088
4555	2089
5691	2090
8507	2091
8953	2092
621	2093
2304	2094
5089	2095
9094	2096
3885	2097
6975	2098
39	2099
2926	2100
7573	2101
9026	2102
6253	2103
4587	2104
2990	2105
3218	2106
5097	2107
1337	2108
7986	2109
4823	2110
6666	2111
4703	2112
1677	2113
5669	2114
6209	2115
5340	2116
1122	2117
8016	2118
70	2119
216	2120
240	2121
1168	2122
1700	2123
2939	2124
6822	2125
1177	2126
8282	2127
2957	2128
6762	2129
548	2130
7757	2131
7964	2132
8333	2133
2266	2134
4054	2135
102	2136
490	2137
7679	2138
8957	2139
6482	2140
2096	2141
4242	2142
4710	2143
1884	2144
8991	2145
8954	2146
2636	2147
632	2148
7600	2149
5189	2150
3161	2151
7438	2152
453	2153
3153	2154
7632	2155
731	2156
6275	2157
4655	2158
7053	2159
3502	2160
8203	2161
3126	2162
7209	2163
2110	2164
569	2165
7607	2166
7758	2167
4258	2168
4237	2169
8880	2170
1643	2171
9065	2172
5210	2173
8903	2174
3944	2175
1910	2176
265	2177
6976	2178
2906	2179
2787	2180
5589	2181
4681	2182
8285	2183
5676	2184
4840	2185
3867	2186
1662	2187
6014	2188
6044	2189
601	2190
4606	2191
2803	2192
2551	2193
1179	2194
8630	2195
339	2196
4776	2197
7201	2198
151	2199
1372	2200
212	2201
2101	2202
5418	2203
4084	2204
727	2205
8798	2206
8401	2207
1346	2208
426	2209
8770	2210
4098	2211
875	2212
4452	2213
4006	2214
866	2215
4388	2216
4498	2217
5091	2218
2528	2219
811	2220
3272	2221
162	2222
6074	2223
2437	2224
4406	2225
3922	2226
4479	2227
46	2228
8361	2229
4033	2230
3373	2231
801	2232
6960	2233
69	2234
917	2235
4535	2236
3262	2237
7349	2238
1035	2239
1646	2240
8497	2241
5509	2242
8772	2243
856	2244
7994	2245
1921	2246
8611	2247
6590	2248
5133	2249
2	2250
119	2251
5180	2252
6481	2253
6449	2254
6504	2255
6674	2256
3466	2257
5514	2258
8530	2259
3939	2260
6167	2261
3824	2262
4545	2263
4442	2264
3461	2265
550	2266
1270	2267
6692	2268
5836	2269
3610	2270
5822	2271
4530	2272
1376	2273
7987	2274
2875	2275
1766	2276
1349	2277
2359	2278
5086	2279
3511	2280
4217	2281
7756	2282
7503	2283
6427	2284
890	2285
2822	2286
803	2287
244	2288
4631	2289
5116	2290
3744	2291
140	2292
1261	2293
4729	2294
709	2295
681	2296
5105	2297
4440	2298
3473	2299
70	2300
1065	2301
704	2302
7967	2303
4338	2304
7826	2305
8104	2306
3703	2307
3850	2308
2245	2309
678	2310
2930	2311
481	2312
343	2313
4319	2314
5994	2315
2890	2316
7796	2317
1813	2318
1538	2319
643	2320
7642	2321
1021	2322
5557	2323
6522	2324
1666	2325
4171	2326
5035	2327
6698	2328
9169	2329
2601	2330
5251	2331
8038	2332
640	2333
3627	2334
2789	2335
2348	2336
208	2337
6920	2338
9020	2339
556	2340
300	2341
2016	2342
2715	2343
423	2344
7618	2345
3779	2346
7859	2347
7044	2348
6027	2349
5563	2350
3152	2351
5075	2352
9133	2353
7662	2354
6525	2355
8877	2356
7014	2357
2115	2358
3205	2359
3828	2360
3535	2361
6993	2362
2063	2363
1581	2364
2645	2365
5748	2366
3046	2367
3706	2368
3915	2369
397	2370
636	2371
5561	2372
4829	2373
6877	2374
7743	2375
4586	2376
9041	2377
6095	2378
5349	2379
2734	2380
2166	2381
257	2382
4032	2383
6378	2384
2268	2385
443	2386
5531	2387
1272	2388
7335	2389
1062	2390
8269	2391
698	2392
6402	2393
2517	2394
7074	2395
7735	2396
1558	2397
6179	2398
3210	2399
4788	2400
2030	2401
5254	2402
1047	2403
4820	2404
6308	2405
2232	2406
6644	2407
979	2408
2390	2409
2707	2410
5638	2411
460	2412
4856	2413
2191	2414
2594	2415
3206	2416
680	2417
5353	2418
8139	2419
6858	2420
4261	2421
5615	2422
3285	2423
7011	2424
4572	2425
135	2426
4793	2427
3602	2428
1275	2429
2574	2430
4748	2431
622	2432
8310	2433
4302	2434
3328	2435
7520	2436
1429	2437
6156	2438
1888	2439
2360	2440
1237	2441
8548	2442
361	2443
8243	2444
3338	2445
574	2446
4990	2447
4807	2448
457	2449
5356	2450
3799	2451
8047	2452
3876	2453
6663	2454
1216	2455
3281	2456
6557	2457
7669	2458
3253	2459
4891	2460
1214	2461
1851	2462
2646	2463
3304	2464
5515	2465
1655	2466
824	2467
742	2468
505	2469
935	2470
2859	2471
533	2472
1741	2473
393	2474
27	2475
9121	2476
7624	2477
692	2478
7033	2479
6646	2480
3201	2481
7104	2482
8570	2483
361	2484
8230	2485
3348	2486
2781	2487
2506	2488
8314	2489
379	2490
3835	2491
21	2492
4617	2493
1	2494
563	2495
3071	2496
2415	2497
6746	2498
89	2499
3814	2500
6082	2501
6516	2502
7724	2503
1082	2504
7565	2505
5911	2506
8003	2507
6323	2508
4592	2509
1828	2510
5364	2511
4800	2512
3641	2513
3029	2514
7490	2515
3131	2516
4873	2517
6648	2518
948	2519
1541	2520
3773	2521
6347	2522
3521	2523
1612	2524
8658	2525
3428	2526
5479	2527
4092	2528
7339	2529
723	2530
1411	2531
286	2532
364	2533
4758	2534
6009	2535
2776	2536
614	2537
3815	2538
5626	2539
2366	2540
5685	2541
8921	2542
7346	2543
5788	2544
2428	2545
1470	2546
4632	2547
6597	2548
5114	2549
2148	2550
4653	2551
5187	2552
8006	2553
441	2554
860	2555
4543	2556
3929	2557
2178	2558
6165	2559
6462	2560
7308	2561
2038	2562
7019	2563
1606	2564
1095	2565
1550	2566
3166	2567
657	2568
3408	2569
7111	2570
2188	2571
368	2572
954	2573
950	2574
6954	2575
179	2576
6143	2577
2421	2578
8062	2579
3002	2580
4126	2581
2493	2582
5832	2583
3785	2584
2799	2585
7755	2586
4328	2587
5040	2588
8112	2589
6866	2590
6380	2591
560	2592
4178	2593
7929	2594
72	2595
7380	2596
7350	2597
1305	2598
416	2599
5318	2600
3380	2601
2006	2602
94	2603
9031	2604
5204	2605
5059	2606
5141	2607
2315	2608
8337	2609
5512	2610
7754	2611
1194	2612
7633	2613
5596	2614
3039	2615
3633	2616
125	2617
5015	2618
4833	2619
5942	2620
2696	2621
7713	2622
4404	2623
4401	2624
8215	2625
6263	2626
6501	2627
4503	2628
614	2629
513	2630
3513	2631
133	2632
7252	2633
8972	2634
3298	2635
466	2636
4853	2637
7959	2638
449	2639
2461	2640
8171	2641
8595	2642
4357	2643
529	2644
703	2645
4819	2646
6307	2647
2985	2648
5423	2649
1102	2650
754	2651
376	2652
4918	2653
3214	2654
5226	2655
8860	2656
7695	2657
8810	2658
2309	2659
3937	2660
7727	2661
6162	2662
7775	2663
5673	2664
7216	2665
8492	2666
3841	2667
3358	2668
6187	2669
821	2670
33	2671
4688	2672
9058	2673
5809	2674
3446	2675
6021	2676
5803	2677
2107	2678
1078	2679
625	2680
1690	2681
8307	2682
7152	2683
7933	2684
6952	2685
4312	2686
4898	2687
7091	2688
578	2689
5006	2690
3086	2691
4149	2692
1135	2693
470	2694
3374	2695
4168	2696
1344	2697
3734	2698
139	2699
7494	2700
9106	2701
5143	2702
8089	2703
4323	2704
9126	2705
8470	2706
1633	2707
8700	2708
7660	2709
6317	2710
2234	2711
315	2712
5411	2713
4330	2714
7675	2715
3112	2716
5046	2717
8110	2718
4597	2719
8975	2720
662	2721
7571	2722
1126	2723
6574	2724
5455	2725
5907	2726
161	2727
8504	2728
318	2729
1742	2730
1680	2731
6002	2732
3216	2733
7186	2734
3354	2735
3055	2736
448	2737
5486	2738
391	2739
6558	2740
7842	2741
6192	2742
2476	2743
3816	2744
1578	2745
5475	2746
4138	2747
6161	2748
3056	2749
1371	2750
8837	2751
147	2752
2956	2753
4228	2754
534	2755
4739	2756
604	2757
5710	2758
2810	2759
501	2760
4041	2761
2265	2762
8625	2763
3684	2764
2564	2765
423	2766
4914	2767
7338	2768
4749	2769
8973	2770
476	2771
5103	2772
2872	2773
5372	2774
1790	2775
2611	2776
468	2777
1534	2778
8132	2779
5678	2780
3978	2781
4326	2782
7155	2783
15	2784
4392	2785
5536	2786
7268	2787
392	2788
464	2789
8317	2790
4845	2791
5397	2792
7651	2793
5446	2794
6344	2795
8516	2796
347	2797
1347	2798
4656	2799
191	2800
6868	2801
427	2802
624	2803
1695	2804
4620	2805
4511	2806
164	2807
1037	2808
8689	2809
4582	2810
4702	2811
1674	2812
533	2813
8157	2814
1282	2815
2262	2816
308	2817
5241	2818
9009	2819
5184	2820
8118	2821
1255	2822
1157	2823
3512	2824
2544	2825
6658	2826
740	2827
555	2828
8506	2829
7763	2830
5458	2831
6383	2832
6548	2833
4826	2834
5145	2835
571	2836
2588	2837
6401	2838
7484	2839
4270	2840
8767	2841
7966	2842
49	2843
6971	2844
7222	2845
6413	2846
8739	2847
4164	2848
4979	2849
7302	2850
7877	2851
141	2852
9011	2853
1730	2854
9083	2855
7073	2856
4000	2857
3695	2858
899	2859
2728	2860
6690	2861
708	2862
1127	2863
246	2864
7225	2865
3611	2866
4731	2867
6757	2868
8508	2869
2451	2870
166	2871
669	2872
8610	2873
814	2874
1812	2875
4441	2876
3900	2877
7671	2878
1359	2879
2292	2880
6250	2881
2602	2882
755	2883
2679	2884
1435	2885
5950	2886
6359	2887
3519	2888
6443	2889
100	2890
896	2891
2406	2892
6338	2893
5332	2894
559	2895
5952	2896
5412	2897
2210	2898
4809	2899
5280	2900
5776	2901
4963	2902
6147	2903
4818	2904
345	2905
9006	2906
2203	2907
5949	2908
5850	2909
6923	2910
4189	2911
6603	2912
7883	2913
7802	2914
6200	2915
6325	2916
6327	2917
8922	2918
1150	2919
2694	2920
3095	2921
8913	2922
1444	2923
1736	2924
7645	2925
1748	2926
5066	2927
4311	2928
2862	2929
6448	2930
8566	2931
289	2932
3770	2933
3819	2934
7604	2935
3240	2936
1569	2937
6511	2938
3965	2939
8583	2940
1111	2941
8294	2942
87	2943
710	2944
6451	2945
1327	2946
4214	2947
5696	2948
1083	2949
825	2950
2545	2951
1795	2952
5751	2953
4744	2954
6422	2955
3142	2956
641	2957
790	2958
2175	2959
7474	2960
8872	2961
1416	2962
838	2963
5519	2964
8760	2965
1080	2966
649	2967
8762	2968
1075	2969
405	2970
5427	2971
900	2972
6815	2973
3522	2974
5767	2975
5731	2976
7602	2977
1442	2978
243	2979
1943	2980
8781	2981
671	2982
4344	2983
8192	2984
1530	2985
579	2986
669	2987
3992	2988
9118	2989
5854	2990
3423	2991
8599	2992
8455	2993
131	2994
1881	2995
517	2996
14	2997
7468	2998
3557	2999
5245	3000
1011	3001
3749	3002
7504	3003
6122	3004
3509	3005
7871	3006
2423	3007
3913	3008
62	3009
2690	3010
8865	3011
8152	3012
1848	3013
2676	3014
8456	3015
4232	3016
4231	3017
5927	3018
2678	3019
5813	3020
5424	3021
8078	3022
3148	3023
8015	3024
5393	3025
5391	3026
5946	3027
2997	3028
5162	3029
3530	3030
4544	3031
656	3032
1883	3033
2207	3034
2763	3035
1263	3036
4468	3037
2826	3038
5688	3039
3624	3040
83	3041
3241	3042
404	3043
2399	3044
2942	3045
4665	3046
7469	3047
595	3048
1350	3049
9117	3050
2802	3051
2062	3052
3491	3053
6254	3054
8647	3055
7648	3056
5144	3057
5216	3058
3726	3059
3136	3060
552	3061
4464	3062
3831	3063
4332	3064
73	3065
8498	3066
4484	3067
336	3068
4772	3069
6989	3070
967	3071
1008	3072
4805	3073
8662	3074
7101	3075
6267	3076
6726	3077
3716	3078
817	3079
1132	3080
990	3081
431	3082
4389	3083
4307	3084
7149	3085
4828	3086
2838	3087
4101	3088
9114	3089
2840	3090
7071	3091
2161	3092
1623	3093
4488	3094
6196	3095
5044	3096
3786	3097
8008	3098
5603	3099
6129	3100
5337	3101
6512	3102
304	3103
8771	3104
1696	3105
89	3106
4639	3107
6101	3108
6810	3109
116	3110
7285	3111
815	3112
5556	3113
676	3114
4593	3115
4373	3116
2288	3117
430	3118
5291	3119
5838	3120
28	3121
349	3122
7176	3123
265	3124
4882	3125
313	3126
2031	3127
5587	3128
8986	3129
8238	3130
8863	3131
9110	3132
1652	3133
8695	3134
5730	3135
4499	3136
617	3137
7087	3138
3714	3139
5862	3140
3225	3141
7665	3142
6073	3143
470	3144
4219	3145
2614	3146
4616	3147
8857	3148
2750	3149
8493	3150
6316	3151
1125	3152
1689	3153
524	3154
7297	3155
643	3156
153	3157
3520	3158
5761	3159
3629	3160
433	3161
6697	3162
792	3163
2310	3164
3432	3165
1116	3166
3897	3167
4317	3168
5375	3169
2516	3170
3813	3171
1063	3172
2032	3173
3912	3174
3053	3175
4542	3176
5617	3177
3418	3178
395	3179
4796	3180
6257	3181
4448	3182
2687	3183
901	3184
20	3185
287	3186
6416	3187
1726	3188
2064	3189
1023	3190
5521	3191
1802	3192
1601	3193
639	3194
3553	3195
7130	3196
7029	3197
1060	3198
1197	3199
8397	3200
6825	3201
233	3202
1091	3203
6386	3204
3604	3205
2024	3206
6232	3207
8886	3208
7142	3209
939	3210
5694	3211
1397	3212
4409	3213
9030	3214
3406	3215
6412	3216
4741	3217
8562	3218
305	3219
3409	3220
3454	3221
4917	3222
2878	3223
5640	3224
1436	3225
189	3226
5718	3227
5677	3228
6669	3229
1973	3230
7064	3231
407	3232
5482	3233
2330	3234
390	3235
7007	3236
932	3237
4320	3238
4923	3239
8267	3240
8233	3241
5468	3242
136	3243
522	3244
5432	3245
8045	3246
7920	3247
5671	3248
5965	3249
2692	3250
6924	3251
7207	3252
1106	3253
6094	3254
4365	3255
476	3256
91	3257
424	3258
9148	3259
53	3260
305	3261
389	3262
494	3263
3757	3264
403	3265
6887	3266
8483	3267
7047	3268
2071	3269
5371	3270
8449	3271
6251	3272
2442	3273
4523	3274
3337	3275
4432	3276
5527	3277
371	3278
5	3279
5979	3280
591	3281
1162	3282
166	3283
926	3284
1006	3285
8262	3286
608	3287
4970	3288
2879	3289
7159	3290
8195	3291
6473	3292
4501	3293
3839	3294
5449	3295
5166	3296
9150	3297
4473	3298
1420	3299
456	3300
1445	3301
6093	3302
1461	3303
6332	3304
456	3305
331	3306
8466	3307
472	3308
937	3309
4836	3310
4657	3311
3352	3312
4490	3313
8301	3314
6881	3315
3076	3316
5257	3317
6790	3318
2149	3319
3872	3320
224	3321
7260	3322
8300	3323
7283	3324
1727	3325
6514	3326
6150	3327
5471	3328
288	3329
7749	3330
3792	3331
172	3332
4372	3333
7499	3334
8792	3335
4416	3336
3822	3337
4191	3338
2903	3339
4004	3340
3887	3341
7812	3342
892	3343
2968	3344
7550	3345
468	3346
874	3347
4109	3348
8639	3349
6720	3350
6577	3351
6390	3352
4108	3353
8379	3354
6639	3355
1860	3356
3110	3357
1229	3358
4551	3359
6716	3360
5548	3361
557	3362
9033	3363
3407	3364
6650	3365
4487	3366
5068	3367
5401	3368
1561	3369
3910	3370
4817	3371
2260	3372
1483	3373
5888	3374
3644	3375
3495	3376
8360	3377
6202	3378
1547	3379
3422	3380
736	3381
8790	3382
307	3383
8374	3384
7198	3385
1676	3386
7770	3387
7620	3388
4493	3389
2735	3390
119	3391
2632	3392
1402	3393
1716	3394
4434	3395
4677	3396
6121	3397
8703	3398
1477	3399
3377	3400
2043	3401
4241	3402
8620	3403
2901	3404
3111	3405
2327	3406
5277	3407
6048	3408
9055	3409
7382	3410
23	3411
2650	3412
5511	3413
1982	3414
1647	3415
8538	3416
4708	3417
8925	3418
7000	3419
7531	3420
5719	3421
6823	3422
665	3423
7485	3424
1348	3425
8540	3426
236	3427
710	3428
449	3429
2976	3430
7777	3431
786	3432
2023	3433
7845	3434
5407	3435
5497	3436
6629	3437
4040	3438
4932	3439
6845	3440
4548	3441
5663	3442
7875	3443
7203	3444
1000	3445
268	3446
4360	3447
4403	3448
3215	3449
1029	3450
787	3451
546	3452
4240	3453
5288	3454
3162	3455
1843	3456
5790	3457
8345	3458
1227	3459
346	3460
6527	3461
505	3462
1506	3463
8032	3464
2235	3465
7622	3466
7046	3467
2391	3468
7785	3469
8997	3470
4297	3471
1330	3472
58	3473
6258	3474
3869	3475
6017	3476
12	3477
4425	3478
1715	3479
3361	3480
4059	3481
283	3482
658	3483
1542	3484
2524	3485
6922	3486
65	3487
17	3488
3518	3489
6222	3490
5448	3491
5746	3492
587	3493
3539	3494
4260	3495
8375	3496
5953	3497
659	3498
5478	3499
6990	3500
497	3501
320	3502
2784	3503
1705	3504
6594	3505
7526	3506
2106	3507
1820	3508
8221	3509
7909	3510
4869	3511
7399	3512
4516	3513
7195	3514
8615	3515
1043	3516
560	3517
8302	3518
7478	3519
2885	3520
4912	3521
384	3522
84	3523
2910	3524
1903	3525
203	3526
5535	3527
499	3528
3514	3529
7834	3530
3494	3531
516	3532
204	3533
1861	3534
6988	3535
1521	3536
2661	3537
6591	3538
300	3539
1701	3540
4999	3541
1464	3542
303	3543
5996	3544
1853	3545
1217	3546
6524	3547
9016	3548
1805	3549
8914	3550
7636	3551
5861	3552
4936	3553
5983	3554
4944	3555
550	3556
2934	3557
8688	3558
6686	3559
47	3560
8165	3561
7637	3562
4599	3563
6211	3564
4831	3565
7843	3566
6037	3567
2430	3568
4985	3569
1516	3570
809	3571
613	3572
6980	3573
8646	3574
5260	3575
169	3576
646	3577
547	3578
2863	3579
133	3580
5585	3581
3238	3582
5988	3583
53	3584
6784	3585
7856	3586
2989	3587
6069	3588
1248	3589
618	3590
4694	3591
1932	3592
5259	3593
2816	3594
7052	3595
8158	3596
380	3597
1064	3598
7340	3599
1360	3600
112	3601
3173	3602
3702	3603
4313	3604
8453	3605
8248	3606
8970	3607
2137	3608
1288	3609
8119	3610
499	3611
132	3612
2345	3613
2328	3614
1871	3615
6760	3616
8268	3617
2042	3618
5319	3619
4281	3620
5758	3621
518	3622
6008	3623
944	3624
4491	3625
3860	3626
3873	3627
2401	3628
6985	3629
371	3630
7368	3631
144	3632
4075	3633
8933	3634
2323	3635
7686	3636
5118	3637
1627	3638
1751	3639
5147	3640
3589	3641
1335	3642
2499	3643
3236	3644
3901	3645
9003	3646
3305	3647
2937	3648
8385	3649
962	3650
9154	3651
1417	3652
5787	3653
5750	3654
6054	3655
3369	3656
7357	3657
6556	3658
6293	3659
7599	3660
563	3661
6350	3662
2845	3663
6388	3664
1789	3665
8030	3666
6231	3667
6425	3668
6249	3669
8813	3670
8330	3671
8186	3672
4775	3673
7771	3674
6279	3675
8448	3676
973	3677
7470	3678
1852	3679
1886	3680
1974	3681
5360	3682
5506	3683
6962	3684
963	3685
780	3686
7094	3687
3243	3688
6783	3689
8096	3690
4154	3691
6967	3692
9112	3693
7422	3694
3858	3695
6840	3696
8960	3697
353	3698
1719	3699
1212	3700
5679	3701
2894	3702
4919	3703
1307	3704
8270	3705
7138	3706
5152	3707
6015	3708
6786	3709
6856	3710
6546	3711
7140	3712
3051	3713
7946	3714
8141	3715
5212	3716
46	3717
314	3718
2972	3719
9	3720
590	3721
3006	3722
956	3723
120	3724
67	3725
7118	3726
4382	3727
8543	3728
4367	3729
3314	3730
8237	3731
3221	3732
8746	3733
7676	3734
1028	3735
1240	3736
7354	3737
1481	3738
4300	3739
2807	3740
8601	3741
269	3742
545	3743
5607	3744
258	3745
3905	3746
4707	3747
7215	3748
1300	3749
7219	3750
5672	3751
6725	3752
2900	3753
7061	3754
8117	3755
1704	3756
2592	3757
8604	3758
420	3759
6266	3760
2015	3761
510	3762
4045	3763
5470	3764
7989	3765
7384	3766
3316	3767
8322	3768
6902	3769
7798	3770
1351	3771
7732	3772
2505	3773
2561	3774
701	3775
3456	3776
2811	3777
8732	3778
891	3779
5564	3780
7958	3781
6875	3782
2801	3783
8181	3784
3541	3785
519	3786
8949	3787
6836	3788
8467	3789
2000	3790
97	3791
1342	3792
8845	3793
3165	3794
1379	3795
4905	3796
2362	3797
6458	3798
5945	3799
5108	3800
3613	3801
6676	3802
7869	3803
4718	3804
8523	3805
494	3806
6808	3807
1619	3808
8656	3809
140	3810
5944	3811
7341	3812
7752	3813
9164	3814
3453	3815
3947	3816
2318	3817
6114	3818
5990	3819
8217	3820
2780	3821
6921	3822
1130	3823
747	3824
73	3825
7696	3826
418	3827
6155	3828
314	3829
4922	3830
8665	3831
9	3832
189	3833
7096	3834
6583	3835
4752	3836
6724	3837
4507	3838
418	3839
7522	3840
972	3841
965	3842
2095	3843
4288	3844
4066	3845
378	3846
7927	3847
4111	3848
2966	3849
1796	3850
2912	3851
7766	3852
8091	3853
2432	3854
4835	3855
4024	3856
4273	3857
150	3858
3936	3859
61	3860
150	3861
1873	3862
2725	3863
6900	3864
8777	3865
5262	3866
5648	3867
2322	3868
8213	3869
3234	3870
2683	3871
4222	3872
6883	3873
6929	3874
8057	3875
2100	3876
3811	3877
3987	3878
4433	3879
485	3880
5765	3881
3043	3882
1597	3883
5609	3884
2273	3885
3594	3886
8079	3887
2192	3888
1650	3889
3381	3890
3247	3891
1311	3892
6876	3893
4053	3894
1590	3895
2382	3896
3540	3897
2353	3898
352	3899
398	3900
4569	3901
365	3902
3883	3903
4381	3904
6245	3905
8624	3906
1055	3907
2543	3908
3269	3909
4028	3910
5115	3911
6972	3912
4496	3913
788	3914
750	3915
7369	3916
8399	3917
8065	3918
1774	3919
4120	3920
1039	3921
3725	3922
7092	3923
451	3924
4591	3925
1115	3926
8395	3927
7574	3928
8964	3929
1648	3930
7202	3931
3367	3932
3123	3933
536	3934
1258	3935
1709	3936
6811	3937
8223	3938
7533	3939
5377	3940
4105	3941
3199	3942
4455	3943
8318	3944
1032	3945
5646	3946
7177	3947
1468	3948
6832	3949
1279	3950
2783	3951
2204	3952
2923	3953
7234	3954
1980	3955
7279	3956
2452	3957
417	3958
7167	3959
1630	3960
2898	3961
6849	3962
8724	3963
4399	3964
8137	3965
338	3966
6884	3967
2068	3968
8848	3969
8292	3970
7726	3971
8207	3972
5598	3973
4779	3974
3016	3975
2512	3976
5082	3977
2622	3978
3969	3979
8271	3980
6423	3981
3825	3982
5278	3983
8965	3984
25	3985
3646	3986
8386	3987
3587	3988
8765	3989
6188	3990
983	3991
4445	3992
3472	3993
89	3994
1552	3995
3444	3996
6781	3997
461	3998
8247	3999
4539	4000
158	4001
8527	4002
6219	4003
6096	4004
5840	4005
8669	4006
4866	4007
8801	4008
2361	4009
2788	4010
8797	4011
402	4012
644	4013
2213	4014
2793	4015
2919	4016
2943	4017
6181	4018
6024	4019
8513	4020
535	4021
8938	4022
6189	4023
622	4024
7015	4025
6324	4026
3226	4027
5932	4028
7157	4029
5894	4030
329	4031
5860	4032
2224	4033
5978	4034
2279	4035
5502	4036
5077	4037
7523	4038
2379	4039
4094	4040
3710	4041
8500	4042
6467	4043
1395	4044
5209	4045
8402	4046
537	4047
267	4048
7093	4049
360	4050
7017	4051
3903	4052
6391	4053
8891	4054
1165	4055
5641	4056
2276	4057
3033	4058
4553	4059
8988	4060
7721	4061
26	4062
6613	4063
6133	4064
3127	4065
551	4066
7525	4067
318	4068
23	4069
4892	4070
3701	4071
1315	4072
9010	4073
3874	4074
7610	4075
714	4076
6132	4077
2455	4078
148	4079
5546	4080
2907	4081
7810	4082
4527	4083
1862	4084
759	4085
2307	4086
3353	4087
6589	4088
1355	4089
2887	4090
428	4091
3960	4092
5268	4093
1599	4094
6331	4095
1094	4096
8743	4097
1866	4098
242	4099
5577	4100
1291	4101
355	4102
1002	4103
8734	4104
3	4105
12	4106
1641	4107
257	4108
276	4109
3266	4110
1909	4111
4078	4112
2218	4113
3552	4114
3158	4115
2180	4116
1338	4117
8	4118
5381	4119
200	4120
2680	4121
7913	4122
74	4123
8786	4124
7243	4125
1387	4126
2248	4127
8859	4128
2775	4129
238	4130
9153	4131
2491	4132
1889	4133
5158	4134
539	4135
4526	4136
7659	4137
167	4138
7172	4139
6687	4140
6806	4141
2871	4142
4349	4143
6693	4144
19	4145
228	4146
3845	4147
2247	4148
2850	4149
7711	4150
2971	4151
8204	4152
3524	4153
783	4154
396	4155
6270	4156
6262	4157
800	4158
6508	4159
413	4160
6517	4161
3487	4162
3387	4163
7	4164
1757	4165
3376	4166
8001	4167
6411	4168
7847	4169
2176	4170
445	4171
605	4172
855	4173
4351	4174
9123	4175
4289	4176
7324	4177
728	4178
6843	4179
1169	4180
8779	4181
7054	4182
442	4183
6295	4184
4965	4185
405	4186
19	4187
5181	4188
77	4189
1720	4190
1580	4191
4380	4192
5466	4193
805	4194
9152	4195
4021	4196
884	4197
7232	4198
914	4199
4183	4200
6766	4201
4661	4202
6175	4203
249	4204
8166	4205
8796	4206
645	4207
5049	4208
402	4209
6816	4210
2548	4211
7684	4212
4306	4213
160	4214
3182	4215
4193	4216
812	4217
7981	4218
5574	4219
4668	4220
7918	4221
7204	4222
163	4223
5416	4224
229	4225
5957	4226
8086	4227
7435	4228
912	4229
5270	4230
4939	4231
5961	4232
7472	4233
87	4234
2994	4235
3985	4236
1070	4237
123	4238
8982	4239
1296	4240
2815	4241
992	4242
6193	4243
8041	4244
4816	4245
1339	4246
1992	4247
6079	4248
7272	4249
7206	4250
3577	4251
342	4252
1336	4253
1958	4254
7367	4255
8693	4256
5487	4257
700	4258
7004	4259
584	4260
317	4261
1475	4262
3433	4263
352	4264
1467	4265
383	4266
1354	4267
3691	4268
2383	4269
7453	4270
8424	4271
2002	4272
7516	4273
1271	4274
102	4275
4354	4276
260	4277
33	4278
2306	4279
350	4280
17	4281
6910	4282
4413	4283
6217	4284
409	4285
1224	4286
5547	4287
7400	4288
2378	4289
4180	4290
83	4291
284	4292
859	4293
2648	4294
271	4295
834	4296
1515	4297
350	4298
2711	4299
8144	4300
722	4301
1158	4302
1317	4303
3918	4304
37	4305
370	4306
8989	4307
3952	4308
3674	4309
380	4310
360	4311
2502	4312
3678	4313
511	4314
6185	4315
2963	4316
7895	4317
95	4318
7277	4319
4991	4320
6311	4321
3195	4322
8164	4323
4449	4324
6102	4325
5320	4326
6091	4327
147	4328
3146	4329
6294	4330
5169	4331
5937	4332
3350	4333
9170	4334
1683	4335
4155	4336
5304	4337
6240	4338
447	4339
1642	4340
6640	4341
7405	4342
3908	4343
3295	4344
5150	4345
3838	4346
2670	4347
8969	4348
4286	4349
770	4350
2566	4351
1117	4352
8439	4353
6997	4354
4091	4355
8594	4356
3259	4357
633	4358
2821	4359
6945	4360
1767	4361
5948	4362
8469	4363
3573	4364
3014	4365
1954	4366
572	4367
5668	4368
8295	4369
4674	4370
6236	4371
2800	4372
274	4373
7880	4374
2051	4375
5753	4376
7608	4377
2974	4378
655	4379
241	4380
4027	4381
4275	4382
771	4383
791	4384
3766	4385
60	4386
5104	4387
1394	4388
5653	4389
5923	4390
7022	4391
7244	4392
5955	4393
8942	4394
639	4395
4350	4396
7968	4397
887	4398
3458	4399
7988	4400
6564	4401
7385	4402
6664	4403
3809	4404
3401	4405
9131	4406
9128	4407
3925	4408
8335	4409
3115	4410
8774	4411
2759	4412
1721	4413
6248	4414
2117	4415
2896	4416
8895	4417
8280	4418
4299	4419
6535	4420
1545	4421
2848	4422
1356	4423
1737	4424
7271	4425
5906	4426
9028	4427
3069	4428
1017	4429
2984	4430
2190	4431
8883	4432
8219	4433
7428	4434
2344	4435
43	4436
8856	4437
432	4438
5883	4439
3771	4440
607	4441
6711	4442
8296	4443
5185	4444
27	4445
4140	4446
6259	4447
7822	4448
7168	4449
3797	4450
5655	4451
4754	4452
204	4453
143	4454
5410	4455
116	4456
4042	4457
4712	4458
2165	4459
4114	4460
1331	4461
8649	4462
2061	4463
4051	4464
285	4465
6854	4466
1410	4467
3072	4468
3242	4469
6864	4470
5032	4471
5619	4472
5725	4473
8524	4474
7564	4475
1319	4476
7021	4477
3580	4478
283	4479
2078	4480
3413	4481
22	4482
3692	4483
8622	4484
51	4485
919	4486
8789	4487
5567	4488
15	4489
3475	4490
7427	4491
68	4492
3675	4493
5508	4494
8720	4495
399	4496
1864	4497
1826	4498
5613	4499
6268	4500
1522	4501
4771	4502
4512	4503
2059	4504
6399	4505
1657	4506
2388	4507
2409	4508
2049	4509
2003	4510
5287	4511
8884	4512
9157	4513
5113	4514
1251	4515
772	4516
599	4517
2154	4518
3812	4519
411	4520
6118	4521
335	4522
4580	4523
628	4524
7505	4525
5025	4526
1965	4527
1785	4528
3742	4529
8182	4530
2364	4531
4480	4532
5495	4533
7937	4534
8308	4535
2009	4536
5050	4537
3383	4538
9089	4539
372	4540
4277	4541
667	4542
5	4543
7542	4544
832	4545
5394	4546
5772	4547
2509	4548
5909	4549
2790	4550
9125	4551
7897	4552
4194	4553
3739	4554
7342	4555
5510	4556
5347	4557
5815	4558
1103	4559
562	4560
4023	4561
8998	4562
663	4563
4301	4564
2426	4565
2836	4566
2215	4567
315	4568
602	4569
7269	4570
7852	4571
4287	4572
7865	4573
6049	4574
2582	4575
3426	4576
3500	4577
4029	4578
6709	4579
192	4580
8990	4581
2108	4582
53	4583
6740	4584
3877	4585
2227	4586
4578	4587
8676	4588
32	4589
3843	4590
256	4591
5062	4592
8130	4593
6944	4594
247	4595
8725	4596
5902	4597
1185	4598
5474	4599
4012	4600
4368	4601
2664	4602
4200	4603
6736	4604
1869	4605
1548	4606
8917	4607
4518	4608
7250	4609
2761	4610
298	4611
30	4612
4564	4613
213	4614
8083	4615
5343	4616
3451	4617
3982	4618
7615	4619
277	4620
8261	4621
3311	4622
778	4623
2869	4624
3327	4625
6136	4626
7489	4627
1090	4628
25	4629
7212	4630
217	4631
7429	4632
952	4633
3548	4634
8609	4635
6269	4636
2055	4637
3193	4638
2533	4639
6178	4640
691	4641
3745	4642
684	4643
2397	4644
6575	4645
4556	4646
82	4647
400	4648
2014	4649
3574	4650
630	4651
5016	4652
3747	4653
7554	4654
1148	4655
1935	4656
3404	4657
293	4658
1905	4659
7145	4660
6146	4661
5056	4662
4952	4663
1403	4664
2418	4665
4565	4666
6563	4667
5176	4668
4428	4669
842	4670
8738	4671
7309	4672
3907	4673
1018	4674
2577	4675
4203	4676
1497	4677
4557	4678
985	4679
5074	4680
8735	4681
4369	4682
8766	4683
3351	4684
243	4685
9014	4686
5501	4687
5024	4688
5070	4689
4142	4690
234	4691
8429	4692
6468	4693
7764	4694
306	4695
2908	4696
11	4697
7960	4698
7866	4699
6214	4700
2655	4701
6246	4702
6210	4703
2459	4704
1760	4705
3709	4706
3197	4707
8776	4708
8815	4709
1109	4710
3085	4711
7575	4712
7150	4713
5368	4714
8501	4715
8499	4716
6309	4717
85	4718
8297	4719
3659	4720
5664	4721
3211	4722
6107	4723
6197	4724
7621	4725
5261	4726
4695	4727
7456	4728
9100	4729
6141	4730
5301	4731
982	4732
5986	4733
6970	4734
5782	4735
5222	4736
1624	4737
8902	4738
5087	4739
6287	4740
1572	4741
923	4742
1329	4743
8427	4744
2454	4745
2472	4746
1131	4747
6745	4748
3180	4749
835	4750
572	4751
6493	4752
1607	4753
3497	4754
864	4755
61	4756
1380	4757
8431	4758
6255	4759
4824	4760
3861	4761
3768	4762
4163	4763
7530	4764
8328	4765
1585	4766
368	4767
3317	4768
4025	4769
3980	4770
9120	4771
8216	4772
3493	4773
6885	4774
5205	4775
4130	4776
3904	4777
1658	4778
2495	4779
5621	4780
557	4781
1274	4782
8344	4783
4615	4784
6337	4785
8380	4786
517	4787
6752	4788
4722	4789
5072	4790
3064	4791
75	4792
379	4793
26	4794
3184	4795
4602	4796
6882	4797
2698	4798
2892	4799
1187	4800
7639	4801
5954	4802
2835	4803
122	4804
3419	4805
718	4806
4559	4807
7861	4808
5460	4809
566	4810
7741	4811
6675	4812
4888	4813
424	4814
4058	4815
3705	4816
2447	4817
8155	4818
5581	4819
4787	4820
7719	4821
4444	4822
4862	4823
8726	4824
9053	4825
4880	4826
6435	4827
7475	4828
5213	4829
1605	4830
5885	4831
713	4832
4489	4833
2834	4834
3603	4835
200	4836
1754	4837
6470	4838
2841	4839
3434	4840
567	4841
693	4842
37	4843
6177	4844
1220	4845
6655	4846
4236	4847
592	4848
6965	4849
2643	4850
1368	4851
2779	4852
1431	4853
3707	4854
3935	4855
8240	4856
4908	4857
68	4858
586	4859
2673	4860
7112	4861
2021	4862
1537	4863
2114	4864
235	4865
7942	4866
5632	4867
4742	4868
2084	4869
6891	4870
3106	4871
4887	4872
4671	4873
1510	4874
7788	4875
8242	4876
8013	4877
4393	4878
2504	4879
4327	4880
4457	4881
2642	4882
1113	4883
8614	4884
609	4885
687	4886
4849	4887
5073	4888
2037	4889
1005	4890
5616	4891
2849	4892
7143	4893
7603	4894
3880	4895
7545	4896
4913	4897
3303	4898
5545	4899
5078	4900
1494	4901
1231	4902
9151	4903
6621	4904
8353	4905
577	4906
2630	4907
3940	4908
3232	4909
4038	4910
4340	4911
296	4912
6795	4913
2832	4914
3968	4915
1358	4916
7496	4917
6772	4918
4460	4919
2294	4920
3402	4921
7062	4922
699	4923
4924	4924
6363	4925
7562	4926
2168	4927
7251	4928
1745	4929
514	4930
975	4931
274	4932
716	4933
27	4934
48	4935
1378	4936
5524	4937
10	4938
1551	4939
5182	4940
8244	4941
8309	4942
1422	4943
3139	4944
8834	4945
2377	4946
7528	4947
3728	4948
510	4949
3023	4950
5342	4951
6828	4952
3677	4953
4362	4954
7464	4955
118	4956
8103	4957
6414	4958
2275	4959
7102	4960
5550	4961
219	4962
1835	4963
4083	4964
946	4965
7316	4966
1384	4967
5820	4968
3830	4969
6417	4970
279	4971
454	4972
2033	4973
1933	4974
1952	4975
1077	4976
1734	4977
7702	4978
624	4979
1803	4980
6104	4981
8809	4982
2206	4983
7891	4984
995	4985
7985	4986
285	4987
6770	4988
5921	4989
8232	4990
3643	4991
4251	4992
6389	4993
7431	4994
6947	4995
5863	4996
5890	4997
126	4998
2797	4999
6334	5000
8545	5001
8372	5002
2996	5003
7634	5004
1415	5005
3600	5006
3082	5007
6630	5008
8995	5009
6539	5010
2127	5011
9046	5012
6108	5013
9047	5014
187	5015
6538	5016
1098	5017
2578	5018
4662	5019
6909	5020
3798	5021
4930	5022
2374	5023
4167	5024
8800	5025
4453	5026
8705	5027
595	5028
7290	5029
2523	5030
2665	5031
7229	5032
931	5033
1610	5034
1306	5035
8228	5036
881	5037
8023	5038
2116	5039
5649	5040
1390	5041
2112	5042
1209	5043
325	5044
5578	5045
4875	5046
8433	5047
50	5048
1365	5049
8626	5050
5483	5051
8067	5052
4454	5053
1204	5054
603	5055
88	5056
6321	5057
1706	5058
556	5059
8977	5060
5211	5061
1555	5062
5749	5063
5173	5064
2133	5065
2240	5066
4031	5067
1482	5068
5720	5069
8536	5070
4621	5071
6061	5072
623	5073
597	5074
422	5075
6619	5076
7577	5077
5582	5078
521	5079
7551	5080
2473	5081
6555	5082
397	5083
4148	5084
2272	5085
8768	5086
3118	5087
7549	5088
1499	5089
302	5090
2128	5091
35	5092
5872	5093
7738	5094
6791	5095
4622	5096
5359	5097
3320	5098
1249	5099
2324	5100
3549	5101
3920	5102
5985	5103
4173	5104
734	5105
1276	5106
3143	5107
3832	5108
6789	5109
4762	5110
492	5111
8276	5112
5186	5113
5984	5114
597	5115
841	5116
4644	5117
4022	5118
5712	5119
978	5120
940	5121
1822	5122
2065	5123
3740	5124
4291	5125
6315	5126
1703	5127
4893	5128
5013	5129
3517	5130
752	5131
7319	5132
515	5133
6086	5134
2855	5135
5544	5136
6793	5137
50	5138
8844	5139
1520	5140
980	5141
8082	5142
9039	5143
2134	5144
4	5145
5558	5146
1438	5147
348	5148
2314	5149
580	5150
1526	5151
5188	5152
266	5153
8638	5154
4324	5155
8087	5156
610	5157
594	5158
7415	5159
11	5160
1	5161
1817	5162
5445	5163
2905	5164
2882	5165
683	5166
8822	5167
1890	5168
3183	5169
6534	5170
7100	5171
6754	5172
3203	5173
4843	5174
5451	5175
319	5176
3167	5177
687	5178
3442	5179
138	5180
8193	5181
157	5182
408	5183
6233	5184
8441	5185
8803	5186
3750	5187
8200	5188
2682	5189
4263	5190
5295	5191
673	5192
6434	5193
6870	5194
8210	5195
2242	5196
4876	5197
2839	5198
3015	5199
2831	5200
378	5201
480	5202
4257	5203
1246	5204
2202	5205
7900	5206
5667	5207
1519	5208
2513	5209
706	5210
3933	5211
5018	5212
8162	5213
8888	5214
1001	5215
2922	5216
598	5217
5153	5218
7289	5219
2287	5220
1906	5221
4504	5222
4005	5223
1455	5224
1574	5225
117	5226
5703	5227
7720	5228
8996	5229
8981	5230
1781	5231
6125	5232
4356	5233
4678	5234
7910	5235
2617	5236
2917	5237
412	5238
3890	5239
5299	5240
42	5241
1322	5242
6551	5243
6734	5244
2109	5245
8847	5246
1462	5247
7089	5248
8459	5249
7689	5250
2603	5251
4035	5252
3042	5253
5409	5254
4103	5255
3	5256
1855	5257
4519	5258
3556	5259
4036	5260
486	5261
8881	5262
5882	5263
40	5264
72	5265
8306	5266
4675	5267
7214	5268
5847	5269
411	5270
4047	5271
1273	5272
3286	5273
4649	5274
1014	5275
8194	5276
5351	5277
6126	5278
808	5279
4062	5280
692	5281
5168	5282
3168	5283
6284	5284
1897	5285
7911	5286
7175	5287
2407	5288
7055	5289
4613	5290
2316	5291
4355	5292
4600	5293
9093	5294
1685	5295
14	5296
928	5297
8175	5298
4284	5299
6138	5300
2659	5301
629	5302
3506	5303
4956	5304
5930	5305
5683	5306
87	5307
877	5308
3791	5309
7613	5310
6068	5311
6569	5312
2050	5313
7404	5314
1746	5315
7916	5316
8151	5317
511	5318
13	5319
4619	5320
540	5321
9163	5322
6020	5323
5601	5324
7890	5325
7445	5326
2086	5327
8491	5328
2017	5329
2089	5330
7832	5331
8145	5332
7744	5333
8930	5334
7783	5335
6065	5336
8066	5337
6652	5338
2925	5339
7555	5340
220	5341
3621	5342
7644	5343
8366	5344
18	5345
5538	5346
4628	5347
8748	5348
5540	5349
5566	5350
3894	5351
2666	5352
5901	5353
7421	5354
7747	5355
8823	5356
8882	5357
6117	5358
7888	5359
7498	5360
1797	5361
7712	5362
2539	5363
8910	5364
7116	5365
4594	5366
186	5367
5967	5368
9105	5369
7990	5370
181	5371
6696	5372
8608	5373
180	5374
1608	5375
762	5376
5060	5377
8034	5378
4698	5379
8908	5380
1407	5381
484	5382
6764	5383
6916	5384
7928	5385
7650	5386
1167	5387
3544	5388
6996	5389
606	5390
921	5391
886	5392
512	5393
8518	5394
984	5395
7299	5396
173	5397
177	5398
5367	5399
111	5400
7025	5401
8864	5402
7254	5403
3619	5404
1509	5405
359	5406
5764	5407
394	5408
8418	5409
5698	5410
5525	5411
8068	5412
3490	5413
8919	5414
322	5415
5845	5416
2131	5417
9002	5418
2477	5419
202	5420
8826	5421
831	5422
7397	5423
6510	5424
2018	5425
6642	5426
2267	5427
7458	5428
7163	5429
3441	5430
1031	5431
6159	5432
2157	5433
5956	5434
8236	5435
259	5436
2674	5437
5779	5438
6915	5439
3712	5440
445	5441
2460	5442
4115	5443
7631	5444
6303	5445
7419	5446
5298	5447
1518	5448
2198	5449
2387	5450
6672	5451
351	5452
1749	5453
730	5454
1717	5455
3997	5456
2764	5457
9045	5458
2791	5459
5599	5460
6415	5461
6804	5462
281	5463
4199	5464
6691	5465
1440	5466
5065	5467
256	5468
5001	5469
6025	5470
7818	5471
463	5472
9138	5473
3194	5474
415	5475
2527	5476
813	5477
4759	5478
367	5479
206	5480
3391	5481
413	5482
8319	5483
4732	5484
8264	5485
261	5486
2230	5487
6665	5488
629	5489
6042	5490
6173	5491
3543	5492
3581	5493
2478	5494
2745	5495
4136	5496
282	5497
2104	5498
137	5499
3058	5500
8555	5501
1744	5502
2915	5503
3719	5504
272	5505
8868	5506
8962	5507
1524	5508
7344	5509
8532	5510
1441	5511
5021	5512
3993	5513
2668	5514
6958	5515
1916	5516
5873	5517
6703	5518
6487	5519
3902	5520
3141	5521
4921	5522
4881	5523
4016	5524
3480	5525
7751	5526
231	5527
1799	5528
4955	5529
8100	5530
3485	5531
7381	5532
4995	5533
7038	5534
170	5535
878	5536
4463	5537
8197	5538
3665	5539
8140	5540
5396	5541
6346	5542
1611	5543
294	5544
7653	5545
2365	5546
705	5547
5588	5548
5435	5549
338	5550
1208	5551
1478	5552
6601	5553
3805	5554
3789	5555
1149	5556
254	5557
63	5558
3219	5559
7683	5560
6	5561
1398	5562
2700	5563
41	5564
20	5565
277	5566
8239	5567
8560	5568
18	5569
7529	5570
485	5571
5325	5572
475	5573
8967	5574
475	5575
6837	5576
395	5577
679	5578
4825	5579
774	5580
1496	5581
6088	5582
2785	5583
1382	5584
7301	5585
7506	5586
2804	5587
358	5588
8552	5589
2941	5590
7584	5591
3618	5592
3782	5593
5855	5594
1203	5595
6802	5596
943	5597
6532	5598
4650	5599
90	5600
3256	5601
8420	5602
1818	5603
212	5604
48	5605
2492	5606
183	5607
6340	5608
1124	5609
3635	5610
4283	5611
7430	5612
1479	5613
3034	5614
7295	5615
7534	5616
7652	5617
4982	5618
951	5619
5430	5620
5224	5621
7164	5622
1987	5623
7488	5624
3555	5625
7387	5626
5829	5627
2201	5628
3246	5629
5490	5630
1476	5631
6183	5632
4374	5633
3531	5634
1	5635
6212	5636
2187	5637
2497	5638
2809	5639
1313	5640
8596	5641
6779	5642
6818	5643
7108	5644
129	5645
1284	5646
1144	5647
95	5648
854	5649
9088	5650
5178	5651
3297	5652
4841	5653
3970	5654
2281	5655
745	5656
5741	5657
1991	5658
4224	5659
6260	5660
7407	5661
7954	5662
460	5663
2302	5664
4699	5665
4687	5666
7311	5667
5344	5668
4704	5669
819	5670
7674	5671
224	5672
347	5673
4052	5674
6393	5675
5093	5676
6028	5677
1123	5678
5244	5679
538	5680
372	5681
4940	5682
5728	5683
6813	5684
3124	5685
5085	5686
4660	5687
2730	5688
1490	5689
1814	5690
2786	5691
3609	5692
1872	5693
4735	5694
232	5695
3806	5696
7781	5697
588	5698
8736	5699
5341	5700
4003	5701
5620	5702
2980	5703
7586	5704
3462	5705
7383	5706
8876	5707
2403	5708
3891	5709
2747	5710
7002	5711
1937	5712
1183	5713
523	5714
215	5715
3087	5716
362	5717
1929	5718
4579	5719
3859	5720
6712	5721
530	5722
6278	5723
7086	5724
2099	5725
6289	5726
6007	5727
3680	5728
393	5729
6361	5730
7578	5731
2189	5732
1779	5733
2710	5734
2583	5735
500	5736
192	5737
1868	5738
5889	5739
1750	5740
1613	5741
6979	5742
5624	5743
1839	5744
6542	5745
4218	5746
5773	5747
7247	5748
2858	5749
2542	5750
1297	5751
336	5752
7259	5753
2284	5754
7807	5755
5662	5756
5539	5757
758	5758
446	5759
8451	5760
5769	5761
6776	5762
1058	5763
7948	5764
7035	5765
299	5766
4470	5767
55	5768
1970	5769
868	5770
409	5771
8793	5772
6406	5773
2740	5774
8189	5775
7151	5776
5583	5777
6631	5778
115	5779
8205	5780
8794	5781
8983	5782
6483	5783
5693	5784
8051	5785
2718	5786
568	5787
7605	5788
2712	5789
3988	5790
2010	5791
512	5792
8711	5793
7009	5794
5110	5795
675	5796
2334	5797
3417	5798
4734	5799
4177	5800
1345	5801
8284	5802
118	5803
3800	5804
9015	5805
174	5806
6274	5807
121	5808
3932	5809
1747	5810
564	5811
3975	5812
5880	5813
7056	5814
71	5815
2282	5816
5159	5817
6963	5818
2335	5819
5306	5820
8381	5821
4605	5822
8134	5823
452	5824
2179	5825
3450	5826
1190	5827
915	5828
4743	5829
226	5830
1086	5831
322	5832
2319	5833
677	5834
4701	5835
2444	5836
7792	5837
1934	5838
4899	5839
1575	5840
3849	5841
3914	5842
8286	5843
1966	5844
8169	5845
7746	5846
1768	5847
7591	5848
2888	5849
7706	5850
1385	5851
4513	5852
5597	5853
2494	5854
2126	5855
329	5856
6774	5857
3946	5858
6085	5859
3647	5860
437	5861
2177	5862
8974	5863
4821	5864
2093	5865
6452	5866
5877	5867
153	5868
6523	5869
712	5870
3368	5871
7809	5872
2686	5873
6407	5874
1661	5875
1143	5876
2046	5877
689	5878
1821	5879
1189	5880
7313	5881
6367	5882
7536	5883
8535	5884
1321	5885
8727	5886
4783	5887
3617	5888
5969	5889
6168	5890
279	5891
8944	5892
1085	5893
6237	5894
6636	5895
7805	5896
52	5897
355	5898
4706	5899
561	5900
1505	5901
8208	5902
1160	5903
7995	5904
421	5905
6494	5906
7868	5907
5134	5908
1210	5909
8951	5910
482	5911
6447	5912
596	5913
343	5914
5959	5915
1196	5916
8478	5917
1325	5918
8515	5919
8634	5920
1041	5921
3396	5922
109	5923
1038	5924
5219	5925
3569	5926
6479	5927
407	5928
3077	5929
195	5930
1686	5931
6225	5932
8450	5933
5112	5934
5276	5935
3862	5936
760	5937
794	5938
369	5939
4528	5940
1184	5941
694	5942
1691	5943
1361	5944
5053	5945
4	5946
6871	5947
4598	5948
291	5949
8818	5950
660	5951
1181	5952
6242	5953
3186	5954
5763	5955
319	5956
419	5957
2488	5958
2368	5959
4941	5960
3394	5961
2713	5962
8643	5963
5987	5964
7171	5965
74	5966
1714	5967
1740	5968
132	5969
7223	5970
217	5971
888	5972
4872	5973
9108	5974
2918	5975
3315	5976
685	5977
8362	5978
2118	5979
5403	5980
1967	5981
9019	5982
9146	5983
1984	5984
10	5985
7063	5986
7996	5987
229	5988
2904	5989
4361	5990
2766	5991
5814	5992
4384	5993
3330	5994
5201	5995
6618	5996
4808	5997
2092	5998
183	5999
8637	6000
6500	6001
9101	6002
202	6003
7779	6004
3425	6005
635	6006
8751	6007
7487	6008
7233	6009
198	6010
7113	6011
5657	6012
301	6013
5726	6014
7748	6015
5273	6016
9066	6017
2656	6018
163	6019
5228	6020
4900	6021
1540	6022
3642	6023
1882	6024
7831	6025
8744	6026
636	6027
2667	6028
5716	6029
3625	6030
4903	6031
3227	6032
2373	6033
6721	6034
7963	6035
7957	6036
7039	6037
593	6038
3656	6039
8037	6040
7476	6041
3293	6042
7672	6043
8505	6044
8214	6045
7353	6046
6827	6047
4386	6048
627	6049
1668	6050
4713	6051
620	6052
8160	6053
3762	6054
7141	6055
777	6056
3301	6057
6059	6058
193	6059
566	6060
4230	6061
2367	6062
295	6063
6728	6064
96	6065
6343	6066
4274	6067
1503	6068
5279	6069
5666	6070
427	6071
7386	6072
4037	6073
8867	6074
3931	6075
1084	6076
451	6077
3568	6078
2380	6079
4122	6080
4958	6081
2857	6082
5477	6083
3715	6084
5982	6085
7461	6086
6862	6087
3948	6088
5690	6089
1565	6090
3554	6091
4264	6092
7940	6093
8757	6094
2921	6095
4141	6096
117	6097
6050	6098
6580	6099
4247	6100
1544	6101
3282	6102
6012	6103
42	6104
5084	6105
159	6106
5294	6107
1405	6108
4777	6109
2020	6110
2331	6111
1025	6112
3107	6113
6445	6114
5316	6115
5610	6116
1465	6117
1277	6118
4213	6119
4420	6120
4202	6121
1564	6122
373	6123
2150	6124
5081	6125
4998	6126
5559	6127
3020	6128
2325	6129
3342	6130
197	6131
5345	6132
6410	6133
5352	6134
2662	6135
6812	6136
8326	6137
3379	6138
8093	6139
553	6140
6362	6141
465	6142
90	6143
2479	6144
8465	6145
1121	6146
5841	6147
5369	6148
8389	6149
2381	6150
3954	6151
248	6152
6700	6153
7077	6154
6490	6155
807	6156
5775	6157
1015	6158
8274	6159
1340	6160
719	6161
3534	6162
280	6163
7853	6164
1953	6165
3637	6166
3639	6167
4424	6168
1423	6169
784	6170
7394	6171
3638	6172
1827	6173
3038	6174
1579	6175
7687	6176
3833	6177
5317	6178
6570	6179
3667	6180
394	6181
2458	6182
8887	6183
4343	6184
653	6185
916	6186
4988	6187
769	6188
5513	6189
249	6190
7326	6191
38	6192
377	6193
5240	6194
5043	6195
4080	6196
400	6197
2950	6198
5200	6199
6010	6200
3089	6201
2629	6202
6761	6203
8923	6204
297	6205
7823	6206
599	6207
342	6208
3807	6209
782	6210
7191	6211
2771	6212
3588	6213
3953	6214
6461	6215
8674	6216
8179	6217
8657	6218
2136	6219
7992	6220
2995	6221
559	6222
5322	6223
291	6224
3753	6225
7982	6226
2182	6227
2357	6228
7307	6229
2369	6230
4345	6231
1472	6232
3911	6233
5729	6234
3974	6235
198	6236
1456	6237
6503	6238
493	6239
237	6240
3479	6241
2999	6242
7288	6243
748	6244
1847	6245
7377	6246
1800	6247
3767	6248
6313	6249
7666	6250
8764	6251
7264	6252
7899	6253
7154	6254
5324	6255
8870	6256
5706	6257
8283	6258
676	6259
9071	6260
7125	6261
8707	6262
7703	6263
4953	6264
969	6265
5760	6266
7707	6267
7037	6268
1153	6269
600	6270
1401	6271
8723	6272
8946	6273
5611	6274
8531	6275
9137	6276
7189	6277
4942	6278
551	6279
134	6280
6983	6281
1257	6282
6741	6283
971	6284
1057	6285
6641	6286
6288	6287
5755	6288
5793	6289
1495	6290
525	6291
5231	6292
3147	6293
8358	6294
7567	6295
8576	6296
8520	6297
4945	6298
8252	6299
5500	6300
507	6301
7413	6302
8893	6303
8107	6304
7024	6305
5742	6306
2961	6307
60	6308
313	6309
7480	6310
3052	6311
3917	6312
6994	6313
8581	6314
5196	6315
3606	6316
2170	6317
5881	6318
1602	6319
4169	6320
1207	6321
976	6322
7359	6323
7294	6324
7188	6325
6030	6326
1225	6327
8347	6328
7347	6329
1679	6330
5851	6331
7998	6332
1222	6333
9129	6334
337	6335
56	6336
5887	6337
5659	6338
8907	6339
8373	6340
863	6341
203	6342
1492	6343
4997	6344
8869	6345
5686	6346
3865	6347
2485	6348
29	6349
5149	6350
2883	6351
5963	6352
2385	6353
486	6354
4166	6355
997	6356
7196	6357
1846	6358
7776	6359
5083	6360
5702	6361
1649	6362
3532	6363
8799	6364
4981	6365
8329	6366
7058	6367
3102	6368
3346	6369
5721	6370
121	6371
3474	6372
1637	6373
8924	6374
3893	6375
6610	6376
6925	6377
7432	6378
6903	6379
8254	6380
6705	6381
8260	6382
6354	6383
8392	6384
214	6385
2598	6386
8519	6387
5929	6388
174	6389
6585	6390
2987	6391
4815	6392
3470	6393
7629	6394
3538	6395
8332	6396
1859	6397
823	6398
8462	6399
128	6400
8354	6401
7345	6402
6830	6403
5940	6404
5220	6405
4017	6406
435	6407
2440	6408
7821	6409
7160	6410
5938	6411
289	6412
1235	6413
4931	6414
3614	6415
9050	6416
8558	6417
1343	6418
1254	6419
9143	6420
7876	6421
3730	6422
5777	6423
2967	6424
4960	6425
4785	6426
1586	6427
2641	6428
1582	6429
5936	6430
617	6431
4201	6432
388	6433
2635	6434
1536	6435
977	6436
4879	6437
1938	6438
7962	6439
1180	6440
2503	6441
7854	6442
4640	6443
8699	6444
6300	6445
7393	6446
3950	6447
5136	6448
5762	6449
2944	6450
2285	6451
7590	6452
4506	6453
7454	6454
3616	6455
7304	6456
840	6457
4018	6458
43	6459
8916	6460
4774	6461
6384	6462
5067	6463
1876	6464
8014	6465
8496	6466
4134	6467
3930	6468
30	6469
341	6470
580	6471
8955	6472
7392	6473
627	6474
7848	6475
7546	6476
4322	6477
2298	6478
7813	6479
4162	6480
8409	6481
5365	6482
7579	6483
3088	6484
8578	6485
656	6486
711	6487
1176	6488
2326	6489
6492	6490
3075	6491
8745	6492
389	6493
4056	6494
6235	6495
1089	6496
1019	6497
4547	6498
3231	6499
7306	6500
8843	6501
5199	6502
1915	6503
690	6504
6926	6505
4007	6506
4249	6507
7136	6508
4011	6509
255	6510
77	6511
90	6512
3230	6513
106	6514
6853	6515
7040	6516
5580	6517
7646	6518
4874	6519
221	6520
2425	6521
7894	6522
3439	6523
6	6524
2141	6525
6608	6526
471	6527
5008	6528
6271	6529
3437	6530
2813	6531
7517	6532
5808	6533
2853	6534
3027	6535
1051	6536
327	6537
4161	6538
3781	6539
2638	6540
3059	6541
6047	6542
2340	6543
4290	6544
6861	6545
776	6546
7466	6547
993	6548
3661	6549
5361	6550
38	6551
7165	6552
1238	6553
5346	6554
1770	6555
4474	6556
2029	6557
4492	6558
3336	6559
3128	6560
7255	6561
173	6562
4904	6563
4158	6564
55	6565
7635	6566
7218	6567
5560	6568
4638	6569
8593	6570
2737	6571
6499	6572
5488	6573
432	6574
668	6575
7501	6576
6040	6577
7433	6578
8526	6579
2171	6580
6889	6581
6455	6582
2768	6583
6961	6584
3881	6585
8694	6586
5736	6587
1453	6588
7612	6589
4099	6590
6418	6591
8544	6592
6370	6593
1366	6594
1930	6595
6111	6596
9079	6597
5334	6598
8388	6599
8862	6600
8659	6601
8509	6602
5221	6603
3090	6604
2812	6605
678	6606
3340	6607
2270	6608
8390	6609
4624	6610
7317	6611
3054	6612
7801	6613
34	6614
5643	6615
5037	6616
4210	6617
5267	6618
9077	6619
1924	6620
8749	6621
461	6622
7887	6623
902	6624
2124	6625
7356	6626
6731	6627
2	6628
2854	6629
5019	6630
6609	6631
7730	6632
482	6633
3188	6634
5484	6635
6788	6636
2269	6637
3598	6638
3041	6639
2706	6640
620	6641
8075	6642
5554	6643
3995	6644
543	6645
641	6646
8266	6647
6956	6648
7477	6649
2	6650
2560	6651
8063	6652
8579	6653
4429	6654
5329	6655
5602	6656
1202	6657
6533	6658
7693	6659
6829	6660
3875	6661
6756	6662
145	6663
537	6664
1151	6665
4176	6666
898	6667
6072	6668
3003	6669
3267	6670
2829	6671
1458	6672
667	6673
266	6674
6671	6675
3332	6676
14	6677
3808	6678
1156	6679
5915	6680
2748	6681
3190	6682
6549	6683
69	6684
484	6685
5323	6686
9158	6687
2874	6688
57	6689
104	6690
8218	6691
7581	6692
1381	6693
4410	6694
848	6695
2226	6696
8058	6697
3999	6698
7001	6699
744	6700
4303	6701
479	6702
8367	6703
7595	6704
3121	6705
4784	6706
1256	6707
5504	6708
11	6709
2541	6710
6286	6711
6695	6712
61	6713
9147	6714
4764	6715
5314	6716
7654	6717
5859	6718
522	6719
7227	6720
4574	6721
6673	6722
3729	6723
6243	6724
2496	6725
3591	6726
2597	6727
5392	6728
1995	6729
6702	6730
7082	6731
101	6732
6699	6733
4685	6734
2449	6735
7287	6736
8123	6737
7906	6738
58	6739
8202	6740
3547	6741
7521	6742
349	6743
438	6744
9161	6745
696	6746
7057	6747
6433	6748
753	6749
262	6750
3447	6751
8378	6752
8539	6753
3294	6754
6382	6755
6112	6756
1775	6757
3780	6758
5831	6759
1206	6760
6372	6761
4379	6762
6544	6763
5549	6764
290	6765
399	6766
6404	6767
8928	6768
5933	6769
7081	6770
7139	6771
2433	6772
7513	6773
1928	6774
2111	6775
5695	6776
3177	6777
6953	6778
6560	6779
2843	6780
594	6781
1373	6782
8111	6783
2526	6784
5230	6785
4117	6786
601	6787
6749	6788
2077	6789
6229	6790
2371	6791
7885	6792
7069	6793
7187	6794
1878	6795
6333	6796
6733	6797
7971	6798
6282	6799
5154	6800
8577	6801
6496	6802
9062	6803
5568	6804
10	6805
3440	6806
4799	6807
6565	6808
2625	6809
5413	6810
4067	6811
8342	6812
5274	6813
4973	6814
3155	6815
3660	6816
8729	6817
6109	6818
8606	6819
4540	6820
6606	6821
3501	6822
387	6823
7794	6824
8547	6825
1977	6826
4756	6827
2356	6828
4886	6829
645	6830
2145	6831
6472	6832
8575	6833
9029	6834
6077	6835
5623	6836
34	6837
611	6838
447	6839
6486	6840
4153	6841
2846	6842
129	6843
638	6844
5917	6845
6855	6846
386	6847
7815	6848
3653	6849
7557	6850
5520	6851
6218	6852
5373	6853
1266	6854
4612	6855
4375	6856
4352	6857
1446	6858
7197	6859
7275	6860
3302	6861
91	6862
1195	6863
75	6864
8654	6865
6170	6866
487	6867
584	6868
3390	6869
1128	6870
7935	6871
5766	6872
1527	6873
3021	6874
6643	6875
519	6876
6981	6877
2277	6878
1999	6879
2066	6880
3645	6881
6521	6882
1114	6883
6939	6884
4079	6885
2392	6886
7322	6887
2693	6888
4812	6889
5642	6890
3783	6891
247	6892
3605	6893
381	6894
7850	6895
4087	6896
4546	6897
63	6898
7220	6899
290	6900
9001	6901
5786	6902
1152	6903
3571	6904
4803	6905
83	6906
3584	6907
529	6908
4471	6909
5925	6910
3144	6911
7760	6912
187	6913
22	6914
264	6915
7420	6916
6488	6917
8341	6918
7048	6919
93	6920
4398	6921
267	6922
323	6923
191	6924
2864	6925
6080	6926
1756	6927
3857	6928
7708	6929
7153	6930
3567	6931
3235	6932
5063	6933
6097	6934
6292	6935
6768	6936
230	6937
508	6938
3634	6939
4426	6940
5892	6941
6755	6942
1739	6943
5968	6944
491	6945
8475	6946
7412	6947
4566	6948
3545	6949
309	6950
41	6951
5934	6952
7452	6953
4387	6954
6430	6955
7361	6956
1791	6957
205	6958
3669	6959
4813	6960
1777	6961
6153	6962
4583	6963
8959	6964
7174	6965
6801	6966
6465	6967
8952	6968
3575	6969
5042	6970
4910	6971
4334	6972
7016	6973
570	6974
8892	6975
8831	6976
2475	6977
2660	6978
2355	6979
6001	6980
2332	6981
3217	6982
47	6983
883	6984
7908	6985
9074	6986
4911	6987
751	6988
4755	6989
4238	6990
5551	6991
7095	6992
7241	6993
8853	6994
8651	6995
3202	6996
6349	6997
3424	6998
259	6999
8546	7000
56	7001
5129	7002
535	7003
6833	7004
7067	7005
5138	7006
6867	7007
8407	7008
5858	7009
6280	7010
24	7011
6444	7012
5914	7013
929	7014
5405	7015
705	7016
3681	7017
571	7018
1631	7019
8487	7020
5339	7021
5238	7022
5977	7023
547	7024
74	7025
1840	7026
8224	7027
798	7028
8866	7029
8098	7030
642	7031
3793	7032
6839	7033
7502	7034
1290	7035
310	7036
7538	7037
7524	7038
7694	7039
238	7040
3360	7041
8382	7042
7298	7043
28	7044
3137	7045
4376	7046
5443	7047
5473	7048
130	7049
2867	7050
726	7051
4423	7052
6400	7053
1474	7054
7518	7055
7970	7056
7479	7057
3763	7058
672	7059
6792	7060
4467	7061
8364	7062
1134	7063
179	7064
8121	7065
8113	7066
1260	7067
7084	7068
8161	7069
1027	7070
6706	7071
8556	7072
8180	7073
2733	7074
655	7075
1998	7076
3964	7077
5256	7078
5687	7079
3847	7080
8303	7081
8021	7082
366	7083
7406	7084
8517	7085
6062	7086
79	7087
964	7088
7907	7089
4296	7090
7210	7091
4353	7092
6348	7093
3576	7094
688	7095
909	7096
3570	7097
4411	7098
1870	7099
927	7100
6239	7101
8355	7102
337	7103
5612	7104
5190	7105
2140	7106
6719	7107
7780	7108
4676	7109
139	7110
6654	7111
521	7112
8481	7113
3249	7114
589	7115
9130	7116
9060	7117
483	7118
8780	7119
9013	7120
867	7121
7855	7122
4348	7123
4216	7124
375	7125
2091	7126
1809	7127
1725	7128
7318	7129
3339	7130
1771	7131
6518	7132
9056	7133
5440	7134
4522	7135
340	7136
3489	7137
7589	7138
4791	7139
8408	7140
7455	7141
3019	7142
4761	7143
7425	7144
1460	7145
796	7146
232	7147
8085	7148
654	7149
2751	7150
2486	7151
7076	7152
4902	7153
1004	7154
323	7155
3389	7156
2677	7157
356	7158
186	7159
5491	7160
1948	7161
5792	7162
4395	7163
1670	7164
2152	7165
5541	7166
2753	7167
6090	7168
5139	7169
3597	7170
164	7171
8692	7172
9022	7173
5467	7174
3309	7175
1473	7176
8127	7177
7070	7178
4048	7179
6778	7180
6593	7181
8413	7182
3078	7183
492	7184
4747	7185
528	7186
2119	7187
7358	7188
5879	7189
6796	7190
2181	7191
2167	7192
5530	7193
5701	7194
2589	7195
426	7196
7451	7197
8670	7198
7944	7199
2446	7200
295	7201
503	7202
1664	7203
6110	7204
4629	7205
76	7206
3471	7207
989	7208
1557	7209
8897	7210
7462	7211
180	7212
5869	7213
7471	7214
4740	7215
4482	7216
3292	7217
8293	7218
5871	7219
4715	7220
7360	7221
4725	7222
469	7223
4852	7224
2575	7225
36	7226
2025	7227
8331	7228
7974	7229
3233	7230
108	7231
6683	7232
681	7233
4254	7234
8074	7235
3094	7236
5327	7237
6722	7238
6787	7239
920	7240
7049	7241
6438	7242
960	7243
9021	7244
2946	7245
5289	7246
7099	7247
7762	7248
6318	7249
80	7250
3268	7251
7248	7252
75	7253
3871	7254
8369	7255
8222	7256
177	7257
237	7258
5385	7259
215	7260
7231	7261
5338	7262
9	7263
6064	7264
3284	7265
5027	7266
4806	7267
684	7268
607	7269
2258	7270
1178	7271
2986	7272
2422	7273
1093	7274
6376	7275
7681	7276
6584	7277
7793	7278
8934	7279
3084	7280
2806	7281
7246	7282
7	7283
5951	7284
2604	7285
1867	7286
1707	7287
8073	7288
2174	7289
1439	7290
5973	7291
213	7292
7593	7293
546	7294
5496	7295
955	7296
5058	7297
1615	7298
2026	7299
2618	7300
8148	7301
2514	7302
4370	7303
7552	7304
5689	7305
436	7306
3335	7307
62	7308
375	7309
6708	7310
7617	7311
8188	7312
7881	7313
6135	7314
7993	7315
7817	7316
2828	7317
3313	7318
5122	7319
4986	7320
8842	7321
5362	7322
7211	7323
5796	7324
6220	7325
4417	7326
4086	7327
7641	7328
2151	7329
4643	7330
3079	7331
8592	7332
7337	7333
3525	7334
7896	7335
5904	7336
8687	7337
3693	7338
8635	7339
2468	7340
564	7341
8116	7342
725	7343
4437	7344
2164	7345
739	7346
5647	7347
8710	7348
746	7349
7148	7350
764	7351
7239	7352
7495	7353
4766	7354
171	7355
5269	7356
5315	7357
2070	7358
6375	7359
4780	7360
2400	7361
7292	7362
575	7363
5713	7364
4125	7365
1022	7366
5708	7367
1040	7368
391	7369
293	7370
1632	7371
5971	7372
6846	7373
106	7374
3840	7375
1663	7376
4248	7377
6714	7378
1188	7379
1920	7380
4234	7381
6632	7382
4207	7383
7045	7384
7919	7385
5439	7386
8612	7387
573	7388
8055	7389
1931	7390
3565	7391
4135	7392
3790	7393
3794	7394
4408	7395
8147	7396
5380	7397
7388	7398
4321	7399
1710	7400
998	7401
6124	7402
3172	7403
4397	7404
6105	7405
6715	7406
6419	7407
5533	7408
4814	7409
1539	7410
970	7411
4150	7412
7293	7413
7697	7414
5094	7415
4364	7416
6204	7417
7331	7418
1591	7419
4170	7420
1732	7421
5711	7422
2338	7423
8564	7424
6931	7425
4878	7426
6857	7427
1172	7428
1501	7429
8597	7430
554	7431
5237	7432
312	7433
7905	7434
9103	7435
4064	7436
4102	7437
6103	7438
5452	7439
6992	7440
2681	7441
4750	7442
1312	7443
8929	7444
4782	7445
8485	7446
1136	7447
4584	7448
10	7449
3265	7450
4714	7451
454	7452
4206	7453
5757	7454
1904	7455
7873	7456
5528	7457
1975	7458
693	7459
264	7460
1484	7461
1787	7462
4139	7463
4456	7464
6604	7465
4614	7466
1092	7467
498	7468
8255	7469
8795	7470
1215	7471
4089	7472
3300	7473
3290	7474
2936	7475
1230	7476
4347	7477
8060	7478
2194	7479
4405	7480
8406	7481
6943	7482
4	7483
6842	7484
707	7485
7527	7486
5243	7487
1712	7488
7969	7489
515	7490
1891	7491
4010	7492
5517	7493
359	7494
70	7495
686	7496
1782	7497
1173	7498
184	7499
7439	7500
3651	7501
4505	7502
7951	7503
852	7504
3138	7505
4562	7506
8816	7507
8741	7508
6171	7509
4860	7510
826	7511
5714	7512
523	7513
3848	7514
8825	7515
4271	7516
3122	7517
7080	7518
8673	7519
3068	7520
2349	7521
469	7522
2286	7523
3879	7524
7566	7525
4477	7526
6506	7527
252	7528
711	7529
6826	7530
227	7531
966	7532
1512	7533
7740	7534
5579	7535
5825	7536
440	7537
59	7538
2628	7539
5388	7540
6495	7541
387	7542
2243	7543
3585	7544
7898	7545
1533	7546
6751	7547
9051	7548
488	7549
8716	7550
6456	7551
4443	7552
4481	7553
6046	7554
3528	7555
8425	7556
4128	7557
5378	7558
2199	7559
8154	7560
3868	7561
1692	7562
8580	7563
2959	7564
388	7565
7774	7566
2363	7567
1659	7568
513	7569
156	7570
3140	7571
307	7572
2620	7573
2094	7574
5442	7575
2212	7576
5839	7577
1233	7578
8080	7579
1617	7580
5636	7581
1901	7582
9073	7583
227	7584
6894	7585
4727	7586
1678	7587
6723	7588
5284	7589
1364	7590
8212	7591
8849	7592
8666	7593
5817	7594
4019	7595
488	7596
8396	7597
18	7598
5109	7599
7782	7600
9023	7601
5117	7602
2376	7603
2671	7604
1323	7605
3562	7606
538	7607
4947	7608
1265	7609
7443	7610
3334	7611
651	7612
3632	7613
3047	7614
3955	7615
6934	7616
3537	7617
7253	7618
9061	7619
3255	7620
8305	7621
5174	7622
5054	7623
7745	7624
2563	7625
3187	7626
6485	7627
8338	7628
5296	7629
9104	7630
7497	7631
4651	7632
6959	7633
7977	7634
5023	7635
8833	7636
1502	7637
1191	7638
6869	7639
1205	7640
6851	7641
52	7642
5239	7643
663	7644
5931	7645
8773	7646
7133	7647
4188	7648
1531	7649
4039	7650
820	7651
6164	7652
3927	7653
3559	7654
127	7655
5217	7656
3498	7657
6247	7658
7237	7659
11	7660
2346	7661
968	7662
5795	7663
7509	7664
8623	7665
5156	7666
1996	7667
7442	7668
2554	7669
2414	7670
876	7671
7028	7672
201	7673
5285	7674
1049	7675
3746	7676
50	7677
8468	7678
6657	7679
1694	7680
487	7681
5492	7682
3275	7683
5630	7684
4977	7685
4608	7686
2951	7687
2590	7688
871	7689
4575	7690
925	7691
5286	7692
590	7693
5271	7694
3655	7695
3001	7696
8419	7697
4746	7698
4541	7699
1226	7700
7012	7701
1816	7702
8821	7703
802	7704
5179	7705
8394	7706
2945	7707
3103	7708
8935	7709
8031	7710
5048	7711
1532	7712
1320	7713
721	7714
4279	7715
467	7716
4636	7717
7183	7718
2264	7719
8044	7720
2553	7721
2714	7722
5908	7723
135	7724
6645	7725
8178	7726
7860	7727
416	7728
2394	7729
2782	7730
82	7731
3151	7732
4336	7733
434	7734
6226	7735
7352	7736
3994	7737
1424	7738
7467	7739
2197	7740
1408	7741
2303	7742
3445	7743
7975	7744
8256	7745
638	7746
6904	7747
340	7748
6528	7749
8709	7750
7075	7751
4069	7752
366	7753
5670	7754
155	7755
7010	7756
6342	7757
6320	7758
6322	7759
493	7760
8336	7761
1811	7762
3700	7763
6034	7764
1107	7765
455	7766
7124	7767
8	7768
3276	7769
509	7770
4652	7771
6941	7772
6571	7773
2274	7774
8473	7775
5305	7776
5810	7777
4422	7778
8377	7779
6906	7780
8172	7781
4966	7782
1328	7783
8263	7784
6339	7785
84	7786
5007	7787
466	7788
1427	7789
7410	7790
3515	7791
5370	7792
392	7793
4842	7794
1045	7795
704	7796
3254	7797
8312	7798
1640	7799
6935	7800
4225	7801
4459	7802
1687	7803
8885	7804
6978	7805
7864	7806
6750	7807
2278	7808
7661	7809
9109	7810
2654	7811
1428	7812
3185	7813
3510	7814
3628	7815
3329	7816
2842	7817
5183	7818
2337	7819
4691	7820
7921	7821
420	7822
8742	7823
5590	7824
2308	7825
3145	7826
3593	7827
568	7828
444	7829
6780	7830
71	7831
6477	7832
3271	7833
7031	7834
7811	7835
830	7836
6358	7837
1164	7838
497	7839
7884	7840
4571	7841
2429	7842
6312	7843
5903	7844
8019	7845
7137	7846
6377	7847
6252	7848
8387	7849
2216	7850
8678	7851
31	7852
630	7853
3736	7854
29	7855
8403	7856
390	7857
2244	7858
2237	7859
6227	7860
9017	7861
6901	7862
528	7863
8359	7864
5012	7865
4280	7866
5842	7867
6408	7868
9068	7869
2586	7870
154	7871
8832	7872
3421	7873
8636	7874
142	7875
5005	7876
3080	7877
7179	7878
8553	7879
7278	7880
8685	7881
7932	7882
8619	7883
724	7884
4318	7885
6838	7886
5634	7887
6304	7888
2991	7889
4043	7890
5960	7891
64	7892
4769	7893
1543	7894
8563	7895
5206	7896
5464	7897
4383	7898
5625	7899
287	7900
5505	7901
3682	7902
4190	7903
2186	7904
6739	7905
1071	7906
6986	7907
5128	7908
8811	7909
5697	7910
8053	7911
2651	7912
7588	7913
5692	7914
480	7915
4015	7916
172	7917
4601	7918
5848	7919
6799	7920
16	7921
6130	7922
207	7923
7839	7924
626	7925
5770	7926
9052	7927
6116	7928
6656	7929
235	7930
7180	7931
4623	7932
5674	7933
6100	7934
1211	7935
8994	7936
239	7937
6919	7938
7273	7939
1697	7940
1059	7941
8423	7942
5459	7943
6824	7944
697	7945
8351	7946
2637	7947
8684	7948
3207	7949
9119	7950
244	7951
7838	7952
7258	7953
7423	7954
157	7955
64	7956
188	7957
194	7958
1570	7959
7325	7960
8323	7961
4461	7962
8589	7963
8931	7964
7436	7965
5532	7966
4266	7967
7733	7968
1731	7969
5853	7970
3463	7971
3274	7972
7200	7973
8129	7974
4508	7975
6335	7976
2947	7977
1447	7978
2510	7979
444	7980
3261	7981
115	7982
8667	7983
8028	7984
6611	7985
3372	7986
1268	7987
799	7988
8682	7989
7725	7990
6890	7991
211	7992
3455	7993
5604	7994
6547	7995
3698	7996
7691	7997
15	7998
8906	7999
1314	8000
2484	8001
437	8002
2263	8003
220	8004
5826	8005
1946	8006
8805	8007
5191	8008
7955	8009
4044	8010
6081	8011
2540	8012
4255	8013
7449	8014
6123	8015
7486	8016
4127	8017
8231	8018
2757	8019
5386	8020
4830	8021
7965	8022
4567	8023
6680	8024
299	8025
3731	8026
301	8027
3623	8028
3083	8029
7320	8030
77	8031
9075	8032
6820	8033
652	8034
1448	8035
5661	8036
6624	8037
406	8038
1908	8039
3324	8040
45	8041
7181	8042
3863	8043
6581	8044
7772	8045
1713	8046
1918	8047
3821	8048
326	8049
5727	8050
3310	8051
107	8052
6602	8053
2080	8054
1412	8055
2301	8056
1033	8057
7563	8058
1399	8059
3028	8060
1622	8061
4447	8062
1761	8063
1625	8064
3097	8065
2395	8066
8438	8067
446	8068
2765	8069
3018	8070
2792	8071
2120	8072
6579	8073
9144	8074
7840	8075
1218	8076
3264	8077
4517	8078
4609	8079
2579	8080
2596	8081
81	8082
7257	8083
7122	8084
6777	8085
4494	8086
1036	8087
6974	8088
7580	8089
5020	8090
6595	8091
3777	8092
1101	8093
6498	8094
857	8095
2256	8096
3754	8097
5629	8098
5399	8099
4133	8100
6387	8101
1688	8102
6151	8103
4851	8104
1669	8105
3245	8106
4282	8107
697	8108
4002	8109
508	8110
2960	8111
691	8112
518	8113
4949	8114
6474	8115
5076	8116
5092	8117
2684	8118
1463	8119
4867	8120
8759	8121
7690	8122
1362	8123
2695	8124
600	8125
2519	8126
35	8127
6729	8128
3468	8129
7945	8130
1808	8131
5242	8132
96	8133
324	8134
7949	8135
3024	8136
473	8137
8936	8138
7901	8139
2441	8140
67	8141
996	8142
1363	8143
9035	8144
1971	8145
209	8146
7656	8147
8958	8148
3776	8149
2895	8150
8153	8151
17	8152
2193	8153
8950	8154
5807	8155
2290	8156
6087	8157
4765	8158
2500	8159
501	8160
3595	8161
2865	8162
861	8163
9025	8164
8574	8165
1804	8166
6276	8167
1286	8168
7078	8169
1988	8170
2047	8171
543	8172
9111	8173
2556	8174
895	8175
146	8176
221	8177
6835	8178
3435	8179
5420	8180
1250	8181
3676	8182
9024	8183
8133	8184
7640	8185
1951	8186
3690	8187
4175	8188
8728	8189
67	8190
8234	8191
9032	8192
6905	8193
616	8194
6897	8195
6272	8196
4993	8197
7938	8198
6198	8199
9000	8200
4786	8201
1593	8202
4590	8203
2536	8204
4633	8205
8383	8206
3959	8207
5801	8208
6586	8209
8719	8210
579	8211
7737	8212
5462	8213
2833	8214
7281	8215
226	8216
1972	8217
5891	8218
477	8219
3464	8220
110	8221
6831	8222
260	8223
3962	8224
8356	8225
54	8226
3536	8227
2952	8228
1600	8229
7312	8230
8534	8231
5069	8232
3073	8233
6478	8234
4906	8235
8324	8236
9096	8237
8631	8238
7830	8239
3191	8240
905	8241
8241	8242
9036	8243
2969	8244
1213	8245
8490	8246
6058	8247
4137	8248
6763	8249
3222	8250
6800	8251
5090	8252
26	8253
1264	8254
7833	8255
4246	8256
462	8257
2233	8258
6562	8259
1985	8260
6207	8261
6148	8262
775	8263
4430	8264
8529	8265
5350	8266
616	8267
5450	8268
4184	8269
3724	8270
2732	8271
3941	8272
839	8273
3279	8274
3551	8275
3457	8276
706	8277
5631	8278
7446	8279
5100	8280
6694	8281
40	8282
885	8283
6301	8284
4989	8285
3032	8286
66	8287
159	8288
6893	8289
78	8290
7710	8291
8632	8292
98	8293
3919	8294
7418	8295
4801	8296
9054	8297
608	8298
2105	8299
3010	8300
248	8301
146	8302
5771	8303
6758	8304
8365	8305
903	8306
5321	8307
5039	8308
5605	8309
348	8310
3827	8311
450	8312
2075	8313
3000	8314
8479	8315
5818	8316
999	8317
2498	8318
8747	8319
4186	8320
3683	8321
43	8322
382	8323
642	8324
4256	8325
7867	8326
5383	8327
3120	8328
2217	8329
6038	8330
3405	8331
1488	8332
2856	8333
1146	8334
7351	8335
4680	8336
2036	8337
8009	8338
1	8339
7147	8340
4394	8341
8142	8342
5783	8343
6176	8344
3699	8345
5248	8346
3991	8347
8861	8348
659	8349
4529	8350
9091	8351
6819	8352
302	8353
3008	8354
4974	8355
2675	8356
414	8357
5422	8358
4877	8359
1535	8360
7539	8361
430	8362
5717	8363
4205	8364
6213	8365
5754	8366
6186	8367
4329	8368
4822	8369
8948	8370
1310	8371
766	8372
6092	8373
3260	8374
1074	8375
6471	8376
5	8377
849	8378
4943	8379
1406	8380
5390	8381
6157	8382
6911	8383
7692	8384
8339	8385
552	8386
4972	8387
4068	8388
3601	8389
8108	8390
5805	8391
1419	8392
9008	8393
2701	8394
6	8395
176	8396
278	8397
7786	8398
4604	8399
5382	8400
6003	8401
3851	8402
4245	8403
644	8404
1	8405
2012	8406
6651	8407
1922	8408
531	8409
2981	8410
6051	8411
1836	8412
303	8413
7835	8414
1309	8415
7173	8416
4577	8417
8802	8418
9095	8419
516	8420
715	8421
1245	8422
3096	8423
443	8424
333	8425
605	8426
1133	8427
6798	8428
6306	8429
3208	8430
3114	8431
8890	8432
3870	8433
2184	8434
76	8435
2830	8436
2113	8437
3592	8438
3399	8439
3934	8440
4113	8441
8976	8442
5732	8443
330	8444
3017	8445
5308	8446
1636	8447
2691	8448
7042	8449
9166	8450
4975	8451
3483	8452
8012	8453
8071	8454
2531	8455
8393	8456
8131	8457
218	8458
7716	8459
5705	8460
483	8461
120	8462
4310	8463
7483	8464
2300	8465
7378	8466
1100	8467
398	8468
5461	8469
3550	8470
4781	8471
2236	8472
2508	8473
1896	8474
5645	8475
4071	8476
4929	8477
5387	8478
1409	8479
4978	8480
2022	8481
4385	8482
3503	8483
6119	8484
2393	8485
4446	8486
3856	8487
6366	8488
589	8489
272	8490
31	8491
6627	8492
8717	8493
7734	8494
4533	8495
4627	8496
5639	8497
97	8498
7060	8499
4451	8500
3626	8501
507	8502
1525	8503
3251	8504
436	8505
4926	8506
99	8507
111	8508
6127	8509
6264	8510
114	8511
8898	8512
415	8513
1292	8514
6912	8515
7185	8516
6453	8517
3636	8518
6398	8519
6355	8520
56	8521
199	8522
8024	8523
2474	8524
3622	8525
664	8526
1159	8527
1571	8528
8971	8529
5562	8530
6735	8531
2798	8532
1620	8533
5326	8534
2613	8535
5249	8536
4174	8537
3663	8538
3652	8539
5660	8540
2569	8541
3586	8542
6753	8543
161	8544
8819	8545
4145	8546
8894	8547
804	8548
9005	8549
3722	8550
666	8551
7508	8552
662	8553
7286	8554
7013	8555
2405	8556
438	8557
8444	8558
496	8559
2069	8560
2156	8561
7956	8562
6013	8563
1776	8564
650	8565
7336	8566
7106	8567
4436	8568
3113	8569
7315	8570
7115	8571
8961	8572
9004	8573
356	8574
8824	8575
2132	8576
8920	8577
539	8578
5910	8579
48	8580
251	8581
42	8582
9092	8583
2823	8584
3200	8585
8603	8586
653	8587
3804	8588
1504	8589
8668	8590
1824	8591
7769	8592
130	8593
4215	8594
3938	8595
7389	8596
5865	8597
1174	8598
3590	8599
1681	8600
3926	8601
5079	8602
6531	8603
471	8604
761	8605
311	8606
5573	8607
5665	8608
6707	8609
3459	8610
8273	8611
1451	8612
5747	8613
1072	8614
30	8615
108	8616
3764	8617
1997	8618
789	8619
1010	8620
2259	8621
5526	8622
4684	8623
2977	8624
3057	8625
7515	8626
2593	8627
6429	8628
3596	8629
275	8630
8591	8631
2847	8632
4996	8633
1990	8634
386	8635
4563	8636
3065	8637
2004	8638
6152	8639
2341	8640
5436	8641
1097	8642
8817	8643
1644	8644
4844	8645
258	8646
1199	8647
3529	8648
5456	8649
5542	8650
845	8651
1293	8652
5022	8653
3888	8654
795	8655
3721	8656
4581	8657
6677	8658
8852	8659
182	8660
214	8661
5151	8662
3049	8663
439	8664
7765	8665
4325	8666
1066	8667
2073	8668
4259	8669
334	8670
5163	8671
2795	8672
5098	8673
7585	8674
7836	8675
455	8676
151	8677
2122	8678
3013	8679
3009	8680
5972	8681
7409	8682
4642	8683
233	8684
364	8685
5052	8686
2222	8687
7043	8688
376	8689
24	8690
2568	8691
374	8692
1667	8693
5463	8694
5234	8695
8937	8696
425	8697
2532	8698
2891	8699
5824	8700
2321	8701
7	8702
712	8703
8569	8704
3386	8705
7924	8706
6345	8707
32	8708
3371	8709
675	8710
4363	8711
7193	8712
6489	8713
8363	8714
8686	8715
3533	8716
2640	8717
5469	8718
7459	8719
1568	8720
8405	8721
7795	8722
2736	8723
3108	8724
354	8725
6336	8726
4737	8727
4865	8728
7800	8729
3971	8730
3842	8731
8854	8732
3788	8733
8211	8734
8901	8735
7041	8736
433	8737
619	8738
6775	8739
2558	8740
1434	8741
1752	8742
7952	8743
879	8744
5290	8745
3723	8746
694	8747
4285	8748
2552	8749
586	8750
64	8751
690	8752
5586	8753
8915	8754
472	8755
6039	8756
4129	8757
7098	8758
6653	8759
1491	8760
6685	8761
8511	8762
7103	8763
2169	8764
6128	8765
304	8766
6759	8767
8712	8768
4483	8769
8426	8770
7296	8771
6582	8772
3250	8773
6199	8774
1911	8775
7930	8776
8551	8777
32	8778
6809	8779
561	8780
4630	8781
4116	8782
7825	8783
5011	8784
1007	8785
4724	8786
12	8787
8718	8788
5537	8789
7262	8790
3758	8791
8814	8792
1792	8793
5878	8794
370	8795
4077	8796
6454	8797
3795	8798
5266	8799
6543	8800
3134	8801
7492	8802
1061	8803
373	8804
3443	8805
275	8806
565	8807
298	8808
5752	8809
2724	8810
6896	8811
4884	8812
5127	8813
6678	8814
833	8815
1326	8816
7705	8817
5335	8818
6727	8819
219	8820
2716	8821
7878	8822
4637	8823
6969	8824
5738	8825
4773	8826
3564	8827
3400	8828
270	8829
5857	8830
4666	8831
4276	8832
2948	8833
5812	8834
4485	8835
2658	8836
5656	8837
92	8838
4971	8839
4753	8840
1728	8841
4928	8842
141	8843
171	8844
1042	8845
6998	8846
8251	8847
7931	8848
6852	8849
6491	8850
2251	8851
2443	8852
7784	8853
1118	8854
5135	8855
7226	8856
5614	8857
4063	8858
1450	8859
2881	8860
1333	8861
218	8862
276	8863
8105	8864
5722	8865
3031	8866
6701	8867
4534	8868
2982	8869
428	8870
1280	8871
3945	8872
7510	8873
3213	8874
582	8875
1145	8876
3836	8877
664	8878
4603	8879
6964	8880
4634	8881
670	8882
8011	8883
4159	8884
1024	8885
2231	8886
489	8887
1377	8888
3990	8889
4984	8890
286	8891
7401	8892
335	8893
3448	8894
5441	8895
718	8896
136	8897
683	8898
500	8899
581	8900
477	8901
701	8902
3176	8903
3252	8904
3344	8905
181	8906
938	8907
3778	8908
6626	8909
310	8910
3505	8911
1485	8912
2195	8913
2027	8914
9048	8915
6440	8916
2147	8917
6298	8918
648	8919
2103	8920
5997	8921
6587	8922
4146	8923
8349	8924
936	8925
1302	8926
2135	8927
6860	8928
527	8929
1842	8930
5010	8931
5374	8932
2054	8933
5823	8934
3133	8935
8313	8936
4915	8937
2386	8938
4536	8939
6578	8940
1105	8941
448	8942
4081	8943
8432	8944
3752	8945
8754	8946
5389	8947
7240	8948
6357	8949
7824	8950
6149	8951
7119	8952
1682	8953
4554	8954
7912	8955
2205	8956
9140	8957
3007	8958
3909	8959
6507	8960
4315	8961
5658	8962
2034	8963
1628	8964
615	8965
7628	8966
2605	8967
7105	8968
6717	8969
251	8970
1964	8971
4400	8972
8584	8973
715	8974
2431	8975
3718	8976
7343	8977
1357	8978
1833	8979
6940	8980
3125	8981
5941	8982
872	8983
12	8984
178	8985
3287	8986
4696	8987
4131	8988
5493	8989
1452	8990
2837	8991
882	8992
4611	8993
6208	8994
19	8995
623	8996
5799	8997
4763	8998
2088	8999
8411	9000
2860	9001
4001	9002
987	9003
844	9004
8561	9005
7085	9006
4358	9007
6620	9008
2760	9009
7700	9010
4717	9011
2196	9012
5055	9013
2612	9014
7592	9015
8463	9016
86	9017
6950	9018
8398	9019
6913	9020
8081	9021
8905	9022
3526	9023
7	9024
263	9025
4907	9026
8702	9027
604	9028
3005	9029
3469	9030
8150	9031
4204	9032
6515	9033
779	9034
3135	9035
8613	9036
3844	9037
907	9038
8512	9039
245	9040
2313	9041
383	9042
6299	9043
4119	9044
4654	9045
6113	9046
365	9047
3892	9048
3403	9049
3074	9050
8968	9051
4020	9052
8904	9053
2777	9054
5160	9055
55	9056
5170	9057
5553	9058
6203	9059
2153	9060
6368	9061
91	9062
1793	9063
1154	9064
526	9065
9142	9066
8064	9067
3040	9068
4987	9069
6115	9070
2580	9071
3288	9072
88	9073
741	9074
846	9075
59	9076
3924	9077
5250	9078
5651	9079
1367	9080
7156	9081
6238	9082
8227	9083
4798	9084
7768	9085
6850	9086
6326	9087
1577	9088
1507	9089
222	9090
6439	9091
4106	9092
1466	9093
7300	9094
2013	9095
2339	9096
8046	9097
105	9098
2470	9099
6936	9100
7594	9101
6328	9102
6166	9103
1753	9104
2358	9105
4855	9106
8	9107
8115	9108
986	9109
6550	9110
1449	9111
2621	9112
4333	9113
1247	9114
2615	9115
1170	9116
281	9117
7647	9118
2087	9119
1514	9120
3117	9121
1841	9122
4895	9123
2689	9124
6561	9125
2296	9126
2351	9127
7242	9128
7709	9129
4757	9130
8533	9131
958	9132
288	9133
7282	9134
6949	9135
6505	9136
2045	9137
6373	9138
4635	9139
3775	9140
2726	9141
4589	9142
781	9143
5875	9144
8033	9145
20	9146
6928	9147
6765	9148
2138	9149
2965	9150
481	9151
422	9152
2647	9153
4946	9154
5472	9155
4938	9156
3866	9157
4625	9158
3649	9159
4407	9160
6742	9161
4308	9162
8199	9163
9086	9164
5633	9165
2993	9166
123	9167
7767	9168
4339	9169
6476	9170
910	9171
5481	9172
76	9173
7827	9174
1119	9175
4160	9176
8987	9177
828	9178
5366	9179
625	9180
5884	9181
8289	9182
7162	9183
7983	9184
1765	9185
2808	9186
6070	9187
6873	9188
4538	9189
7714	9190
2102	9191
4331	9192
8027	9193
9034	9194
5302	9195
3325	9196
7059	9197
2083	9198
4465	9199
6053	9200
3823	9201
2721	9202
2518	9203
688	9204
491	9205
695	9206
414	9207
4262	9208
957	9209
3923	9210
1596	9211
5002	9212
341	9213
8026	9214
1702	9215
6371	9216
573	9217
7310	9218
8783	9219
5336	9220
565	9221
2770	9222
2255	9223
6330	9224
8992	9225
4377	9226
1400	9227
7544	9228
13	9229
7270	9230
717	9231
317	9232
1553	9233
2257	9234
5867	9235
9049	9236
7814	9237
1764	9238
7182	9239
4883	9240
4738	9241
6134	9242
531	9243
6797	9244
611	9245
3986	9246
8088	9247
431	9248
4672	9249
1517	9250
4683	9251
837	9252
7849	9253
574	9254
569	9255
8653	9256
8416	9257
5534	9258
4711	9259
1589	9260
5313	9261
1388	9262
506	9263
5437	9264
7820	9265
7072	9266
8680	9267
5193	9268
8472	9269
8999	9270
8447	9271
7117	9272
5856	9273
2146	9274
3091	9275
2085	9276
29	9277
3178	9278
4969	9279
5958	9280
5700	9281
695	9282
1370	9283
5816	9284
6682	9285
2305	9286
5246	9287
6917	9288
450	9289
49	9290
363	9291
3175	9292
3452	9293
4920	9294
6966	9295
6374	9296
1825	9297
4686	9298
8683	9299
1887	9300
3093	9301
5895	9302
7863	9303
1253	9304
5804	9305
4211	9306
7630	9307
3896	9308
8858	9309
2927	9310
3810	9311
1294	9312
5171	9313
5131	9314
1815	9315
7190	9316
8000	9317
1598	9318
8440	9319
548	9320
3579	9321
339	9322
2130	9323
5834	9324
495	9325
8756	9326
6995	9327
7408	9328
4226	9329
5798	9330
4736	9331
658	9332
2293	9333
1200	9334
5036	9335
5993	9336
2028	9337
3620	9338
4475	9339
490	9340
104	9341
7284	9342
810	9343
847	9344
8124	9345
2396	9346
2223	9347
6567	9348
7609	9349
5155	9350
2870	9351
2354	9352
4391	9353
1308	9354
5608	9355
6261	9356
4561	9357
417	9358
1299	9359
4894	9360
2616	9361
1923	9362
3416	9363
7789	9364
93	9365
7463	9366
3393	9367
7362	9368
8018	9369
5600	9370
2587	9371
2209	9372
7778	9373
206	9374
9156	9375
109	9376
3566	9377
3248	9378
7638	9379
5778	9380
241	9381
7759	9382
1171	9383
1566	9384
672	9385
8775	9386
7249	9387
2067	9388
408	9389
2481	9390
4658	9391
3349	9392
382	9393
5398	9394
8909	9395
3751	9396
8457	9397
7184	9398
3546	9399
1733	9400
7005	9401
2609	9402
4418	9403
7146	9404
8042	9405
1919	9406
7511	9407
7627	9408
6914	9409
8875	9410
193	9411
2538	9412
3026	9413
8225	9414
4272	9415
4309	9416
196	9417
6365	9418
7559	9419
3688	9420
502	9421
5628	9422
5453	9423
7791	9424
1393	9425
7447	9426
853	9427
369	9428
4531	9429
6667	9430
4778	9431
6803	9432
7583	9433
2953	9434
3156	9435
5709	9436
6684	9437
4093	9438
7395	9439
1863	9440
520	9441
7127	9442
6230	9443
7434	9444
5003	9445
245	9446
8279	9447
1054	9448
1155	9449
2416	9450
6615	9451
326	9452
1529	9453
3385	9454
634	9455
5928	9456
2897	9457
5004	9458
125	9459
8605	9460
5061	9461
5225	9462
6927	9463
7265	9464
3817	9465
6638	9466
3976	9467
1912	9468
8404	9469
4476	9470
1629	9471
6291	9472
1104	9473
7144	9474
7365	9475
270	9476
5759	9477
3852	9478
4196	9479
1175	9480
54	9481
576	9482
175	9483
6681	9484
8787	9485
2727	9486
242	9487
435	9488
434	9489
2703	9490
160	9491
7917	9492
880	9493
5198	9494
732	9495
1832	9496
7953	9497
2769	9498
7303	9499
4647	9500
5833	9501
6163	9502
1941	9503
5101	9504
7374	9505
1583	9506
35	9507
7984	9508
255	9509
8806	9510
8542	9511
1609	9512
3116	9513
2916	9514
6041	9515
6977	9516
1653	9517
5444	9518
8932	9519
2685	9520
324	9521
1830	9522
1138	9523
549	9524
2537	9525
8616	9526
1892	9527
306	9528
294	9529
5737	9530
8502	9531
5255	9532
197	9533
7561	9534
2649	9535
7619	9536
3192	9537
7790	9538
8980	9539
2172	9540
80	9541
152	9542
5735	9543
3631	9544
2143	9545
1880	9546
843	9547
5333	9548
8525	9549
465	9550
2669	9551
708	9552
631	9553
6026	9554
6545	9555
524	9556
4144	9557
5733	9558
7532	9559
2653	9560
4797	9561
4954	9562
6241	9563
7999	9564
5846	9565
6649	9566
1139	9567
4462	9568
2160	9569
6892	9570
5681	9571
5404	9572
2450	9573
3263	9574
6379	9575
3070	9576
1076	9577
8076	9578
6457	9579
2739	9580
9043	9581
9099	9582
137	9583
1141	9584
8926	9585
5618	9586
5995	9587
7314	9588
3981	9589
6605	9590
3257	9591
2457	9592
5357	9593
4901	9594
4832	9595
6078	9596
6381	9597
7926	9598
8672	9599
8090	9600
81	9601
311	9602
2866	9603
4537	9604
5592	9605
6616	9606
657	9607
5175	9608
8835	9609
6767	9610
4438	9611
3270	9612
9122	9613
8963	9614
1013	9615
4014	9616
7364	9617
1925	9618
7804	9619
1281	9620
8940	9621
6463	9622
7050	9623
8174	9624
5627	9625
6296	9626
8135	9627
7667	9628
127	9629
9044	9630
5981	9631
8918	9632
654	9633
94	9634
344	9635
908	9636
5247	9637
1418	9638
8384	9639
5830	9640
8159	9641
2886	9642
3967	9643
3283	9644
7729	9645
144	9646
5000	9647
2935	9648
671	9649
2271	9650
5309	9651
7572	9652
2573	9653
2	9654
3508	9655
3229	9656
328	9657
7541	9658
5064	9659
6566	9660
2933	9661
2817	9662
549	9663
8704	9664
292	9665
502	9666
195	9667
3484	9668
1413	9669
9059	9670
8340	9671
1289	9672
7370	9673
1493	9674
6431	9675
3820	9676
1457	9677
6612	9678
3733	9679
8109	9680
21	9681
2520	9682
194	9683
8025	9684
3035	9685
1898	9686
7851	9687
8627	9688
332	9689
696	9690
7465	9691
6814	9692
553	9693
570	9694
1584	9695
4227	9696
385	9697
4316	9698
8482	9699
2462	9700
4304	9701
8097	9702
562	9703
733	9704
7020	9705
6426	9706
8245	9707
4495	9708
2007	9709
8855	9710
33	9711
5034	9712
8077	9713
2163	9714
1762	9715
8633	9716
5843	9717
3864	9718
5837	9719
7556	9720
3735	9721
4143	9722
3438	9723
5227	9724
8320	9725
1068	9726
768	9727
7947	9728
2507	9729
4857	9730
6622	9731
7261	9732
2434	9733
2283	9734
673	9735
8587	9736
1651	9737
2970	9738
4937	9739
7379	9740
2731	9741
345	9742
7587	9743
9145	9744
1267	9745
6353	9746
2720	9747
6880	9748
419	9749
1875	9750
1332	9751
3481	9752
532	9753
757	9754
2844	9755
4795	9756
1012	9757
8278	9758
7537	9759
707	9760
406	9761
1459	9762
9162	9763
7208	9764
23	9765
7673	9766
1994	9767
5723	9768
3697	9769
2535	9770
4243	9771
225	9772
2040	9773
1594	9774
8249	9775
509	9776
6450	9777
8343	9778
6659	9779
1513	9780
165	9781
702	9782
354	9783
7658	9784
1252	9785
7816	9786
4962	9787
2705	9788
7655	9789
5970	9790
6519	9791
689	9792
4689	9793
1895	9794
3818	9795
829	9796
1392	9797
4421	9798
1831	9799
66	9800
894	9801
6158	9802
5827	9803
4181	9804
6592	9805
1426	9806
4846	9807
7914	9808
8642	9809
3318	9810
1182	9811
2758	9812
8290	9813
6469	9814
2144	9815
85	9816
8549	9817
5494	9818
2814	9819
5041	9820
4439	9821
7892	9822
5499	9823
5215	9824
5102	9825
612	9826
5157	9827
2456	9828
7332	9829
60	9830
9127	9831
1437	9832
5507	9833
37	9834
7904	9835
1986	9836
7097	9837
4396	9838
9155	9839
100	9840
9063	9841
5991	9842
175	9843
3488	9844
1142	9845
5905	9846
8126	9847
8036	9848
8671	9849
4885	9850
7570	9851
1772	9852
3204	9853
2289	9854
8752	9855
8550	9856
1241	9857
2219	9858
2183	9859
2435	9860
316	9861
4957	9862
8871	9863
8220	9864
1660	9865
5132	9866
7256	9867
545	9868
7597	9869
271	9870
6184	9871
6089	9872
4239	9873
2688	9874
7267	9875
2241	9876
8191	9877
5898	9878
2060	9879
5033	9880
8602	9881
1353	9882
210	9883
4520	9884
5874	9885
9057	9886
3743	9887
1391	9888
1801	9889
2208	9890
4097	9891
5208	9892
8454	9893
8661	9894
4008	9895
357	9896
47	9897
2404	9898
5425	9899
362	9900
5438	9901
6000	9902
8851	9903
4220	9904
5774	9905
6817	9906
3022	9907
3972	9908
2220	9909
3878	9910
1161	9911
154	9912
8422	9913
8640	9914
114	9915
2559	9916
4298	9917
152	9918
5503	9919
7396	9920
231	9921
606	9922
7941	9923
1079	9924
1383	9925
6060	9926
1944	9927
8458	9928
4415	9929
941	9930
8985	9931
2521	9932
8701	9933
8648	9934
8782	9935
542	9936
462	9937
5402	9938
4927	9939
149	9940
5768	9941
1554	9942
765	9943
670	9944
682	9945
7448	9946
2550	9947
585	9948
504	9949
5421	9950
6215	9951
4295	9952
7236	9953
610	9954
6475	9955
5165	9956
6356	9957
8879	9958
5849	9959
2796	9960
8376	9961
1780	9962
9102	9963
2932	9964
2868	9965
2717	9966
8022	9967
8715	9968
3898	9969
5516	9970
429	9971
7194	9972
6737	9973
6364	9974
1016	9975
7535	9976
4366	9977
3370	9978
4596	9979
4057	9980
3050	9981
8461	9982
729	9983
4172	9984
3727	9985
8617	9986
2483	9987
8257	9988
3119	9989
3154	9990
2889	9991
3160	9992
3347	9993
5684	9994
5414	9995
4267	9996
1718	9997
1471	9998
3772	9999
8993	10000
