175	1
8252	2
350	3
201	4
8498	5
4610	6
9486	7
1394	8
7337	9
7085	10
6114	11
4642	12
8928	13
5414	14
4650	15
7304	16
7319	17
8190	18
6707	19
4622	20
1403	21
5606	22
6532	23
7876	24
8160	25
268	26
7824	27
8404	28
5487	29
8165	30
9293	31
6956	32
3314	33
4638	34
6976	35
3965	36
3840	37
252	38
7313	39
2351	40
24	41
3541	42
9287	43
3022	44
9595	45
1362	46
6024	47
391	48
6095	49
2912	50
8725	51
3023	52
4608	53
8169	54
4054	55
3018	56
3017	57
7692	58
7166	59
9295	60
4625	61
8184	62
8181	63
3043	64
7302	65
1026	66
8192	67
3789	68
9262	69
6796	70
1311	71
7293	72
9292	73
8800	74
3062	75
6325	76
3041	77
7305	78
6087	79
5337	80
9652	81
2450	82
5670	83
7627	84
8072	85
26	86
7718	87
3234	88
1608	89
83	90
1609	91
1356	92
787	93
999	94
9716	95
9307	96
3138	97
560	98
6108	99
8171	100
2603	101
2332	102
1389	103
8798	104
650	105
2641	106
3182	107
5284	108
4180	109
7360	110
4332	111
7269	112
3990	113
7307	114
7124	115
2269	116
4621	117
1374	118
6089	119
6074	120
8807	121
7458	122
7317	123
7334	124
2225	125
3771	126
8157	127
7325	128
269	129
5584	130
2682	131
6118	132
1361	133
7174	134
4251	135
286	136
9026	137
1657	138
6378	139
9261	140
202	141
9024	142
4209	143
4654	144
6186	145
7427	146
8821	147
7629	148
3012	149
5577	150
4873	151
4037	152
34	153
7276	154
5317	155
9351	156
272	157
5084	158
186	159
422	160
8615	161
4895	162
8814	163
6047	164
196	165
692	166
4230	167
2942	168
7177	169
7263	170
7688	171
7274	172
3975	173
5669	174
7241	175
7030	176
4296	177
763	178
6529	179
4913	180
9031	181
1145	182
4603	183
138	184
6289	185
3349	186
3189	187
4996	188
1599	189
193	190
4445	191
851	192
5879	193
1907	194
3271	195
2534	196
1696	197
8029	198
2766	199
4819	200
5403	201
7391	202
3651	203
2661	204
812	205
9039	206
661	207
2235	208
2931	209
9533	210
8352	211
7867	212
7915	213
3517	214
6850	215
8968	216
3226	217
2098	218
2665	219
6337	220
2943	221
9148	222
3071	223
2708	224
7686	225
9259	226
7681	227
3447	228
6194	229
3745	230
9527	231
7745	232
7925	233
7411	234
9670	235
2800	236
8961	237
6560	238
250	239
3827	240
4961	241
1687	242
5132	243
125	244
960	245
5705	246
5656	247
8439	248
7407	249
9268	250
3092	251
7361	252
3883	253
6895	254
9627	255
6476	256
4137	257
4766	258
3283	259
5384	260
416	261
5933	262
7321	263
3572	264
37	265
9112	266
3485	267
2053	268
4806	269
5893	270
1493	271
6682	272
2758	273
774	274
6769	275
6406	276
5861	277
3662	278
3823	279
7932	280
7849	281
9166	282
3631	283
1007	284
2109	285
2350	286
6093	287
7481	288
5528	289
6556	290
4878	291
7257	292
1967	293
3523	294
2338	295
4987	296
6970	297
6860	298
9477	299
4468	300
3948	301
5151	302
8724	303
2216	304
4166	305
148	306
3264	307
3860	308
5722	309
364	310
3494	311
6146	312
6427	313
4909	314
7578	315
3346	316
4889	317
3866	318
1455	319
42	320
6472	321
3924	322
1555	323
460	324
3582	325
7487	326
5934	327
5738	328
4893	329
746	330
8788	331
9096	332
3440	333
9444	334
1910	335
5429	336
961	337
1714	338
7766	339
4306	340
6688	341
7620	342
65	343
3865	344
2538	345
8601	346
1723	347
473	348
1144	349
6073	350
6641	351
2177	352
8729	353
3426	354
6654	355
8285	356
6373	357
7779	358
1561	359
3474	360
1553	361
8539	362
3132	363
7602	364
3262	365
2454	366
4509	367
4195	368
1300	369
6005	370
9131	371
3270	372
8888	373
5180	374
7008	375
7086	376
8554	377
6155	378
8813	379
5690	380
4174	381
7776	382
3435	383
4643	384
7709	385
243	386
3682	387
1222	388
8810	389
8111	390
3410	391
2318	392
4951	393
6262	394
7700	395
2392	396
3661	397
9555	398
3720	399
2762	400
4388	401
279	402
626	403
1901	404
7743	405
9019	406
2075	407
8485	408
1946	409
5134	410
8713	411
7729	412
744	413
879	414
2227	415
6109	416
1844	417
5855	418
9187	419
1068	420
5193	421
8018	422
3219	423
6530	424
3705	425
5055	426
8005	427
4855	428
7115	429
8958	430
9686	431
4931	432
363	433
5963	434
9108	435
7221	436
1740	437
144	438
136	439
7294	440
3918	441
4275	442
5700	443
7193	444
7878	445
4410	446
5111	447
7071	448
3231	449
6899	450
6739	451
3702	452
9656	453
5395	454
40	455
1620	456
3957	457
1643	458
8071	459
5265	460
8858	461
9760	462
6422	463
3438	464
8135	465
5463	466
177	467
9504	468
2099	469
2107	470
2514	471
4602	472
6783	473
3049	474
1513	475
8865	476
1511	477
7551	478
3076	479
1596	480
6977	481
8470	482
1156	483
5	484
6690	485
2259	486
6418	487
7366	488
1603	489
6788	490
914	491
5299	492
7741	493
4653	494
3303	495
7159	496
7802	497
7359	498
7742	499
5906	500
2808	501
855	502
7768	503
8738	504
16	505
7684	506
179	507
823	508
9650	509
1949	510
5499	511
8515	512
3190	513
1764	514
3095	515
8087	516
4577	517
445	518
1179	519
2532	520
5157	521
688	522
6863	523
2917	524
7996	525
7290	526
6128	527
872	528
5828	529
202	530
8786	531
4662	532
5903	533
2347	534
66	535
9473	536
7590	537
7806	538
9514	539
5244	540
3329	541
2843	542
2348	543
6686	544
6353	545
9102	546
8736	547
8056	548
75	549
8170	550
2319	551
5663	552
9614	553
7758	554
1913	555
1329	556
5330	557
9225	558
4141	559
8843	560
4888	561
8016	562
2716	563
3837	564
1991	565
5610	566
711	567
399	568
401	569
7723	570
6526	571
4013	572
270	573
6852	574
3026	575
52	576
4636	577
4975	578
2294	579
5318	580
3456	581
8663	582
3880	583
3931	584
3113	585
6679	586
2175	587
8232	588
5131	589
1829	590
6199	591
1529	592
68	593
1248	594
1644	595
8247	596
6027	597
3564	598
2882	599
1495	600
6989	601
9228	602
644	603
2019	604
1984	605
2320	606
9737	607
1187	608
2379	609
5957	610
9529	611
679	612
4670	613
859	614
1522	615
2698	616
3202	617
4178	618
1754	619
6113	620
8830	621
51	622
6773	623
8586	624
6581	625
1695	626
207	627
4550	628
2947	629
3117	630
5358	631
8650	632
5305	633
4714	634
801	635
8035	636
4227	637
153	638
4307	639
3078	640
2406	641
4629	642
5245	643
9681	644
8421	645
9631	646
8454	647
5945	648
8417	649
4005	650
4686	651
1795	652
99	653
1164	654
7378	655
1677	656
3786	657
3752	658
6772	659
5583	660
1147	661
6727	662
8954	663
1574	664
7268	665
2192	666
3966	667
8645	668
5578	669
6165	670
8385	671
2356	672
9034	673
9171	674
8906	675
2360	676
8001	677
7340	678
5593	679
3886	680
7164	681
3140	682
8912	683
1166	684
4845	685
3241	686
3260	687
9414	688
361	689
8284	690
56	691
540	692
2049	693
9089	694
6674	695
8939	696
3944	697
4776	698
3853	699
420	700
2655	701
7903	702
5422	703
7047	704
3947	705
7949	706
423	707
3339	708
7223	709
1622	710
8452	711
9173	712
7780	713
9305	714
3680	715
1591	716
7469	717
2258	718
4087	719
8240	720
674	721
5954	722
9008	723
6754	724
3856	725
3158	726
6882	727
2521	728
3288	729
2457	730
3508	731
5138	732
2399	733
4524	734
3037	735
2426	736
3417	737
1284	738
803	739
1468	740
8916	741
6756	742
9556	743
8760	744
8505	745
9500	746
7875	747
4475	748
9436	749
6925	750
5197	751
8681	752
1980	753
9549	754
7872	755
4368	756
4183	757
230	758
6419	759
6122	760
4990	761
447	762
4749	763
9350	764
5911	765
5875	766
476	767
7197	768
9553	769
6282	770
4456	771
5522	772
7697	773
5842	774
7606	775
3312	776
5968	777
2844	778
214	779
5307	780
7022	781
836	782
2316	783
8927	784
5347	785
9679	786
3852	787
7916	788
4541	789
1699	790
6695	791
9022	792
6323	793
1830	794
6996	795
2003	796
4390	797
9156	798
9690	799
6753	800
6327	801
21	802
731	803
3478	804
1254	805
7216	806
4085	807
7034	808
6578	809
9661	810
141	811
1811	812
1223	813
6360	814
50	815
5203	816
149	817
6535	818
3473	819
8635	820
7821	821
7962	822
1569	823
9530	824
3454	825
5686	826
2990	827
3875	828
9147	829
9464	830
1618	831
9557	832
4242	833
5869	834
7125	835
1176	836
9669	837
9251	838
3248	839
4848	840
2773	841
8507	842
1605	843
1615	844
3558	845
3501	846
7703	847
3890	848
2339	849
4108	850
8070	851
2036	852
5794	853
7092	854
8248	855
1240	856
598	857
3972	858
8132	859
2242	860
8941	861
670	862
655	863
3544	864
7663	865
7225	866
1887	867
3294	868
7324	869
616	870
606	871
9323	872
6666	873
2038	874
5990	875
1099	876
7847	877
1724	878
1153	879
8127	880
7183	881
160	882
4147	883
6902	884
8579	885
6139	886
7913	887
496	888
535	889
5254	890
4347	891
6866	892
2528	893
4877	894
741	895
4059	896
8465	897
5080	898
5226	899
1244	900
6157	901
8841	902
6496	903
1005	904
6272	905
7582	906
1062	907
9308	908
6318	909
2541	910
3306	911
3887	912
6391	913
4783	914
8315	915
4879	916
3758	917
3844	918
3604	919
7032	920
5162	921
7014	922
6259	923
1885	924
4682	925
9672	926
6453	927
3319	928
5437	929
9050	930
1458	931
2789	932
5979	933
7265	934
6493	935
7733	936
9482	937
2835	938
6677	939
8646	940
4884	941
5552	942
2220	943
7	944
7170	945
8687	946
2572	947
5695	948
1003	949
4945	950
6980	951
95	952
3703	953
4453	954
2619	955
8833	956
5927	957
3421	958
446	959
2796	960
5471	961
2961	962
4925	963
9377	964
9647	965
5185	966
5377	967
5837	968
6845	969
7104	970
1141	971
1205	972
2934	973
3309	974
2971	975
6565	976
390	977
8373	978
9481	979
155	980
193	981
3927	982
8124	983
7839	984
2839	985
5791	986
8782	987
7756	988
3056	989
8026	990
4555	991
9704	992
3889	993
5937	994
1266	995
1647	996
7769	997
6255	998
1191	999
6742	1000
2022	1001
765	1002
3734	1003
6103	1004
5710	1005
7773	1006
8513	1007
5427	1008
8066	1009
2540	1010
3351	1011
1705	1012
212	1013
2709	1014
5744	1015
7799	1016
2888	1017
9160	1018
4235	1019
6938	1020
7608	1021
1990	1022
3476	1023
7122	1024
41	1025
6358	1026
1077	1027
5729	1028
7600	1029
158	1030
7737	1031
8745	1032
2310	1033
7106	1034
9237	1035
6737	1036
6250	1037
685	1038
2900	1039
8666	1040
2432	1041
7394	1042
8805	1043
9240	1044
5965	1045
8926	1046
7609	1047
5118	1048
5069	1049
8366	1050
7538	1051
8322	1052
4633	1053
8040	1054
6672	1055
5076	1056
8183	1057
873	1058
7095	1059
7553	1060
6880	1061
8197	1062
6133	1063
5920	1064
7523	1065
8015	1066
8103	1067
8375	1068
7456	1069
8343	1070
6694	1071
8376	1072
7533	1073
7653	1074
8361	1075
7078	1076
8180	1077
4029	1078
8911	1079
2643	1080
7117	1081
714	1082
7076	1083
9740	1084
6206	1085
5167	1086
2838	1087
8204	1088
8153	1089
8966	1090
3058	1091
8534	1092
9387	1093
6747	1094
4220	1095
7478	1096
100	1097
132	1098
1564	1099
8768	1100
2299	1101
2901	1102
541	1103
9333	1104
289	1105
9358	1106
8269	1107
8739	1108
5615	1109
7922	1110
3147	1111
6720	1112
62	1113
7473	1114
9357	1115
6949	1116
4304	1117
162	1118
4069	1119
2898	1120
1554	1121
2311	1122
3422	1123
1290	1124
2126	1125
1357	1126
8144	1127
2976	1128
2522	1129
4926	1130
1972	1131
6379	1132
8698	1133
6839	1134
5348	1135
1559	1136
4148	1137
2023	1138
205	1139
2169	1140
9580	1141
5194	1142
4194	1143
6271	1144
3695	1145
2055	1146
2423	1147
1464	1148
4746	1149
1956	1150
3723	1151
5673	1152
6874	1153
4264	1154
5225	1155
3137	1156
6657	1157
9420	1158
818	1159
6306	1160
2302	1161
94	1162
1117	1163
5699	1164
7038	1165
6079	1166
168	1167
4751	1168
970	1169
3566	1170
9347	1171
3639	1172
45	1173
8950	1174
6178	1175
4529	1176
9426	1177
8664	1178
6312	1179
6399	1180
5409	1181
9063	1182
8707	1183
71	1184
633	1185
148	1186
779	1187
7833	1188
4217	1189
2546	1190
9455	1191
1349	1192
1894	1193
9304	1194
9662	1195
7464	1196
2807	1197
4366	1198
7966	1199
7985	1200
101	1201
7238	1202
9667	1203
5455	1204
3993	1205
8889	1206
2159	1207
1826	1208
1277	1209
7641	1210
8266	1211
9260	1212
8309	1213
8443	1214
4674	1215
762	1216
9288	1217
6220	1218
4277	1219
2559	1220
38	1221
3464	1222
3302	1223
76	1224
6258	1225
2137	1226
458	1227
7409	1228
4584	1229
5817	1230
9169	1231
931	1232
217	1233
894	1234
7763	1235
5725	1236
776	1237
9710	1238
1679	1239
2032	1240
9212	1241
8344	1242
5293	1243
9772	1244
3323	1245
7141	1246
1718	1247
6401	1248
1619	1249
3592	1250
1763	1251
1441	1252
46	1253
5343	1254
5905	1255
2236	1256
4106	1257
4095	1258
3787	1259
1211	1260
1748	1261
5166	1262
5302	1263
4408	1264
49	1265
7461	1266
9368	1267
8854	1268
176	1269
9092	1270
2303	1271
1798	1272
3484	1273
6887	1274
5104	1275
7521	1276
3089	1277
5163	1278
2858	1279
200	1280
2366	1281
1556	1282
4853	1283
7665	1284
6658	1285
716	1286
538	1287
877	1288
4631	1289
5742	1290
266	1291
96	1292
4720	1293
2	1294
7710	1295
6067	1296
9332	1297
8597	1298
8422	1299
8779	1300
7589	1301
589	1302
6132	1303
5263	1304
1582	1305
2466	1306
7656	1307
46	1308
6588	1309
6010	1310
8502	1311
1964	1312
2732	1313
4960	1314
8639	1315
7615	1316
1711	1317
9239	1318
7217	1319
119	1320
3804	1321
64	1322
1257	1323
2184	1324
3384	1325
9321	1326
8436	1327
866	1328
2642	1329
5592	1330
1065	1331
5648	1332
4901	1333
4883	1334
543	1335
9028	1336
3287	1337
7502	1338
7041	1339
1319	1340
6943	1341
2373	1342
3074	1343
3876	1344
7530	1345
7944	1346
1115	1347
6733	1348
2602	1349
1189	1350
1105	1351
6435	1352
5721	1353
7399	1354
8208	1355
5513	1356
8612	1357
6215	1358
1325	1359
5907	1360
7625	1361
6467	1362
1768	1363
4428	1364
1893	1365
6148	1366
198	1367
2436	1368
6395	1369
1898	1370
7372	1371
915	1372
8037	1373
3355	1374
3110	1375
4267	1376
5853	1377
7652	1378
2073	1379
8433	1380
2536	1381
2100	1382
1560	1383
2431	1384
9058	1385
7950	1386
1778	1387
3020	1388
8874	1389
1900	1390
6284	1391
9126	1392
7705	1393
6304	1394
9041	1395
8636	1396
2745	1397
3909	1398
9315	1399
6075	1400
2174	1401
8151	1402
8481	1403
4294	1404
170	1405
8176	1406
6957	1407
96	1408
2071	1409
8879	1410
6628	1411
6971	1412
4033	1413
1914	1414
1279	1415
3663	1416
8700	1417
3809	1418
1750	1419
9619	1420
4687	1421
9561	1422
9023	1423
2498	1424
1056	1425
8839	1426
648	1427
8199	1428
9299	1429
5222	1430
59	1431
6706	1432
8809	1433
3434	1434
5209	1435
186	1436
485	1437
8475	1438
603	1439
4928	1440
6433	1441
7018	1442
1545	1443
5469	1444
6096	1445
9509	1446
2357	1447
4929	1448
8460	1449
3096	1450
562	1451
1892	1452
265	1453
8347	1454
5120	1455
6553	1456
2494	1457
8918	1458
5874	1459
2804	1460
6124	1461
4081	1462
3032	1463
7212	1464
2555	1465
1429	1466
4573	1467
3364	1468
2191	1469
9458	1470
2834	1471
1092	1472
8684	1473
6561	1474
3540	1475
5448	1476
4041	1477
3982	1478
6858	1479
7583	1480
4172	1481
1012	1482
2737	1483
2238	1484
5098	1485
5012	1486
8220	1487
3739	1488
199	1489
8952	1490
5044	1491
2213	1492
6116	1493
5780	1494
6579	1495
1233	1496
5761	1497
4785	1498
8629	1499
4149	1500
2072	1501
4200	1502
9196	1503
2130	1504
1652	1505
6547	1506
736	1507
9467	1508
9188	1509
546	1510
5155	1511
9499	1512
4503	1513
2667	1514
8349	1515
1253	1516
439	1517
3272	1518
6995	1519
1358	1520
7877	1521
3594	1522
6721	1523
4841	1524
6736	1525
984	1526
4053	1527
280	1528
3619	1529
4988	1530
874	1531
9729	1532
2884	1533
8028	1534
7214	1535
7893	1536
4046	1537
7892	1538
2171	1539
5641	1540
662	1541
2090	1542
4549	1543
3365	1544
2168	1545
8655	1546
1177	1547
5308	1548
9124	1549
6381	1550
386	1551
6090	1552
5753	1553
220	1554
5588	1555
3379	1556
9639	1557
5121	1558
5897	1559
9186	1560
5036	1561
9405	1562
8308	1563
9245	1564
127	1565
480	1566
6144	1567
1510	1568
3029	1569
7496	1570
8209	1571
806	1572
7108	1573
1703	1574
8722	1575
4017	1576
3679	1577
6799	1578
7731	1579
2439	1580
2782	1581
1094	1582
325	1583
8106	1584
2720	1585
4844	1586
7503	1587
3984	1588
625	1589
368	1590
6296	1591
1767	1592
4022	1593
8407	1594
1360	1595
5137	1596
9544	1597
1373	1598
6489	1599
6821	1600
4089	1601
197	1602
8211	1603
3650	1604
7333	1605
6540	1606
6097	1607
4980	1608
6051	1609
6934	1610
3603	1611
407	1612
9583	1613
1796	1614
9238	1615
4834	1616
3736	1617
6715	1618
4198	1619
8893	1620
6988	1621
5697	1622
8359	1623
7113	1624
6123	1625
6277	1626
267	1627
8898	1628
9252	1629
334	1630
4763	1631
1729	1632
5214	1633
292	1634
283	1635
1742	1636
2583	1637
6310	1638
3857	1639
4742	1640
5381	1641
1301	1642
8787	1643
7023	1644
5759	1645
6584	1646
5991	1647
6421	1648
3775	1649
7082	1650
7075	1651
3266	1652
7908	1653
8547	1654
5640	1655
3232	1656
2121	1657
1048	1658
15	1659
4476	1660
1243	1661
3496	1662
2276	1663
5424	1664
7564	1665
9221	1666
2576	1667
5107	1668
2375	1669
4121	1670
7754	1671
7515	1672
1719	1673
9121	1674
2779	1675
5152	1676
7631	1677
2753	1678
6274	1679
7618	1680
84	1681
8754	1682
3632	1683
1275	1684
846	1685
9640	1686
2856	1687
7455	1688
8758	1689
700	1690
7329	1691
6225	1692
3204	1693
1833	1694
1932	1695
3481	1696
425	1697
4169	1698
725	1699
8744	1700
8913	1701
6412	1702
3194	1703
900	1704
6955	1705
444	1706
5438	1707
3160	1708
7474	1709
8853	1710
2659	1711
3470	1712
6445	1713
4430	1714
2989	1715
9044	1716
408	1717
1903	1718
3441	1719
5650	1720
381	1721
5397	1722
508	1723
7096	1724
8355	1725
3725	1726
2651	1727
6022	1728
748	1729
2178	1730
6080	1731
8902	1732
4940	1733
3655	1734
4950	1735
2831	1736
3520	1737
5542	1738
9624	1739
5651	1740
6590	1741
7338	1742
4484	1743
8226	1744
4225	1745
993	1746
9079	1747
4482	1748
8680	1749
3971	1750
9152	1751
676	1752
8602	1753
3850	1754
4613	1755
8201	1756
7207	1757
3366	1758
4447	1759
5665	1760
4038	1761
7689	1762
5773	1763
8118	1764
3822	1765
139	1766
1558	1767
1520	1768
9415	1769
4846	1770
9722	1771
4479	1772
750	1773
18	1774
18	1775
6475	1776
8978	1777
9283	1778
1648	1779
2405	1780
8541	1781
2819	1782
5496	1783
7341	1784
3102	1785
4859	1786
6999	1787
2666	1788
9379	1789
9654	1790
412	1791
3842	1792
9594	1793
403	1794
9532	1795
2452	1796
3127	1797
2371	1798
2695	1799
8215	1800
9220	1801
3334	1802
1954	1803
4542	1804
5994	1805
7260	1806
4661	1807
2950	1808
4754	1809
2886	1810
449	1811
5579	1812
7811	1813
3795	1814
3240	1815
5647	1816
8408	1817
968	1818
69	1819
4871	1820
4469	1821
5574	1822
5010	1823
3227	1824
2148	1825
402	1826
7097	1827
7061	1828
8384	1829
972	1830
2241	1831
162	1832
5047	1833
5659	1834
7964	1835
934	1836
25	1837
8402	1838
9508	1839
7611	1840
4657	1841
3831	1842
105	1843
9668	1844
7049	1845
6424	1846
297	1847
7206	1848
3055	1849
3779	1850
2096	1851
8938	1852
8141	1853
6973	1854
2653	1855
8752	1856
2005	1857
7977	1858
6355	1859
2102	1860
8980	1861
2200	1862
1847	1863
5692	1864
785	1865
3317	1866
2142	1867
2853	1868
9339	1869
7835	1870
1693	1871
3209	1872
2058	1873
8297	1874
3387	1875
3986	1876
7772	1877
5433	1878
4486	1879
6892	1880
2715	1881
5392	1882
669	1883
7715	1884
5678	1885
3011	1886
7138	1887
55	1888
8034	1889
1314	1890
4789	1891
5887	1892
8272	1893
6464	1894
1090	1895
3863	1896
4187	1897
4435	1898
4726	1899
3229	1900
6830	1901
4303	1902
5049	1903
4802	1904
8884	1905
1104	1906
9490	1907
1517	1908
1920	1909
1931	1910
2977	1911
2363	1912
1454	1913
4432	1914
7348	1915
2930	1916
2845	1917
9120	1918
1831	1919
1621	1920
207	1921
5048	1922
4683	1923
4175	1924
5778	1925
4775	1926
9144	1927
4947	1928
2841	1929
7288	1930
301	1931
949	1932
1297	1933
9087	1934
6066	1935
5572	1936
7730	1937
2646	1938
218	1939
3943	1940
6084	1941
4680	1942
9518	1943
4703	1944
6604	1945
2958	1946
4382	1947
5239	1948
8368	1949
8895	1950
2289	1951
6546	1952
9162	1953
2116	1954
2906	1955
7774	1956
9056	1957
5811	1958
131	1959
3411	1960
8336	1961
8708	1962
7902	1963
2035	1964
8261	1965
5452	1966
3184	1967
3389	1968
833	1969
7612	1970
8477	1971
184	1972
9005	1973
5750	1974
6744	1975
355	1976
2095	1977
3019	1978
8917	1979
1260	1980
773	1981
4839	1982
2395	1983
4096	1984
7236	1985
8545	1986
6183	1987
7390	1988
6508	1989
5526	1990
1368	1991
9374	1992
1388	1993
858	1994
2057	1995
8593	1996
3754	1997
6748	1998
5177	1999
6362	2000
4777	2001
5160	2002
682	2003
4943	2004
4646	2005
4124	2006
4262	2007
8804	2008
299	2009
1267	2010
6131	2011
9195	2012
572	2013
237	2014
9229	2015
9570	2016
4616	2017
7483	2018
2992	2019
4189	2020
150	2021
7757	2022
8363	2023
3048	2024
1785	2025
8553	2026
5666	2027
6577	2028
9456	2029
7890	2030
1866	2031
2221	2032
11	2033
1577	2034
7604	2035
8808	2036
6652	2037
5971	2038
4807	2039
9348	2040
98	2041
7484	2042
7240	2043
2775	2044
8120	2045
1836	2046
558	2047
3515	2048
3463	2049
7783	2050
9723	2051
7765	2052
1805	2053
4840	2054
1597	2055
6545	2056
5288	2057
2919	2058
6343	2059
2002	2060
3530	2061
3586	2062
1071	2063
820	2064
8115	2065
2472	2066
5087	2067
9205	2068
5975	2069
665	2070
9608	2071
4502	2072
9648	2073
6357	2074
9320	2075
5925	2076
1637	2077
667	2078
4941	2079
580	2080
8453	2081
4934	2082
140	2083
6110	2084
8873	2085
8081	2086
8542	2087
57	2088
5150	2089
1927	2090
9146	2091
3361	2092
2997	2093
7683	2094
2103	2095
5425	2096
2204	2097
2438	2098
4837	2099
1467	2100
9528	2101
6655	2102
9172	2103
4521	2104
4508	2105
4186	2106
3057	2107
9646	2108
1	2109
4793	2110
471	2111
9154	2112
2006	2113
9709	2114
3621	2115
72	2116
3871	2117
13	2118
81	2119
8689	2120
5940	2121
2935	2122
118	2123
105	2124
4769	2125
239	2126
6513	2127
1786	2128
8831	2129
983	2130
6992	2131
373	2132
8162	2133
2717	2134
3522	2135
3254	2136
2088	2137
2710	2138
8198	2139
9745	2140
2429	2141
1819	2142
427	2143
428	2144
2531	2145
7247	2146
1616	2147
926	2148
5604	2149
2561	2150
3671	2151
6482	2152
8161	2153
5716	2154
8532	2155
4158	2156
8450	2157
767	2158
8463	2159
7393	2160
9605	2161
7064	2162
9535	2163
9103	2164
8493	2165
911	2166
913	2167
886	2168
891	2169
895	2170
6837	2171
3304	2172
5772	2173
8022	2174
2933	2175
6192	2176
1506	2177
9095	2178
4504	2179
8365	2180
8919	2181
8228	2182
8264	2183
532	2184
9326	2185
7851	2186
5066	2187
8881	2188
1634	2189
7675	2190
4132	2191
1645	2192
9101	2193
8685	2194
824	2195
4125	2196
5179	2197
3290	2198
5459	2199
2511	2200
7941	2201
5701	2202
5508	2203
7040	2204
7959	2205
8701	2206
2547	2207
8609	2208
9145	2209
2314	2210
5724	2211
4152	2212
7199	2213
2634	2214
9059	2215
4463	2216
1572	2217
9602	2218
3080	2219
2074	2220
2150	2221
2891	2222
8793	2223
2675	2224
6718	2225
2738	2226
3777	2227
1203	2228
203	2229
4440	2230
1480	2231
1562	2232
8311	2233
7645	2234
4354	2235
7152	2236
1123	2237
7998	2238
4592	2239
7486	2240
3759	2241
7280	2242
3406	2243
4571	2244
9629	2245
9589	2246
376	2247
8182	2248
5045	2249
2881	2250
3743	2251
366	2252
9265	2253
2570	2254
6501	2255
2255	2256
6341	2257
1628	2258
1793	2259
3267	2260
126	2261
8268	2262
8944	2263
3933	2264
6294	2265
6660	2266
4314	2267
3475	2268
796	2269
2478	2270
6566	2271
5726	2272
4737	2273
1238	2274
3798	2275
6486	2276
3884	2277
8584	2278
4858	2279
3427	2280
7738	2281
3067	2282
9202	2283
6235	2284
5505	2285
438	2286
2416	2287
1504	2288
5936	2289
5320	2290
9388	2291
1851	2292
4773	2293
4330	2294
3654	2295
2010	2296
4830	2297
5418	2298
4522	2299
777	2300
2725	2301
4708	2302
1873	2303
1306	2304
6492	2305
2688	2306
5357	2307
4715	2308
226	2309
2228	2310
1534	2311
7419	2312
8321	2313
7165	2314
8610	2315
468	2316
2669	2317
5768	2318
2611	2319
3331	2320
411	2321
8625	2322
2050	2323
196	2324
2477	2325
415	2326
1451	2327
3112	2328
8900	2329
3453	2330
8815	2331
935	2332
2124	2333
8872	2334
3878	2335
6523	2336
5908	2337
4716	2338
1370	2339
3087	2340
6594	2341
224	2342
1681	2343
7616	2344
3166	2345
9285	2346
5694	2347
1186	2348
8907	2349
2469	2350
8400	2351
5183	2352
8638	2353
5746	2354
75	2355
3598	2356
2504	2357
7316	2358
440	2359
3999	2360
7209	2361
4644	2362
6738	2363
4034	2364
1135	2365
6361	2366
1148	2367
3669	2368
3571	2369
6483	2370
526	2371
6222	2372
7035	2373
8102	2374
6750	2375
5011	2376
5790	2377
3392	2378
4104	2379
319	2380
4554	2381
3976	2382
4983	2383
7842	2384
5015	2385
5322	2386
5013	2387
6461	2388
1792	2389
1698	2390
3414	2391
3394	2392
1730	2393
4630	2394
4954	2395
6711	2396
1870	2397
3486	2398
6600	2399
1747	2400
3363	2401
3611	2402
4595	2403
6405	2404
7517	2405
6449	2406
569	2407
6587	2408
1469	2409
1463	2410
7373	2411
9423	2412
6187	2413
3183	2414
2711	2415
1606	2416
6982	2417
6189	2418
1576	2419
6665	2420
8149	2421
4829	2422
8614	2423
8960	2424
3150	2425
4257	2426
9386	2427
5961	2428
4770	2429
8859	2430
9465	2431
6281	2432
2197	2433
7566	2434
8993	2435
1310	2436
8737	2437
3841	2438
7442	2439
4872	2440
7179	2441
9697	2442
2188	2443
5683	2444
6730	2445
8817	2446
6014	2447
2928	2448
3687	2449
902	2450
1515	2451
1541	2452
927	2453
3344	2454
166	2455
5129	2456
1878	2457
6622	2458
8721	2459
2840	2460
6174	2461
5085	2462
4897	2463
5361	2464
9688	2465
8219	2466
8624	2467
3797	2468
5282	2469
8838	2470
694	2471
1081	2472
3307	2473
8258	2474
2166	2475
9192	2476
6200	2477
6457	2478
7133	2479
739	2480
4589	2481
8552	2482
2082	2483
8293	2484
758	2485
9278	2486
8301	2487
4548	2488
3001	2489
7525	2490
642	2491
7384	2492
3640	2493
2256	2494
5863	2495
5996	2496
9099	2497
9176	2498
9159	2499
314	2500
9462	2501
9255	2502
2165	2503
13	2504
2879	2505
9434	2506
7592	2507
3764	2508
2198	2509
5891	2510
9370	2511
6661	2512
4865	2513
2024	2514
3354	2515
7439	2516
1523	2517
8416	2518
5034	2519
5332	2520
4917	2521
672	2522
7532	2523
9048	2524
122	2525
5136	2526
884	2527
62	2528
1146	2529
3176	2530
1158	2531
2868	2532
3085	2533
6681	2534
7747	2535
1683	2536
9673	2537
932	2538
6	2539
4978	2540
9076	2541
8255	2542
8533	2543
3016	2544
8963	2545
3952	2546
1041	2547
9180	2548
9178	2549
5839	2550
4316	2551
482	2552
1095	2553
8313	2554
6697	2555
5585	2556
7978	2557
4313	2558
5431	2559
5857	2560
1033	2561
1489	2562
5747	2563
7720	2564
2833	2565
9149	2566
1859	2567
3388	2568
8564	2569
7449	2570
1769	2571
7162	2572
7158	2573
2786	2574
594	2575
595	2576
3450	2577
1063	2578
2618	2579
3034	2580
3305	2581
7453	2582
3259	2583
6683	2584
9469	2585
516	2586
115	2587
1295	2588
488	2589
9013	2590
5634	2591
3385	2592
1804	2593
4938	2594
4434	2595
9604	2596
4640	2597
2134	2598
2117	2599
3835	2600
571	2601
2045	2602
4966	2603
6941	2604
8932	2605
4735	2606
4722	2607
7356	2608
382	2609
811	2610
8014	2611
8126	2612
2859	2613
1528	2614
8288	2615
2300	2616
8762	2617
4229	2618
8730	2619
7803	2620
2707	2621
4739	2622
174	2623
189	2624
23	2625
7667	2626
4676	2627
3907	2628
5693	2629
1364	2630
7066	2631
845	2632
4799	2633
2770	2634
3274	2635
86	2636
4287	2637
8265	2638
8648	2639
2580	2640
1803	2641
6260	2642
4050	2643
6741	2644
3903	2645
6099	2646
139	2647
7063	2648
5500	2649
6410	2650
7230	2651
12	2652
3973	2653
5200	2654
7940	2655
1420	2656
1659	2657
8909	2658
1814	2659
1861	2660
1516	2661
2612	2662
2625	2663
501	2664
160	2665
4697	2666
3341	2667
4693	2668
4140	2669
5815	2670
2170	2671
2566	2672
3556	2673
2358	2674
3834	2675
6931	2676
2630	2677
8134	2678
1305	2679
42	2680
4762	2681
9194	2682
7995	2683
4822	2684
6990	2685
9630	2686
8901	2687
3429	2688
1919	2689
9313	2690
6993	2691
4667	2692
4568	2693
3559	2694
7452	2695
3729	2696
3810	2697
3567	2698
8314	2699
8559	2700
5382	2701
6965	2702
4254	2703
6564	2704
6197	2705
7374	2706
5501	2707
4375	2708
5554	2709
8239	2710
2664	2711
825	2712
5497	2713
273	2714
5161	2715
3187	2716
9719	2717
5921	2718
8079	2719
6802	2720
2105	2721
5671	2722
5340	2723
7475	2724
9363	2725
5035	2726
7570	2727
1987	2728
954	2729
4300	2730
7309	2731
704	2732
3077	2733
7559	2734
4024	2735
1568	2736
826	2737
4876	2738
6705	2739
3214	2740
8621	2741
8577	2742
1706	2743
6648	2744
8423	2745
3526	2746
6226	2747
709	2748
9430	2749
53	2750
6141	2751
4064	2752
4875	2753
1208	2754
4672	2755
7614	2756
3516	2757
691	2758
5748	2759
4228	2760
8877	2761
8576	2762
5843	2763
39	2764
7404	2765
1969	2766
8894	2767
3039	2768
9284	2769
2185	2770
2635	2771
9241	2772
8818	2773
8742	2774
3173	2775
3910	2776
9736	2777
8526	2778
3162	2779
534	2780
2548	2781
3628	2782
9599	2783
5964	2784
1563	2785
1697	2786
1642	2787
8957	2788
4416	2789
8525	2790
8325	2791
8583	2792
7300	2793
6800	2794
4065	2795
4131	2796
9286	2797
1842	2798
82	2799
7569	2800
5052	2801
9090	2802
2557	2803
9720	2804
3641	2805
4051	2806
9040	2807
3925	2808
1143	2809
6602	2810
2952	2811
8677	2812
5848	2813
32	2814
6725	2815
6175	2816
7367	2817
544	2818
6094	2819
5220	2820
147	2821
14	2822
8691	2823
9007	2824
7882	2825
5165	2826
8503	2827
2757	2828
7213	2829
67	2830
842	2831
164	2832
578	2833
5370	2834
6307	2835
9104	2836
4286	2837
9689	2838
6237	2839
1436	2840
2025	2841
3195	2842
4008	2843
7526	2844
9655	2845
4860	2846
38	2847
6086	2848
4049	2849
6429	2850
7345	2851
6311	2852
6893	2853
4545	2854
6101	2855
7993	2856
8715	2857
7958	2858
9264	2859
1841	2860
4745	2861
351	2862
9392	2863
9724	2864
2129	2865
1027	2866
1552	2867
9309	2868
7163	2869
146	2870
3342	2871
1006	2872
93	2873
7565	2874
9735	2875
84	2876
4501	2877
2863	2878
9424	2879
5310	2880
409	2881
9435	2882
3970	2883
389	2884
518	2885
8531	2886
2132	2887
9475	2888
6607	2889
4197	2890
362	2891
5387	2892
2443	2893
3983	2894
1631	2895
6046	2896
6163	2897
6901	2898
6352	2899
1181	2900
5831	2901
6974	2902
8649	2903
8880	2904
8270	2905
4092	2906
3091	2907
2291	2908
2486	2909
3940	2910
5256	2911
1929	2912
1173	2913
8461	2914
9030	2915
384	2916
4110	2917
6558	2918
111	2919
8763	2920
1229	2921
8757	2922
192	2923
167	2924
2865	2925
9457	2926
8478	2927
6905	2928
1028	2929
3573	2930
9266	2931
1017	2932
5737	2933
5943	2934
2903	2935
5821	2936
5356	2937
5125	2938
9246	2939
7682	2940
6624	2941
8794	2942
5564	2943
7974	2944
4556	2945
7396	2946
1010	2947
3637	2948
9376	2949
3188	2950
4817	2951
4705	2952
7303	2953
4977	2954
3063	2955
4779	2956
2270	2957
8647	2958
7858	2959
2060	2960
4252	2961
7398	2962
291	2963
7732	2964
3378	2965
1571	2966
6684	2967
1650	2968
4076	2969
5195	2970
514	2971
8803	2972
4222	2973
405	2974
3675	2975
5777	2976
7270	2977
1548	2978
6268	2979
9413	2980
1702	2981
1857	2982
8442	2983
102	2984
813	2985
4759	2986
20	2987
9344	2988
566	2989
4747	2990
1246	2991
936	2992
7500	2993
1759	2994
2000	2995
33	2996
7408	2997
395	2998
5953	2999
2874	3000
5398	3001
5787	3002
2449	3003
3538	3004
7879	3005
4446	3006
287	3007
9236	3008
1452	3009
7084	3010
3175	3011
4260	3012
4649	3013
1664	3014
7010	3015
3913	3016
5517	3017
5266	3018
9472	3019
4816	3020
4808	3021
20	3022
1366	3023
8607	3024
194	3025
8789	3026
7649	3027
6315	3028
3360	3029
5814	3030
605	3031
2465	3032
5090	3033
4078	3034
780	3035
5144	3036
3801	3037
1610	3038
3064	3039
6898	3040
6000	3041
1359	3042
8743	3043
1431	3044
1434	3045
3722	3046
3145	3047
3648	3048
5534	3049
6193	3050
7796	3051
56	3052
973	3053
6809	3054
5169	3055
4534	3056
7465	3057
6257	3058
2592	3059
7497	3060
2	3061
4036	3062
7561	3063
3893	3064
9066	3065
7089	3066
2645	3067
8377	3068
2823	3069
3002	3070
30	3071
3981	3072
6849	3073
9179	3074
7112	3075
9701	3076
6477	3077
2083	3078
3301	3079
2419	3080
8031	3081
8603	3082
607	3083
832	3084
3300	3085
4792	3086
8550	3087
6947	3088
3536	3089
6758	3090
7840	3091
8969	3092
7132	3093
7829	3094
1976	3095
2355	3096
6473	3097
9442	3098
3778	3099
1251	3100
681	3101
54	3102
1784	3103
7485	3104
3828	3105
3815	3106
303	3107
331	3108
7448	3109
6212	3110
657	3111
3688	3112
3895	3113
2180	3114
3477	3115
2261	3116
1908	3117
1581	3118
1848	3119
6037	3120
3207	3121
1717	3122
9694	3123
1174	3124
3310	3125
5094	3126
8709	3127
7539	3128
1013	3129
7054	3130
5797	3131
5967	3132
4999	3133
6897	3134
1694	3135
2918	3136
302	3137
6680	3138
141	3139
5464	3140
3961	3141
3954	3142
7154	3143
1249	3144
4685	3145
3218	3146
8046	3147
1482	3148
7927	3149
4632	3150
6291	3151
1746	3152
7160	3153
8844	3154
6190	3155
4006	3156
6394	3157
7501	3158
1214	3159
3035	3160
5474	3161
3939	3162
4127	3163
9243	3164
7234	3165
2904	3166
3143	3167
6603	3168
2575	3169
32	3170
8429	3171
4346	3172
8517	3173
8358	3174
463	3175
474	3176
156	3177
7510	3178
1171	3179
9429	3180
3565	3181
5739	3182
4007	3183
9750	3184
759	3185
9129	3186
6635	3187
9769	3188
5146	3189
2672	3190
637	3191
198	3192
7480	3193
3014	3194
7438	3195
1692	3196
9572	3197
5088	3198
8256	3199
3210	3200
5962	3201
185	3202
7997	3203
8236	3204
4725	3205
9258	3206
9390	3207
8694	3208
9085	3209
5507	3210
3979	3211
9029	3212
9380	3213
8914	3214
1281	3215
3133	3216
454	3217
6613	3218
8032	3219
3978	3220
5346	3221
5477	3222
542	3223
4552	3224
7255	3225
1996	3226
5643	3227
9433	3228
6060	3229
7400	3230
90	3231
1951	3232
3949	3233
7764	3234
5349	3235
2768	3236
8013	3237
2451	3238
3848	3239
2893	3240
2468	3241
8483	3242
49	3243
8430	3244
9061	3245
2015	3246
8565	3247
829	3248
9593	3249
5133	3250
6514	3251
3652	3252
5378	3253
1613	3254
8862	3255
4090	3256
4611	3257
7907	3258
7027	3259
4788	3260
7005	3261
2147	3262
2461	3263
3539	3264
3923	3265
815	3266
7990	3267
1843	3268
9746	3269
5896	3270
7185	3271
7279	3272
8846	3273
545	3274
4101	3275
883	3276
2016	3277
9587	3278
3503	3279
4896	3280
3216	3281
2410	3282
6787	3283
6335	3284
3531	3285
2785	3286
3580	3287
3617	3288
2965	3289
696	3290
3874	3291
7001	3292
24	3293
333	3294
3247	3295
869	3296
7389	3297
761	3298
7644	3299
878	3300
6446	3301
4942	3302
658	3303
4765	3304
9372	3305
8619	3306
8856	3307
4448	3308
9045	3309
2793	3310
1201	3311
1611	3312
6495	3313
9573	3314
1213	3315
7899	3316
5031	3317
5027	3318
5618	3319
1453	3320
4088	3321
6975	3322
3753	3323
8661	3324
5141	3325
2247	3326
590	3327
645	3328
2798	3329
154	3330
8935	3331
5342	3332
7680	3333
2281	3334
3228	3335
4343	3336
941	3337
7921	3338
3605	3339
1757	3340
8125	3341
852	3342
5227	3343
6573	3344
3832	3345
8426	3346
5565	3347
6117	3348
2295	3349
451	3350
6017	3351
7098	3352
1461	3353
8868	3354
2158	3355
1139	3356
6488	3357
5243	3358
5262	3359
549	3360
3215	3361
830	3362
592	3363
5078	3364
2907	3365
8693	3366
2292	3367
671	3368
947	3369
6512	3370
5154	3371
3459	3372
3347	3373
7219	3374
5717	3375
9207	3376
2043	3377
9725	3378
1876	3379
8458	3380
3519	3381
8413	3382
610	3383
5075	3384
2811	3385
7960	3386
4825	3387
5602	3388
8640	3389
6987	3390
1079	3391
1947	3392
2517	3393
5728	3394
1934	3395
410	3396
3097	3397
2152	3398
5274	3399
6416	3400
8290	3401
8114	3402
7105	3403
4361	3404
4044	3405
4122	3406
6295	3407
924	3408
210	3409
2590	3410
3098	3411
1228	3412
6570	3413
4559	3414
4831	3415
4133	3416
6468	3417
8910	3418
4464	3419
461	3420
6650	3421
2250	3422
1828	3423
5877	3424
8403	3425
2390	3426
5642	3427
6701	3428
396	3429
7576	3430
2268	3431
5117	3432
7999	3433
1998	3434
2962	3435
917	3436
5976	3437
1130	3438
844	3439
5079	3440
2226	3441
7110	3442
9730	3443
8936	3444
8761	3445
313	3446
1771	3447
6515	3448
6751	3449
1083	3450
7939	3451
5825	3452
9569	3453
5608	3454
2342	3455
8518	3456
1066	3457
8194	3458
6906	3459
435	3460
2287	3461
1800	3462
6816	3463
4398	3464
2780	3465
2120	3466
5106	3467
6158	3468
429	3469
6538	3470
7595	3471
5559	3472
388	3473
6316	3474
1032	3475
8462	3476
611	3477
8811	3478
8908	3479
2141	3480
838	3481
7935	3482
8383	3483
6894	3484
285	3485
3719	3486
9451	3487
2848	3488
8520	3489
7889	3490
2481	3491
7809	3492
528	3493
4323	3494
4016	3495
4348	3496
2792	3497
6933	3498
43	3499
8670	3500
8039	3501
9217	3502
520	3503
1897	3504
2821	3505
6917	3506
9590	3507
8030	3508
3518	3509
5033	3510
328	3511
3527	3512
8089	3513
4741	3514
3326	3515
614	3516
8849	3517
6322	3518
8378	3519
7759	3520
4805	3521
4399	3522
5898	3523
3021	3524
155	3525
3908	3526
2201	3527
5512	3528
892	3529
6959	3530
659	3531
43	3532
242	3533
768	3534
7081	3535
802	3536
3256	3537
2554	3538
2039	3539
238	3540
6265	3541
9563	3542
7832	3543
114	3544
5123	3545
3998	3546
7536	3547
5914	3548
7529	3549
7694	3550
4530	3551
804	3552
9271	3553
8557	3554
8346	3555
2471	3556
5285	3557
5862	3558
2307	3559
3054	3560
2476	3561
7910	3562
782	3563
8723	3564
1583	3565
9342	3566
2365	3567
8437	3568
2437	3569
9248	3570
9734	3571
7690	3572
9302	3573
7156	3574
2982	3575
7420	3576
6106	3577
1064	3578
793	3579
3613	3580
6978	3581
9209	3582
1096	3583
2652	3584
1690	3585
3377	3586
4301	3587
5985	3588
3608	3589
3036	3590
9051	3591
7286	3592
5807	3593
295	3594
16	3595
6393	3596
9446	3597
9564	3598
5652	3599
8331	3600
1533	3601
3676	3602
7549	3603
4048	3604
11	3605
1320	3606
3912	3607
7573	3608
9109	3609
1114	3610
4494	3611
2678	3612
1744	3613
930	3614
8591	3615
2790	3616
9407	3617
7828	3618
565	3619
1646	3620
5858	3621
2304	3622
4326	3623
466	3624
2637	3625
6676	3626
397	3627
1684	3628
7354	3629
8319	3630
8217	3631
5071	3632
2066	3633
6229	3634
9759	3635
4724	3636
9139	3637
3148	3638
233	3639
2249	3640
7830	3641
1351	3642
8861	3643
375	3644
5329	3645
353	3646
5153	3647
7725	3648
2556	3649
5298	3650
5788	3651
5635	3652
1067	3653
7060	3654
6091	3655
6380	3656
2996	3657
1352	3658
1430	3659
5371	3660
8064	3661
7744	3662
7635	3663
8864	3664
8295	3665
7989	3666
348	3667
5142	3668
4452	3669
2776	3670
4564	3671
5488	3672
321	3673
6765	3674
4097	3675
1840	3676
6234	3677
264	3678
1019	3679
2781	3680
7281	3681
7971	3682
6167	3683
2973	3684
5916	3685
1886	3686
8669	3687
6625	3688
3235	3689
4344	3690
5279	3691
6731	3692
6764	3693
6031	3694
1753	3695
9389	3696
8235	3697
7628	3698
5820	3699
8047	3700
2890	3701
602	3702
3533	3703
5774	3704
7841	3705
617	3706
9343	3707
5627	3708
8627	3709
3104	3710
5951	3711
3816	3712
3439	3713
3685	3714
6575	3715
2867	3716
889	3717
8075	3718
5977	3719
4173	3720
1665	3721
8959	3722
3245	3723
1540	3724
5603	3725
4068	3726
2519	3727
5207	3728
3945	3729
1239	3730
9440	3731
491	3732
9753	3733
7447	3734
6054	3735
2714	3736
1499	3737
6663	3738
3793	3739
3974	3740
9100	3741
240	3742
8444	3743
4758	3744
4495	3745
5283	3746
2482	3747
713	3748
1715	3749
903	3750
124	3751
5696	3752
6081	3753
171	3754
1751	3755
1651	3756
5590	3757
7782	3758
5406	3759
5556	3760
3906	3761
271	3762
5910	3763
2979	3764
1731	3765
7472	3766
8569	3767
3180	3768
4517	3769
8945	3770
7979	3771
2415	3772
2829	3773
2788	3774
9000	3775
5630	3776
2402	3777
3509	3778
2084	3779
4293	3780
3597	3781
1282	3782
2288	3783
2118	3784
7581	3785
689	3786
3818	3787
831	3788
371	3789
5629	3790
4376	3791
6662	3792
1118	3793
906	3794
8280	3795
378	3796
7037	3797
2747	3798
2909	3799
5018	3800
2337	3801
5294	3802
5458	3803
1400	3804
9072	3805
3684	3806
336	3807
156	3808
4165	3809
1593	3810
8644	3811
7460	3812
7946	3813
3024	3814
3084	3815
1365	3816
1408	3817
3295	3818
5334	3819
9485	3820
4000	3821
5546	3822
5537	3823
1021	3824
1074	3825
5228	3826
7297	3827
6134	3828
7431	3829
7767	3830
15	3831
8770	3832
6794	3833
4341	3834
1846	3835
5785	3836
5271	3837
7712	3838
5113	3839
6568	3840
2012	3841
2246	3842
5259	3843
8560	3844
7726	3845
6968	3846
2733	3847
6614	3848
3230	3849
2	3850
9324	3851
7100	3852
8765	3853
1877	3854
2752	3855
40	3856
2113	3857
9346	3858
3047	3859
4891	3860
8229	3861
3442	3862
5561	3863
5224	3864
1864	3865
2223	3866
9610	3867
7584	3868
5068	3869
2686	3870
3922	3871
7552	3872
1070	3873
8933	3874
5426	3875
9453	3876
5952	3877
9046	3878
6639	3879
5573	3880
850	3881
4677	3882
3106	3883
7136	3884
9132	3885
4612	3886
5411	3887
4933	3888
4804	3889
188	3890
8166	3891
4991	3892
4459	3893
163	3894
9641	3895
7846	3896
3808	3897
6767	3898
5486	3899
5412	3900
8044	3901
5171	3902
9439	3903
2970	3904
8362	3905
9341	3906
5211	3907
2029	3908
6023	3909
5621	3910
4539	3911
2817	3912
2967	3913
1762	3914
7654	3915
5901	3916
6425	3917
418	3918
7792	3919
3790	3920
8324	3921
2926	3922
3762	3923
3399	3924
1252	3925
4727	3926
7454	3927
6136	3928
7296	3929
8982	3930
1668	3931
5352	3932
522	3933
14	3934
1443	3935
8883	3936
4756	3937
6760	3938
6347	3939
5854	3940
7429	3941
3446	3942
4748	3943
3692	3944
3369	3945
677	3946
7173	3947
6211	3948
506	3949
4862	3950
48	3951
5850	3952
4052	3953
8076	3954
2325	3955
151	3956
9428	3957
3167	3958
4004	3959
1073	3960
7021	3961
2878	3962
3420	3963
8679	3964
7897	3965
4385	3966
5441	3967
3879	3968
9138	3969
493	3970
8605	3971
74	3972
9774	3973
2593	3974
8704	3975
1880	3976
3563	3977
7418	3978
3630	3979
6876	3980
1097	3981
1170	3982
4018	3983
2052	3984
557	3985
3052	3986
9761	3987
7128	3988
27	3989
6778	3990
5178	3991
8797	3992
552	3993
4309	3994
4349	3995
6542	3996
2078	3997
2067	3998
8750	3999
5082	4000
2160	4001
2161	4002
58	4003
3192	4004
8139	4005
8271	4006
9503	4007
678	4008
9588	4009
5074	4010
4997	4011
3532	4012
7642	4013
2527	4014
1367	4015
1661	4016
7101	4017
1	4018
1794	4019
942	4020
9033	4021
5960	4022
3038	4023
2009	4024
6270	4025
7026	4026
2703	4027
9728	4028
404	4029
3761	4030
4794	4031
5841	4032
3416	4033
2860	4034
3223	4035
7277	4036
6969	4037
800	4038
6314	4039
2679	4040
7492	4041
2388	4042
964	4043
2501	4044
4593	4045
9151	4046
4982	4047
6574	4048
3407	4049
7786	4050
2911	4051
5529	4052
9520	4053
1617	4054
6878	4055
9385	4056
1672	4057
4143	4058
1586	4059
8008	4060
2855	4061
2983	4062
2827	4063
6712	4064
9185	4065
9678	4066
6533	4067
1371	4068
5734	4069
2322	4070
9297	4071
4139	4072
4020	4073
190	4074
4019	4075
9578	4076
8095	4077
7708	4078
4821	4079
7397	4080
6962	4081
6784	4082
5834	4083
9222	4084
4269	4085
6911	4086
6207	4087
6632	4088
5680	4089
4551	4090
2722	4091
4136	4092
5939	4093
2699	4094
1242	4095
3396	4096
4753	4097
5402	4098
5250	4099
3824	4100
1732	4101
5521	4102
7335	4103
2285	4104
419	4105
4796	4106
2381	4107
341	4108
5766	4109
1088	4110
3408	4111
4899	4112
7344	4113
8692	4114
5016	4115
9562	4116
7499	4117
7734	4118
6188	4119
225	4120
7282	4121
5092	4122
8671	4123
4566	4124
9618	4125
4056	4126
7380	4127
2972	4128
6669	4129
5393	4130
6349	4131
6485	4132
8482	4133
8009	4134
1293	4135
89	4136
481	4137
4651	4138
200	4139
9582	4140
2815	4141
8214	4142
3620	4143
3025	4144
9322	4145
9427	4146
5188	4147
7896	4148
3497	4149
6112	4150
195	4151
597	4152
2070	4153
69	4154
5601	4155
5540	4156
673	4157
9378	4158
5709	4159
1132	4160
8484	4161
7036	4162
3859	4163
8007	4164
1034	4165
2110	4166
2447	4167
6567	4168
4379	4169
3562	4170
6870	4171
4337	4172
5993	4173
3321	4174
7698	4175
91	4176
2577	4177
9571	4178
4308	4179
2814	4180
8719	4181
3576	4182
8962	4183
3690	4184
5597	4185
2914	4186
4373	4187
1183	4188
235	4189
6053	4190
3987	4191
7696	4192
4580	4193
7666	4194
7186	4195
8122	4196
6620	4197
8133	4198
7716	4199
6056	4200
4032	4201
4562	4202
6058	4203
6064	4204
4786	4205
8851	4206
9325	4207
8717	4208
4505	4209
2921	4210
2422	4211
2286	4212
7909	4213
1234	4214
5595	4215
6841	4216
4091	4217
1500	4218
6283	4219
8464	4220
103	4221
5415	4222
7562	4223
6723	4224
3749	4225
9748	4226
8398	4227
5053	4228
6517	4229
2376	4230
6490	4231
1336	4232
8568	4233
8791	4234
4678	4235
9119	4236
4609	4237
3547	4238
6586	4239
7983	4240
1035	4241
8660	4242
6414	4243
5538	4244
4576	4245
2509	4246
8678	4247
4857	4248
8985	4249
631	4250
6267	4251
9078	4252
3929	4253
8673	4254
3244	4255
2297	4256
6673	4257
9035	4258
5216	4259
7326	4260
724	4261
7388	4262
5623	4263
5942	4264
8185	4265
938	4266
8474	4267
8731	4268
7254	4269
6201	4270
9585	4271
563	4272
2104	4273
8922	4274
1274	4275
1354	4276
8536	4277
1287	4278
3799	4279
6776	4280
8977	4281
7318	4282
17	4283
7178	4284
6691	4285
2673	4286
77	4287
5006	4288
1663	4289
1775	4290
5468	4291
5417	4292
7259	4293
8611	4294
3452	4295
6346	4296
9049	4297
7934	4298
2761	4299
3919	4300
3412	4301
3458	4302
7011	4303
7524	4304
7664	4305
7080	4306
71	4307
3128	4308
1438	4309
4575	4310
3281	4311
4755	4312
6596	4313
6972	4314
2573	4315
332	4316
7414	4317
4193	4318
357	4319
5240	4320
2755	4321
6589	4322
29	4323
2330	4324
9768	4325
7353	4326
2037	4327
7116	4328
3436	4329
1498	4330
551	4331
178	4332
3455	4333
7906	4334
4752	4335
4023	4336
5021	4337
2369	4338
7854	4339
1933	4340
6936	4341
1353	4342
1298	4343
8356	4344
5057	4345
2787	4346
6507	4347
4842	4348
721	4349
7984	4350
5636	4351
2308	4352
697	4353
786	4354
722	4355
2274	4356
9470	4357
9700	4358
1058	4359
8608	4360
4900	4361
6033	4362
3773	4363
356	4364
680	4365
5594	4366
2382	4367
6288	4368
805	4369
8435	4370
6927	4371
6364	4372
1918	4373
1107	4374
5988	4375
3051	4376
1909	4377
1818	4378
3213	4379
5644	4380
39	4381
1014	4382
3694	4383
5582	4384
7126	4385
455	4386
5461	4387
5809	4388
4061	4389
1398	4390
6026	4391
3551	4392
2505	4393
6111	4394
9053	4395
7883	4396
2902	4397
3119	4398
2114	4399
2988	4400
3286	4401
4583	4402
6775	4403
3583	4404
5889	4405
2190	4406
2051	4407
7818	4408
191	4409
1054	4410
4791	4411
8410	4412
2396	4413
4397	4414
4976	4415
28	4416
4164	4417
4369	4418
2313	4419
6204	4420
3627	4421
8119	4422
5112	4423
3897	4424
1682	4425
5325	4426
2248	4427
4359	4428
5956	4429
7541	4430
966	4431
5498	4432
1477	4433
3678	4434
8294	4435
9345	4436
3755	4437
7323	4438
7793	4439
9702	4440
8766	4441
2558	4442
5533	4443
5812	4444
7150	4445
7954	4446
3320	4447
4157	4448
3451	4449
2046	4450
432	4451
2913	4452
9165	4453
8334	4454
497	4455
698	4456
1428	4457
4659	4458
5022	4459
6554	4460
6659	4461
8049	4462
6752	4463
7728	4464
5677	4465
5028	4466
3277	4467
5941	4468
137	4469
1810	4470
8091	4471
6929	4472
3643	4473
6039	4474
9581	4475
8931	4476
9	4477
8850	4478
5390	4479
4561	4480
1625	4481
3246	4482
3181	4483
5929	4484
5958	4485
245	4486
317	4487
337	4488
1749	4489
946	4490
861	4491
3724	4492
4339	4493
2601	4494
5109	4495
6040	4496
7813	4497
6182	4498
775	4499
6924	4500
9110	4501
8486	4502
9122	4503
6070	4504
7931	4505
143	4506
1855	4507
1137	4508
2924	4509
8203	4510
5824	4511
7511	4512
7623	4513
2607	4514
8445	4515
7311	4516
5793	4517
1551	4518
1543	4519
3646	4520
6003	4521
1797	4522
1207	4523
7237	4524
9680	4525
8501	4526
9232	4527
7482	4528
8471	4529
6873	4530
2719	4531
7099	4532
7220	4533
3322	4534
8200	4535
6455	4536
6334	4537
1675	4538
4002	4539
3769	4540
2240	4541
4537	4542
7410	4543
2735	4544
885	4545
1322	4546
1891	4547
4510	4548
5818	4549
9603	4550
3444	4551
1136	4552
8990	4553
7560	4554
2217	4555
643	4556
7702	4557
70	4558
5336	4559
1512	4560
9130	4561
1526	4562
5030	4563
7901	4564
8065	4565
1055	4566
3561	4567
2296	4568
5304	4569
9501	4570
2756	4571
1716	4572
2346	4573
137	4574
6670	4575
1852	4576
7175	4577
3602	4578
7130	4579
5062	4580
2587	4581
8158	4582
4958	4583
3717	4584
1865	4585
172	4586
2413	4587
2748	4588
7676	4589
5966	4590
7695	4591
7172	4592
9766	4593
7013	4594
5846	4595
6777	4596
2232	4597
7888	4598
8675	4599
6740	4600
4394	4601
4615	4602
4270	4603
5922	4604
4474	4605
27	4606
6442	4607
2076	4608
8302	4609
2111	4610
2108	4611
8690	4612
2885	4613
8175	4614
4518	4615
9497	4616
3963	4617
3172	4618
2937	4619
5688	4620
9703	4621
1462	4622
1140	4623
8411	4624
733	4625
647	4626
9060	4627
116	4628
8	4629
9075	4630
8479	4631
8764	4632
1809	4633
499	4634
8496	4635
3977	4636
718	4637
10	4638
5110	4639
5720	4640
4441	4641
3070	4642
6732	4643
1332	4644
1926	4645
8002	4646
7229	4647
6743	4648
1046	4649
925	4650
8146	4651
6402	4652
2475	4653
4695	4654
6550	4655
3788	4656
2987	4657
1921	4658
6981	4659
640	4660
8011	4661
3511	4662
5101	4663
6559	4664
898	4665
8875	4666
8994	4667
3791	4668
609	4669
2417	4670
2266	4671
8036	4672
9659	4673
2537	4674
3088	4675
31	4676
6497	4677
7301	4678
547	4679
1834	4680
8973	4681
2925	4682
1030	4683
284	4684
8173	4685
4814	4686
1308	4687
8253	4688
7721	4689
5270	4690
8508	4691
135	4692
8074	4693
7735	4694
6818	4695
129	4696
2797	4697
4075	4698
5756	4699
3917	4700
8446	4701
2359	4702
4115	4703
4311	4704
5620	4705
4736	4706
3415	4707
5600	4708
6098	4709
9191	4710
6342	4711
2394	4712
91	4713
3505	4714
7015	4715
1392	4716
4710	4717
7548	4718
2810	4719
3569	4720
6719	4721
9418	4722
7072	4723
8409	4724
920	4725
9551	4726
6368	4727
4450	4728
579	4729
6345	4730
1433	4731
7256	4732
4461	4733
2520	4734
3768	4735
9083	4736
2850	4737
7423	4738
8393	4739
8920	4740
1968	4741
7346	4742
2784	4743
6082	4744
2656	4745
290	4746
343	4747
5566	4748
9359	4749
7434	4750
4712	4751
4969	4752
6592	4753
7328	4754
7201	4755
7605	4756
140	4757
7571	4758
204	4759
2750	4760
5616	4761
3208	4762
550	4763
4138	4764
8395	4765
5654	4766
6834	4767
5202	4768
7251	4769
7617	4770
3191	4771
4709	4772
2044	4773
2895	4774
6857	4775
7956	4776
2692	4777
5232	4778
6008	4779
5840	4780
6042	4781
2290	4782
8572	4783
7936	4784
2344	4785
3781	4786
6555	4787
2513	4788
8210	4789
9231	4790
5511	4791
5026	4792
5872	4793
2163	4794
3581	4795
5139	4796
4201	4797
1098	4798
8467	4799
4414	4800
2677	4801
789	4802
8196	4803
8052	4804
6940	4805
971	4806
4281	4807
6918	4808
8202	4809
507	4810
9329	4811
3873	4812
4170	4813
9394	4814
4681	4815
8812	4816
7687	4817
209	4818
3980	4819
1112	4820
1020	4821
6923	4822
1760	4823
5061	4824
6085	4825
5771	4826
7825	4827
3851	4828
3914	4829
6519	4830
1209	4831
1938	4832
1776	4833
194	4834
3141	4835
4154	4836
7753	4837
1334	4838
1256	4839
6044	4840
7546	4841
112	4842
2975	4843
955	4844
7493	4845
1315	4846
3728	4847
9598	4848
6698	4849
208	4850
8067	4851
7401	4852
1808	4853
9622	4854
3578	4855
472	4856
2264	4857
8451	4858
893	4859
1905	4860
7762	4861
7885	4862
817	4863
2279	4864
1390	4865
1478	4866
4956	4867
3629	4868
3989	4869
8495	4870
6371	4871
8117	4872
4538	4873
6230	4874
6100	4875
6439	4876
8816	4877
6083	4878
108	4879
6266	4880
8829	4881
6582	4882
6883	4883
8767	4884
8221	4885
3634	4886
3273	4887
753	4888
4291	4889
2507	4890
8419	4891
5478	4892
1821	4893
4123	4894
7006	4895
253	4896
6261	4897
6127	4898
9543	4899
6536	4900
2205	4901
6143	4902
7139	4903
5974	4904
5518	4905
5918	4906
6465	4907
6231	4908
8876	4909
8544	4910
4675	4911
1449	4912
4491	4913
956	4914
9422	4915
164	4916
1155	4917
4932	4918
5394	4919
1447	4920
4768	4921
4798	4922
1544	4923
6321	4924
3010	4925
3633	4926
8147	4927
3849	4928
7127	4929
6142	4930
6420	4931
7800	4932
9002	4933
8370	4934
7194	4935
5002	4936
2816	4937
4407	4938
9479	4939
5039	4940
8556	4941
848	4942
4731	4943
8587	4944
5733	4945
8027	4946
2690	4947
9664	4948
5847	4949
5919	4950
952	4951
4784	4952
7365	4953
1863	4954
1160	4955
7050	4956
1689	4957
6038	4958
5135	4959
2321	4960
494	4961
8473	4962
6531	4963
8062	4964
4431	4965
7542	4966
5970	4967
7952	4968
8084	4969
9685	4970
8438	4971
4272	4972
2446	4973
1024	4974
4487	4975
477	4976
6885	4977
6050	4978
2131	4979
6645	4980
1109	4981
5860	4982
3905	4983
6954	4984
2968	4985
3171	4986
115	4987
8054	4988
159	4989
5267	4990
2456	4991
8494	4992
59	4993
5303	4994
2510	4995
9094	4996
8043	4997
8304	4998
9404	4999
3638	5000
4436	5001
7919	5002
5531	5003
1832	5004
2828	5005
8083	5006
7476	5007
9484	5008
5115	5009
8806	5010
7969	5011
6562	5012
1656	5013
6835	5014
515	5015
152	5016
5832	5017
4835	5018
7363	5019
3028	5020
8351	5021
6160	5022
8606	5023
5570	5024
7306	5025
6761	5026
4828	5027
5760	5028
7459	5029
5249	5030
6243	5031
5494	5032
5632	5033
7610	5034
7994	5035
1151	5036
157	5037
4073	5038
7855	5039
5504	5040
7852	5041
2421	5042
7547	5043
2222	5044
4163	5045
2668	5046
4126	5047
3483	5048
5019	5049
8590	5050
3114	5051
2207	5052
3560	5053
1745	5054
1345	5055
2712	5056
5830	5057
7957	5058
6963	5059
9137	5060
2957	5061
1902	5062
5301	5063
7749	5064
1264	5065
7777	5066
2080	5067
5103	5068
2239	5069
6710	5070
4478	5071
3193	5072
5541	5073
9214	5074
229	5075
5880	5076
8695	5077
8216	5078
7402	5079
2428	5080
9227	5081
3332	5082
1069	5083
5675	5084
9693	5085
6605	5086
6848	5087
309	5088
5819	5089
4413	5090
6749	5091
3751	5092
7285	5093
487	5094
9105	5095
9476	5096
222	5097
2187	5098
2385	5099
2305	5100
8386	5101
142	5102
4093	5103
9106	5104
97	5105
6881	5106
5986	5107
7871	5108
4211	5109
9247	5110
7231	5111
1999	5112
5506	5113
5679	5114
3383	5115
4965	5116
1707	5117
4146	5118
3747	5119
2525	5120
4443	5121
165	5122
1739	5123
2490	5124
5763	5125
4003	5126
8702	5127
6071	5128
8668	5129
187	5130
1503	5131
7381	5132
4818	5133
7674	5134
6563	5135
9613	5136
4774	5137
4181	5138
3225	5139
1822	5140
8519	5141
2315	5142
3101	5143
5454	5144
1871	5145
4156	5146
293	5147
9493	5148
1031	5149
5445	5150
1445	5151
7007	5152
4028	5153
7147	5154
86	5155
2144	5156
624	5157
67	5158
125	5159
6336	5160
7146	5161
8991	5162
4160	5163
2872	5164
8249	5165
2391	5166
7088	5167
8996	5168
4492	5169
9113	5170
9431	5171
6279	5172
5801	5173
2809	5174
2697	5175
7534	5176
6879	5177
6242	5178
6774	5179
3858	5180
2473	5181
5912	5182
5530	5183
6463	5184
3843	5185
2639	5186
1255	5187
1217	5188
7262	5189
25	5190
4109	5191
4803	5192
2889	5193
5894	5194
7648	5195
1872	5196
1437	5197
9142	5198
3009	5199
3118	5200
1660	5201
2620	5202
6803	5203
5822	5204
8580	5205
5995	5206
7278	5207
4150	5208
4473	5209
1881	5210
4403	5211
6651	5212
4738	5213
8819	5214
1774	5215
1216	5216
5764	5217
7707	5218
4526	5219
3457	5220
4080	5221
8218	5222
1379	5223
244	5224
3589	5225
2727	5226
7798	5227
5495	5228
4393	5229
7028	5230
6503	5231
3737	5232
4984	5233
6755	5234
7327	5235
856	5236
4370	5237
181	5238
4134	5239
9054	5240
5876	5241
6447	5242
1150	5243
5081	5244
1820	5245
36	5246
7371	5247
7048	5248
1037	5249
3149	5250
4586	5251
6007	5252
4058	5253
3847	5254
7563	5255
1807	5256
8749	5257
3390	5258
7933	5259
868	5260
9628	5261
7176	5262
8069	5263
9006	5264
4600	5265
7495	5266
4171	5267
7752	5268
1261	5269
5536	5270
1883	5271
781	5272
5456	5273
3896	5274
8855	5275
1470	5276
118	5277
2467	5278
153	5279
3469	5280
1448	5281
7556	5282
5502	5283
1640	5284
9409	5285
8778	5286
9167	5287
9448	5288
8360	5289
4645	5290
4547	5291
3298	5292
8563	5293
4690	5294
6443	5295
7386	5296
7880	5297
3066	5298
1497	5299
2585	5300
1376	5301
5091	5302
1726	5303
9233	5304
2723	5305
3155	5306
7923	5307
3735	5308
8524	5309
5514	5310
7797	5311
5399	5312
3534	5313
1505	5314
6275	5315
63	5316
3992	5317
9263	5318
9375	5319
1472	5320
2647	5321
5453	5322
8915	5323
3201	5324
2106	5325
6889	5326
4233	5327
7980	5328
7385	5329
227	5330
5978	5331
9281	5332
1879	5333
346	5334
8582	5335
9743	5336
6302	5337
1149	5338
7246	5339
6611	5340
6942	5341
821	5342
4671	5343
790	5344
4553	5345
5369	5346
7272	5347
7184	5348
4320	5349
6745	5350
6948	5351
3495	5352
5932	5353
3103	5354
726	5355
4699	5356
7557	5357
4285	5358
6728	5359
509	5360
2650	5361
104	5362
9547	5363
5567	5364
4415	5365
4801	5366
9136	5367
5473	5368
4516	5369
9011	5370
2915	5371
9020	5372
6441	5373
2063	5374
9626	5375
7717	5376
9625	5377
4532	5378
6423	5379
1086	5380
259	5381
1589	5382
44	5383
4423	5384
85	5385
3217	5386
3956	5387
4688	5388
1970	5389
2135	5390
6994	5391
3093	5392
4743	5393
6105	5394
5543	5395
2629	5396
3549	5397
5890	5398
5664	5399
484	5400
521	5401
3069	5402
1758	5403
8989	5404
3500	5405
1601	5406
8109	5407
6869	5408
9077	5409
6871	5410
9208	5411
7917	5412
2496	5413
7943	5414
1960	5415
7171	5416
5029	5417
9183	5418
8136	5419
7395	5420
1941	5421
1654	5422
1302	5423
7479	5424
7196	5425
2400	5426
6232	5427
3780	5428
2887	5429
3123	5430
2896	5431
8277	5432
651	5433
2783	5434
4923	5435
6888	5436
3027	5437
4083	5438
3794	5439
8128	5440
4412	5441
5948	5442
1219	5443
5380	5444
5095	5445
6552	5446
5063	5447
9637	5448
6359	5449
896	5450
4656	5451
5509	5452
9362	5453
1326	5454
7043	5455
2854	5456
7967	5457
6810	5458
2040	5459
880	5460
6025	5461
1573	5462
7114	5463
9731	5464
1974	5465
4265	5466
1752	5467
3237	5468
5038	5469
4457	5470
3514	5471
4760	5472
1916	5473
1777	5474
5219	5475
4451	5476
5638	5477
6828	5478
7836	5479
843	5480
80	5481
9140	5482
8291	5483
6278	5484
699	5485
5909	5486
4210	5487
1280	5488
9036	5489
9134	5490
2649	5491
749	5492
1904	5493
4471	5494
8116	5495
2826	5496
8964	5497
9401	5498
4500	5499
339	5500
9738	5501
179	5502
4386	5503
7968	5504
9021	5505
6330	5506
8427	5507
3169	5508
1588	5509
5328	5510
9317	5511
7814	5512
1116	5513
131	5514
5375	5515
743	5516
456	5517
5158	5518
7190	5519
6253	5520
5685	5521
6009	5522
2026	5523
5462	5524
3000	5525
4365	5526
6213	5527
5527	5528
1397	5529
1708	5530
9272	5531
3337	5532
1383	5533
1701	5534
9303	5535
1427	5536
2927	5537
975	5538
9577	5539
3258	5540
7531	5541
6164	5542
4704	5543
4594	5544
6170	5545
6448	5546
3731	5547
1270	5548
2539	5549
5515	5550
6166	5551
4728	5552
6450	5553
7622	5554
3964	5555
8504	5556
4356	5557
1172	5558
2418	5559
3898	5560
8401	5561
6557	5562
604	5563
5229	5564
6434	5565
5457	5566
2210	5567
1633	5568
1961	5569
6713	5570
583	5571
6708	5572
2027	5573
4470	5574
7045	5575
5277	5576
1817	5577
1278	5578
2445	5579
9666	5580
1369	5581
113	5582
4810	5583
1218	5584
5493	5585
6236	5586
9017	5587
4099	5588
4205	5589
2008	5590
8263	5591
9752	5592
2617	5593
99	5594
4263	5595
9620	5596
1122	5597
2387	5598
4130	5599
6647	5600
5580	5601
771	5602
6580	5603
4350	5604
1584	5605
4952	5606
6939	5607
1524	5608
6518	5609
519	5610
8633	5611
2434	5612
1184	5613
7540	5614
6819	5615
1979	5616
10	5617
8720	5618
6181	5619
4184	5620
2430	5621
450	5622
3622	5623
2167	5624
939	5625
561	5626
2092	5627
5238	5628
6913	5629
2215	5630
4663	5631
7992	5632
8	5633
2801	5634
132	5635
772	5636
6789	5637
2199	5638
9542	5639
2852	5640
8834	5641
5866	5642
9301	5643
635	5644
5938	5645
8598	5646
5230	5647
6411	5648
6308	5649
1008	5650
6817	5651
2847	5652
2813	5653
828	5654
6763	5655
901	5656
2001	5657
1680	5658
2077	5659
3130	5660
9507	5661
2252	5662
1895	5663
5800	5664
7945	5665
7724	5666
7823	5667
3405	5668
6864	5669
8570	5670
3045	5671
8323	5672
1410	5673
2543	5674
2383	5675
3774	5676
349	5677
2939	5678
5124	5679
4874	5680
1957	5681
106	5682
2680	5683
1283	5684
8801	5685
3343	5686
9727	5687
710	5688
5201	5689
4930	5690
1042	5691
7271	5692
7870	5693
3997	5694
9175	5695
6004	5696
1598	5697
387	5698
2605	5699
6107	5700
1997	5701
1133	5702
8282	5703
6020	5704
8152	5705
4921	5706
3744	5707
2398	5708
7965	5709
6102	5710
7770	5711
539	5712
6195	5713
574	5714
83	5715
3196	5716
6217	5717
133	5718
4560	5719
9219	5720
2674	5721
814	5722
5056	5723
1867	5724
1202	5725
6319	5726
3488	5727
3696	5728
8826	5729
9234	5730
3960	5731
6853	5732
8159	5733
3601	5734
9717	5735
3015	5736
4994	5737
6638	5738
531	5739
7760	5740
536	5741
248	5742
3988	5743
78	5744
2777	5745
5338	5746
8242	5747
4321	5748
7339	5749
5668	5750
2353	5751
6129	5752
8163	5753
8459	5754
5489	5755
261	5756
5864	5757
7594	5758
4523	5759
4525	5760
8662	5761
6998	5762
5241	5763
8237	5764
783	5765
3279	5766
8042	5767
7751	5768
6487	5769
3693	5770
8245	5771
5885	5772
755	5773
7444	5774
9691	5775
3340	5776
8777	5777
2061	5778
7379	5779
1457	5780
6790	5781
1391	5782
45	5783
4282	5784
4335	5785
6219	5786
95	5787
143	5788
1047	5789
2916	5790
3946	5791
6900	5792
111	5793
3348	5794
5421	5795
3584	5796
7555	5797
6685	5798
7145	5799
3280	5800
9391	5801
8705	5802
9328	5803
8852	5804
8399	5805
5333	5806
646	5807
591	5808
6726	5809
7898	5810
695	5811
3545	5812
1816	5813
1479	5814
3368	5815
1890	5816
5614	5817
1638	5818
8110	5819
8512	5820
2435	5821
8740	5822
165	5823
8600	5824
8642	5825
7067	5826
7886	5827
8651	5828
8697	5829
8949	5830
7862	5831
5676	5832
6543	5833
2986	5834
6551	5835
2702	5836
7446	5837
9397	5838
3003	5839
7693	5840
5116	5841
312	5842
1316	5843
1262	5844
5882	5845
1983	5846
174	5847
1001	5848
1738	5849
3941	5850
5089	5851
4520	5852
5181	5853
8732	5854
5423	5855
7869	5856
2994	5857
2208	5858
7462	5859
5264	5860
923	5861
2372	5862
2343	5863
6928	5864
4292	5865
881	5866
7289	5867
3529	5868
7820	5869
6825	5870
3313	5871
6459	5872
8193	5873
9522	5874
3480	5875
8622	5876
8057	5877
6348	5878
1331	5879
1000	5880
1835	5881
6717	5882
7275	5883
3625	5884
3546	5885
1194	5886
5804	5887
4519	5888
706	5889
4025	5890
5955	5891
5845	5892
582	5893
2696	5894
537	5895
9715	5896
2636	5897
4614	5898
1307	5899
3115	5900
564	5901
3428	5902
2684	5903
9489	5904
3830	5905
3164	5906
2820	5907
4310	5908
7252	5909
263	5910
6227	5911
3159	5912
8674	5913
9612	5914
1426	5915
490	5916
7052	5917
5810	5918
6780	5919
4203	5920
135	5921
433	5922
2613	5923
6403	5924
4467	5925
128	5926
708	5927
1735	5928
311	5929
9757	5930
8447	5931
5233	5932
6209	5933
4733	5934
2054	5935
6504	5936
7947	5937
7343	5938
9318	5939
1268	5940
4800	5941
5234	5942
7222	5943
6245	5944
5950	5945
6320	5946
7817	5947
2352	5948
7198	5949
512	5950
5549	5951
6910	5952
9751	5953
7121	5954
1962	5955
1236	5956
4813	5957
5667	5958
9226	5959
8866	5960
2954	5961
8863	5962
7017	5963
6301	5964
2944	5965
4114	5966
3877	5967
4063	5968
2203	5969
2740	5970
727	5971
5904	5972
6606	5973
4113	5974
3374	5975
4107	5976
1781	5977
9071	5978
4998	5979
3335	5980
7750	5981
1265	5982
9708	5983
2146	5984
9327	5985
4015	5986
9280	5987
619	5988
4514	5989
231	5990
1527	5991
2846	5992
8937	5993
1286	5994
3524	5995
3170	5996
9513	5997
2386	5998
8195	5999
7215	6000
2899	6001
629	6002
5913	6003
4273	6004
2729	6005
8860	6006
4732	6007
8063	6008
3664	6009
7433	6010
3820	6011
2362	6012
4245	6013
8278	6014
7200	6015
533	6016
5712	6017
6967	6018
3833	6019
500	6020
8448	6021
2995	6022
1488	6023
7866	6024
7554	6025
8824	6026
2772	6027
6474	6028
5442	6029
4327	6030
6937	6031
8189	6032
4012	6033
9277	6034
1350	6035
4570	6036
4196	6037
5681	6038
1896	6039
1192	6040
8387	6041
6935	6042
3356	6043
995	6044
7587	6045
8283	6046
9417	6047
1953	6048
1484	6049
9086	6050
5607	6051
2384	6052
6499	6053
6615	6054
7928	6055
6452	6056
752	6057
5204	6058
7451	6059
182	6060
6013	6061
2462	6062
1626	6063
5223	6064
6804	6065
1623	6066
7244	6067
6746	6068
3482	6069
6404	6070
6729	6071
8946	6072
4648	6073
5122	6074
372	6075
4389	6076
7506	6077
1395	6078
8998	6079
5899	6080
3748	6081
6668	6082
9696	6083
5944	6084
5335	6085
2609	6086
867	6087
3324	6088
6919	6089
9311	6090
1565	6091
3502	6092
1393	6093
5492	6094
3282	6095
2763	6096
870	6097
2491	6098
2041	6099
201	6100
1653	6101
4826	6102
9478	6103
6247	6104
6340	6105
8097	6106
1119	6107
5359	6108
2694	6109
2499	6110
5949	6111
2087	6112
953	6113
2128	6114
3239	6115
4485	6116
5148	6117
1994	6118
9316	6119
2693	6120
3888	6121
1860	6122
3033	6123
1227	6124
1303	6125
3932	6126
4324	6127
4639	6128
7228	6129
2143	6130
4248	6131
7704	6132
9663	6133
3198	6134
281	6135
1004	6136
5575	6137
2805	6138
7976	6139
3007	6140
1466	6141
567	6142
365	6143
5108	6144
1165	6145
608	6146
6398	6147
888	6148
7794	6149
3862	6150
3261	6151
7432	6152
8188	6153
8006	6154
7490	6155
6244	6156
9257	6157
6735	6158
1971	6159
3548	6160
8948	6161
2119	6162
1080	6163
6162	6164
3468	6165
60	6166
4989	6167
7291	6168
3783	6169
8683	6170
4331	6171
5900	6172
8048	6173
467	6174
9381	6175
7314	6176
1709	6177
7951	6178
2822	6179
4692	6180
958	6181
8348	6182
1324	6183
247	6184
6950	6185
1342	6186
8414	6187
6324	6188
7267	6189
8138	6190
2493	6191
5589	6192
5982	6193
4404	6194
1419	6195
7242	6196
5149	6197
988	6198
2254	6199
1734	6200
4191	6201
1381	6202
3276	6203
5252	6204
430	6205
1087	6206
7250	6207
7264	6208
3125	6209
19	6210
862	6211
6369	6212
4924	6213
4378	6214
4565	6215
3953	6216
5617	6217
2724	6218
1377	6219
904	6220
9081	6221
2122	6222
190	6223
2832	6224
2795	6225
9395	6226
9494	6227
1917	6228
3698	6229
8243	6230
6768	6231
9505	6232
2272	6233
7868	6234
6300	6235
6169	6236
1045	6237
3146	6238
4328	6239
3635	6240
5312	6241
8434	6242
22	6243
2091	6244
2922	6245
469	6246
2806	6247
6161	6248
1629	6249
2149	6250
5550	6251
3179	6252
9698	6253
937	6254
175	6255
8233	6256
2751	6257
2567	6258
9012	6259
8585	6260
8177	6261
2097	6262
3373	6263
150	6264
4734	6265
1869	6266
1124	6267
4454	6268
459	6269
7205	6270
4607	6271
5483	6272
6063	6273
5888	6274
3864	6275
90	6276
5205	6277
2094	6278
6572	6279
3807	6280
8167	6281
5544	6282
3665	6283
3372	6284
8391	6285
760	6286
2508	6287
8145	6288
70	6289
2616	6290
5051	6291
370	6292
6868	6293
1110	6294
7435	6295
4427	6296
305	6297
3588	6298
180	6299
7771	6300
6333	6301
835	6302
5781	6303
2283	6304
4244	6305
6649	6306
816	6307
5005	6308
3670	6309
1363	6310
183	6311
3251	6312
2662	6313
4102	6314
8292	6315
6915	6316
1040	6317
6043	6318
1518	6319
2341	6320
5851	6321
8822	6322
4057	6323
1780	6324
6953	6325
8972	6326
8073	6327
4	6328
1770	6329
1344	6330
5569	6331
166	6332
7678	6333
1413	6334
5829	6335
5796	6336
3285	6337
4384	6338
2206	6339
8469	6340
5032	6341
8549	6342
5645	6343
2154	6344
3937	6345
693	6346
7370	6347
4325	6348
4527	6349
8306	6350
4606	6351
808	6352
3711	6353
5827	6354
5213	6355
8337	6356
4047	6357
6498	6358
841	6359
6198	6360
8785	6361
9216	6362
4497	6363
5073	6364
8487	6365
3157	6366
8634	6367
8595	6368
3221	6369
3916	6370
2529	6371
3030	6372
943	6373
7430	6374
5385	6375
9677	6376
1289	6377
7624	6378
8077	6379
668	6380
2229	6381
2778	6382
7543	6383
4944	6384
6872	6385
7711	6386
5460	6387
9199	6388
1339	6389
9235	6390
1225	6391
1507	6392
6407	6393
587	6394
3178	6395
1375	6396
5331	6397
2497	6398
3557	6399
7801	6400
7580	6401
5376	6402
9545	6403
8718	6404
9658	6405
2306	6406
7140	6407
3492	6408
7527	6409
7491	6410
3686	6411
163	6412
2627	6413
4071	6414
5416	6415
4764	6416
4387	6417
9566	6418
5657	6419
5980	6420
9560	6421
6006	6422
4250	6423
8279	6424
9	6425
2028	6426
3156	6427
1384	6428
3275	6429
7815	6430
7981	6431
9534	6432
8338	6433
2209	6434
8012	6435
6048	6436
5260	6437
1788	6438
8327	6439
7929	6440
1250	6441
3513	6442
92	6443
3928	6444
8156	6445
138	6446
9653	6447
5059	6448
7775	6449
6154	6450
8432	6451
9506	6452
1658	6453
6018	6454
1986	6455
3855	6456
8870	6457
7109	6458
769	6459
65	6460
1167	6461
9334	6462
6471	6463
1212	6464
1636	6465
8987	6466
6015	6467
6633	6468
5776	6469
8734	6470
928	6471
4623	6472
7755	6473
4336	6474
3553	6475
7739	6476
2726	6477
1072	6478
1038	6479
7074	6480
5326	6481
9742	6482
4920	6483
6119	6484
9512	6485
1741	6486
8300	6487
5	6488
4077	6489
4815	6490
306	6491
570	6492
4702	6493
3437	6494
3094	6495
7844	6496
5255	6497
7658	6498
5646	6499
8706	6500
8947	6501
4255	6502
1939	6503
6385	6504
6168	6505
3044	6506
8631	6507
3059	6508
5599	6509
3707	6510
7233	6511
1641	6512
2701	6513
9161	6514
719	6515
73	6516
890	6517
4507	6518
4084	6519
9468	6520
1580	6521
7826	6522
1688	6523
8130	6524
8710	6525
4868	6526
2980	6527
3701	6528
784	6529
8080	6530
9314	6531
9330	6532
5009	6533
6812	6534
8154	6535
4957	6536
9193	6537
8406	6538
7332	6539
5435	6540
4939	6541
5300	6542
1806	6543
3142	6544
3233	6545
8155	6546
5789	6547
7090	6548
2658	6549
6016	6550
3742	6551
7522	6552
6838	6553
5708	6554
9741	6555
9164	6556
974	6557
8728	6558
8983	6559
9025	6560
2389	6561
492	6562
6951	6563
8652	6564
94	6565
8747	6566
5987	6567
7646	6568
4970	6569
2985	6570
3296	6571
5258	6572
4271	6573
8424	6574
8318	6575
13	6576
9267	6577
5176	6578
6180	6579
377	6580
8310	6581
9523	6582
7535	6583
4535	6584
9213	6585
5156	6586
33	6587
8172	6588
3765	6589
4910	6590
6125	6591
3082	6592
8286	6593
123	6594
4352	6595
707	6596
5372	6597
4790	6598
8112	6599
1825	6600
9155	6601
2545	6602
1318	6603
1082	6604
9675	6605
639	6606
5070	6607
2309	6608
588	6609
1627	6610
6159	6611
912	6612
3920	6613
5586	6614
7058	6615
5247	6616
3338	6617
8179	6618
1309	6619
2317	6620
7000	6621
5799	6622
3689	6623
3333	6624
51	6625
2744	6626
705	6627
737	6628
7258	6629
9163	6630
2133	6631
1490	6632
4490	6633
7425	6634
4585	6635
1182	6636
8672	6637
1590	6638
47	6639
7598	6640
4867	6641
5924	6642
1948	6643
7428	6644
2489	6645
6415	6646
7819	6647
208	6648
7	6649
7191	6650
5339	6651
3072	6652
6689	6653
5997	6654
4391	6655
367	6656
8753	6657
8924	6658
9356	6659
7287	6660
4458	6661
8925	6662
7926	6663
7619	6664
3958	6665
6795	6666
1812	6667
7412	6668
8820	6669
7218	6670
7033	6671
4852	6672
1044	6673
1330	6674
3391	6675
6203	6676
8562	6677
5856	6678
8641	6679
4338	6680
161	6681
4488	6682
6173	6683
7437	6684
1036	6685
9633	6686
5923	6687
2368	6688
5198	6689
7636	6690
8555	6691
7422	6692
1632	6693
167	6694
7349	6695
3367	6696
865	6697
2196	6698
632	6699
1722	6700
9516	6701
7187	6702
5931	6703
9107	6704
3636	6705
3165	6706
8492	6707
5366	6708
9279	6709
1101	6710
8783	6711
8060	6712
9291	6713
9037	6714
3667	6715
36	6716
4278	6717
1669	6718
9649	6719
8456	6720
3854	6721
2224	6722
4253	6723
1224	6724
8312	6725
3489	6726
4664	6727
4481	6728
6426	6729
5735	6730
7659	6731
5175	6732
1963	6733
3289	6734
9671	6735
3951	6736
1712	6737
5354	6738
7643	6739
5187	6740
9758	6741
1402	6742
1009	6743
185	6744
6714	6745
8574	6746
3250	6747
441	6748
8140	6749
1476	6750
157	6751
4701	6752
1542	6753
4021	6754
4533	6755
6612	6756
6185	6757
1341	6758
393	6759
5883	6760
7441	6761
1779	6762
7895	6763
6569	6764
5000	6765
5519	6766
288	6767
1075	6768
5806	6769
8837	6770
315	6771
7376	6772
9080	6773
3005	6774
730	6775
7182	6776
8092	6777
7837	6778
9337	6779
2705	6780
5410	6781
7103	6782
4199	6783
4597	6784
8955	6785
8795	6786
1259	6787
2408	6788
4655	6789
1138	6790
9492	6791
3425	6792
2020	6793
6396	6794
6454	6795
4596	6796
6859	6797
4856	6798
9574	6799
5981	6800
3462	6801
3203	6802
7235	6803
5315	6804
8004	6805
1585	6806
1612	6807
3199	6808
8086	6809
2594	6810
47	6811
3606	6812
2946	6813
5684	6814
2774	6815
7905	6816
4212	6817
2397	6818
479	6819
8101	6820
1566	6821
1501	6822
576	6823
2233	6824
2654	6825
967	6826
4299	6827
3996	6828
7669	6829
7350	6830
9665	6831
1756	6832
9525	6833
5428	6834
9601	6835
687	6836
1483	6837
8137	6838
246	6839
64	6840
2959	6841
119	6842
8995	6843
8887	6844
4067	6845
6903	6846
5639	6847
7787	6848
7424	6849
1725	6850
9611	6851
3445	6852
5727	6853
5926	6854
9135	6855
191	6856
916	6857
106	6858
3510	6859
3819	6860
1579	6861
3506	6862
6458	6863
5014	6864
5873	6865
5611	6866
9158	6867
1570	6868
976	6869
1321	6870
2905	6871
4466	6872
9510	6873
2966	6874
6011	6875
6171	6876
4627	6877
6856	6878
8626	6879
9047	6880
37	6881
1519	6882
5251	6883
9568	6884
4887	6885
4302	6886
5868	6887
5287	6888
2218	6889
7044	6890
8790	6891
3812	6892
7963	6893
92	6894
5557	6895
1678	6896
8970	6897
85	6898
4400	6899
4949	6900
6509	6901
5878	6902
4426	6903
1304	6904
6805	6905
3756	6906
6376	6907
3700	6908
1685	6909
8085	6910
3715	6911
3291	6912
6045	6913
1206	6914
4246	6915
5998	6916
9230	6917
2	6918
9744	6919
8357	6920
5060	6921
1131	6922
2974	6923
8511	6924
1755	6925
8058	6926
8281	6927
4351	6928
9289	6929
3042	6930
2938	6931
7195	6932
8244	6933
3079	6934
3327	6935
979	6936
524	6937
586	6938
7873	6939
3504	6940
4129	6941
3431	6942
8965	6943
1444	6944
1535	6945
620	6946
4371	6947
4890	6948
3796	6949
1053	6950
3461	6951
6861	6952
7662	6953
4417	6954
335	6955
1538	6956
117	6957
8053	6958
4658	6959
5420	6960
5535	6961
9043	6962
1343	6963
8345	6964
6921	6965
1195	6966
192	6967
6537	6968
4010	6969
6644	6970
2638	6971
8225	6972
876	6973
7003	6974
4062	6975
3591	6976
7310	6977
3107	6978
2560	6979
2981	6980
9721	6981
6196	6982
211	6983
1127	6984
145	6985
6077	6986
3942	6987
7785	6988
5467	6989
3371	6990
2746	6991
8755	6992
6520	6993
1016	6994
5086	6995
9699	6996
2743	6997
9432	6998
8589	6999
5660	7000
5613	7001
74	7002
6246	7003
2312	7004
6807	7005
2474	7006
3185	7007
5327	7008
5972	7009
5344	7010
4082	7011
3108	7012
4167	7013
1973	7014
2485	7015
5003	7016
5023	7017
940	7018
3708	7019
8098	7020
5628	7021
9421	7022
88	7023
7655	7024
6397	7025
4237	7026
1532	7027
9396	7028
7468	7029
1409	7030
5174	7031
8164	7032
5401	7033
5547	7034
6829	7035
7891	7036
9606	7037
9643	7038
3402	7039
4812	7040
8388	7041
1291	7042
3826	7043
7812	7044
756	7045
87	7046
4515	7047
1241	7048
4905	7049
1159	7050
7261	7051
6797	7052
5545	7053
3645	7054
747	7055
4624	7056
601	7057
4964	7058
8206	7059
4567	7060
1766	7061
5253	7062
6152	7063
2897	7064
15	7065
2484	7066
5482	7067
6	7068
2535	7069
8773	7070
4026	7071
3238	7072
4647	7073
5591	7074
6002	7075
22	7076
5731	7077
3653	7078
5653	7079
6801	7080
7055	7081
618	7082
3968	7083
1327	7084
72	7085
2500	7086
3370	7087
577	7088
2936	7089
9526	7090
8796	7091
6172	7092
30	7093
57	7094
1051	7095
184	7096
3278	7097
7020	7098
6524	7099
5826	7100
9733	7101
1849	7102
3967	7103
9531	7104
66	7105
8380	7106
7470	7107
5024	7108
1485	7109
392	7110
600	7111
9211	7112
8604	7113
9065	7114
4419	7115
8041	7116
6248	7117
2512	7118
1839	7119
6176	7120
8276	7121
2034	7122
9312	7123
6667	7124
1126	7125
8230	7126
6372	7127
997	7128
529	7129
4472	7130
8088	7131
4626	7132
173	7133
1837	7134
9403	7135
6833	7136
9123	7137
2479	7138
4838	7139
3099	7140
9400	7141
3487	7142
300	7143
1465	7144
2403	7145
2689	7146
5612	7147
764	7148
7087	7149
2502	7150
5563	7151
505	7152
2393	7153
4750	7154
504	7155
1412	7156
6832	7157
110	7158
147	7159
3	7160
8746	7161
6151	7162
2243	7163
2364	7164
1230	7165
1473	7166
6692	7167
8775	7168
8024	7169
1670	7170
8299	7171
3467	7172
5520	7173
5443	7174
9460	7175
308	7176
4258	7177
8275	7178
9635	7179
951	7180
6865	7181
8121	7182
2866	7183
5208	7184
3249	7185
8489	7186
8207	7187
9454	7188
495	7189
4185	7190
2280	7191
4234	7192
2334	7193
4700	7194
4591	7195
9143	7196
1787	7197
7816	7198
5844	7199
130	7200
3955	7201
5576	7202
3738	7203
6964	7204
1992	7205
6329	7206
584	7207
3528	7208
6062	7209
3574	7210
3400	7211
7369	7212
4908	7213
2671	7214
93	7215
5741	7216
1263	7217
2533	7218
3867	7219
5189	7220
9682	7221
2442	7222
8827	7223
3168	7224
1180	7225
5558	7226
6867	7227
9117	7228
4261	7229
5064	7230
4493	7231
6012	7232
50	7233
17	7234
7471	7235
2329	7236
4066	7237
3869	7238
6137	7239
5050	7240
9747	7241
9073	7242
5711	7243
2470	7244
9406	7245
4823	7246
8246	7247
9632	7248
9408	7249
5581	7250
596	7251
8575	7252
6456	7253
3616	7254
12	7255
9425	7256
8748	7257
3144	7258
1245	7259
9623	7260
2836	7261
9713	7262
4744	7263
3900	7264
3800	7265
5102	7266
4617	7267
977	7268
8250	7269
568	7270
3615	7271
130	7272
54	7273
8637	7274
4274	7275
1649	7276
2969	7277
7518	7278
8238	7279
3803	7280
7884	7281
5691	7282
1273	7283
3714	7284
3691	7285
452	7286
798	7287
6121	7288
622	7289
5450	7290
7057	7291
7248	7292
7392	7293
9027	7294
5386	7295
278	7296
6770	7297
3763	7298
8623	7299
6922	7300
4962	7301
1952	7302
5672	7303
4955	7304
4723	7305
8131	7306
3061	7307
3710	7308
204	7309
3401	7310
7778	7311
48	7312
144	7313
2542	7314
7857	7315
3766	7316
6591	7317
7364	7318
548	7319
9412	7320
4797	7321
4079	7322
5803	7323
6505	7324
3252	7325
7016	7326
1823	7327
1382	7328
2606	7329
2495	7330
8205	7331
6702	7332
9067	7333
7713	7334
3587	7335
9270	7336
1728	7337
5551	7338
4513	7339
8490	7340
5884	7341
256	7342
3359	7343
8227	7344
5662	7345
5798	7346
6350	7347
8418	7348
4578	7349
957	7350
4363	7351
8616	7352
3224	7353
498	7354
7118	7355
4620	7356
7298	7357
2230	7358
4601	7359
7638	7360
795	7361
1288	7362
511	7363
9242	7364
4886	7365
3395	7366
8596	7367
4405	7368
8716	7369
791	7370
5859	7371
4395	7372
2367	7373
2062	7374
797	7375
55	7376
5989	7377
81	7378
1815	7379
2328	7380
5838	7381
7266	7382
8714	7383
3479	7384
4694	7385
7512	7386
6757	7387
4599	7388
4116	7389
8617	7390
4144	7391
4696	7392
944	7393
6409	7394
4226	7395
8305	7396
3111	7397
1091	7398
1396	7399
6092	7400
3813	7401
310	7402
8516	7403
431	7404
3499	7405
413	7406
2871	7407
2964	7408
2734	7409
5353	7410
9055	7411
3465	7412
2271	7413
44	7414
9609	7415
6886	7416
7161	7417
4043	7418
8799	7419
421	7420
3825	7421
9250	7422
3090	7423
660	7424
6500	7425
4634	7426
1772	7427
7670	7428
4914	7429
3802	7430
5206	7431
7299	7432
3491	7433
9001	7434
5973	7435
4014	7436
1655	7437
4985	7438
6068	7439
8523	7440
2101	7441
3838	7442
7955	7443
5749	7444
1401	7445
5633	7446
1296	7447
443	7448
5037	7449
1196	7450
2851	7451
8771	7452
882	7453
1882	7454
1813	7455
1989	7456
3292	7457
9502	7458
6299	7459
3730	7460
5895	7461
9712	7462
6703	7463
5465	7464
6516	7465
6377	7466
7789	7467
9674	7468
6432	7469
6631	7470
5770	7471
7603	7472
2685	7473
3065	7474
171	7475
573	7476
3466	7477
1178	7478
9651	7479
6239	7480
7232	7481
1337	7482
1862	7483
3817	7484
6642	7485
1567	7486
3352	7487
4240	7488
7861	7489
7912	7490
322	7491
338	7492
7900	7493
4031	7494
8374	7495
4334	7496
1	7497
107	7498
5383	7499
2186	7500
3938	7501
414	7502
7167	7503
9718	7504
9354	7505
183	7506
5762	7507
436	7508
7463	7509
1607	7510
4483	7511
1386	7512
7382	7513
6034	7514
3318	7515
4455	7516
9133	7517
4276	7518
5816	7519
5707	7520
7079	7521
2219	7522
2260	7523
3151	7524
4243	7525
8899	7526
909	7527
822	7528
740	7529
3375	7530
8296	7531
4266	7532
9615	7533
3013	7534
7320	7535
98	7536
6609	7537
1049	7538
5114	7539
126	7540
4372	7541
9057	7542
3134	7543
2908	7544
6480	7545
9771	7546
6766	7547
8440	7548
1514	7549
3614	7550
7029	7551
7613	7552
4557	7553
3792	7554
8396	7555
649	7556
6305	7557
5835	7558
5682	7559
5743	7560
5867	7561
8976	7562
9150	7563
2056	7564
5523	7565
178	7566
1317	7567
9463	7568
3299	7569
475	7570
4221	7571
4241	7572
7083	7573
1930	7574
1232	7575
1710	7576
3206	7577
3673	7578
1328	7579
8981	7580
1922	7581
6806	7582
9538	7583
2278	7584
3433	7585
8653	7586
9125	7587
1142	7588
8129	7589
8741	7590
7651	7591
187	7592
9491	7593
7477	7594
7383	7595
5476	7596
2910	7597
8003	7598
5480	7599
4060	7600
1061	7601
1975	7602
6269	7603
6387	7604
7245	7605
3109	7606
3726	7607
5182	7608
1884	7609
6138	7610
8020	7611
2257	7612
7416	7613
8781	7614
2284	7615
5892	7616
3607	7617
7699	7618
7151	7619
3659	7620
7856	7621
7791	7622
8857	7623
8592	7624
683	7625
478	7626
7312	7627
2932	7628
4590	7629
6791	7630
4935	7631
3881	7632
5619	7633
1791	7634
5388	7635
7417	7636
9711	7637
2195	7638
1995	7639
1161	7640
3512	7641
4995	7642
2818	7643
4963	7644
3430	7645
7368	7646
7914	7647
7073	7648
442	7649
2048	7650
8476	7651
4669	7652
1799	7653
6716	7654
6389	7655
2448	7656
4981	7657
7719	7658
6636	7659
8832	7660
4182	7661
6599	7662
8488	7663
9184	7664
6179	7665
5484	7666
5444	7667
5466	7668
6824	7669
8558	7670
745	7671
9714	7672
2515	7673
5751	7674
4249	7675
5605	7676
2608	7677
3443	7678
1015	7679
4105	7680
7528	7681
4628	7682
5718	7683
2581	7684
2663	7685
9765	7686
8551	7687
959	7688
5236	7689
4832	7690
4177	7691
732	7692
5823	7693
6843	7694
8033	7695
2441	7696
465	7697
5658	7698
2068	7699
5516	7700
8548	7701
3821	7702
6370	7703
1937	7704
7153	7705
9369	7706
107	7707
6734	7708
3471	7709
837	7710
2713	7711
5257	7712
3161	7713
3770	7714
6844	7715
400	7716
7123	7717
9254	7718
9084	7719
3263	7720
5555	7721
6815	7722
457	7723
7881	7724
4880	7725
4863	7726
3255	7727
6150	7728
5345	7729
8500	7730
9273	7731
3575	7732
5432	7733
2676	7734
7593	7735
8335	7736
219	7737
2234	7738
1471	7739
1783	7740
3891	7741
7807	7742
854	7743
8341	7744
6884	7745
4219	7746
5548	7747
5779	7748
1162	7749
1432	7750
6854	7751
3901	7752
4689	7753
4406	7754
3846	7755
6912	7756
1546	7757
28	7758
5341	7759
5072	7760
4885	7761
7224	7762
9487	7763
8971	7764
2687	7765
4280	7766
8667	7767
4870	7768
7	7769
4035	7770
8538	7771
4948	7772
8882	7773
4155	7774
5902	7775
6521	7776
4161	7777
599	7778
6147	7779
6481	7780
7457	7781
2262	7782
3760	7783
2492	7784
8350	7785
251	7786
8472	7787
1323	7788
1782	7789
3784	7790
6065	7791
6595	7792
4866	7793
1059	7794
4869	7795
5775	7796
5199	7797
2145	7798
6240	7799
8772	7800
2571	7801
9340	7802
734	7803
4906	7804
627	7805
1868	7806
4730	7807
6130	7808
318	7809
2412	7810
2115	7811
8940	7812
799	7813
6069	7814
4536	7815
3839	7816
3060	7817
152	7818
1128	7819
254	7820
2614	7821
3585	7822
4342	7823
2941	7824
3814	7825
9004	7826
2588	7827
3105	7828
5434	7829
4707	7830
4231	7831
417	7832
8353	7833
5999	7834
4420	7835
6709	7836
4820	7837
3658	7838
5655	7839
2621	7840
2464	7841
5391	7842
120	7843
3959	7844
1199	7845
8682	7846
9052	7847
8537	7848
1168	7849
2153	7850
8751	7851
5626	7852
8659	7853
8289	7854
7065	7855
7188	7856
9296	7857
1993	7858
9383	7859
4489	7860
2894	7861
8510	7862
6444	7863
9517	7864
2244	7865
9062	7866
4268	7867
4993	7868
1733	7869
3418	7870
9355	7871
9	7872
9480	7873
8333	7874
2377	7875
819	7876
5479	7877
860	7878
4179	7879
6438	7880
2079	7881
5184	7882
5802	7883
4362	7884
3568	7885
1496	7886
9141	7887
9082	7888
3129	7889
4903	7890
3376	7891
2953	7892
2640	7893
8509	7894
6072	7895
3243	7896
4588	7897
9365	7898
5446	7899
638	7900
2324	7901
1509	7902
6470	7903
1988	7904
6502	7905
6986	7906
6908	7907
5400	7908
5	7909
6392	7910
8010	7911
6781	7912
2949	7913
6629	7914
5248	7915
1704	7916
3423	7917
6356	7918
116	7919
2331	7920
5553	7921
4666	7922
2018	7923
5813	7924
7567	7925
5007	7926
530	7927
8499	7928
2433	7929
8339	7930
9755	7931
9692	7932
4968	7933
5164	7934
6469	7935
3911	7936
1521	7937
1185	7938
5324	7939
8224	7940
1845	7941
6120	7942
7053	7943
2579	7944
3757	7945
2771	7946
5713	7947
6367	7948
3552	7949
1418	7950
5041	7951
853	7952
839	7953
6634	7954
2736	7955
6619	7956
1423	7957
228	7958
120	7959
1335	7960
5365	7961
1691	7962
8984	7963
26	7964
113	7965
9298	7966
2765	7967
7634	7968
9471	7969
7239	7970
4215	7971
7249	7972
6916	7973
5703	7974
6961	7975
8847	7976
4843	7977
6945	7978
965	7979
6479	7980
7004	7981
2628	7982
1002	7983
1237	7984
986	7985
5503	7986
6383	7987
987	7988
2648	7989
5745	7990
1023	7991
6382	7992
992	7993
792	7994
5755	7995
5758	7996
4206	7997
6958	7998
4207	7999
4218	8000
2112	8001
6696	8002
7002	8003
2550	8004
6511	8005
9546	8006
1089	8007
7982	8008
7859	8009
7942	8010
2298	8011
1385	8012
1773	8013
8842	8014
6693	8015
1271	8016
7403	8017
1348	8018
2458	8019
7864	8020
7520	8021
1380	8022
2011	8023
5295	8024
2956	8025
4861	8026
7505	8027
1928	8028
7991	8029
1215	8030
7204	8031
1530	8032
7805	8033
6041	8034
109	8035
1474	8036
9591	8037
1539	8038
847	8039
7550	8040
5947	8041
3935	8042
4009	8043
2600	8044
3116	8045
4374	8046
6216	8047
1440	8048
5008	8049
8105	8050
6792	8051
8784	8052
2595	8053
5210	8054
117	8055
7827	8056
8974	8057
2202	8058
7509	8059
3902	8060
8021	8061
3660	8062
2212	8063
1936	8064
5472	8065
3153	8066
6191	8067
2626	8068
5674	8069
5355	8070
8316	8071
9244	8072
1459	8073
180	8074
8497	8075
2718	8076
3712	8077
4383	8078
2378	8079
3718	8080
1761	8081
133	8082
4972	8083
7853	8084
5714	8085
6249	8086
7987	8087
1226	8088
5525	8089
1700	8090
7660	8091
2059	8092
3432	8093
1450	8094
9474	8095
1575	8096
7848	8097
6549	8098
6544	8099
3315	8100
4094	8101
6061	8102
2728	8103
827	8104
2427	8105
7039	8106
9274	8107
5099	8108
129	8109
1915	8110
100	8111
3550	8112
1157	8113
6478	8114
2923	8115
3596	8116
9189	8117
4587	8118
9554	8119
9038	8120
4424	8121
5622	8122
8241	8123
2349	8124
3542	8125
6088	8126
394	8127
2749	8128
1486	8129
453	8130
4809	8131
8055	8132
5706	8133
5598	8134
684	8135
8273	8136
3006	8137
9256	8138
4864	8139
766	8140
168	8141
922	8142
298	8143
1494	8144
9754	8145
3806	8146
9338	8147
6233	8148
3721	8149
1446	8150
807	8151
3612	8152
5192	8153
1924	8154
2683	8155
8061	8156
8405	8157
8654	8158
9762	8159
9770	8160
7450	8161
4070	8162
8480	8163
2237	8164
5275	8165
6285	8166
9459	8167
5067	8168
29	8169
6722	8170
5020	8171
9592	8172
8599	8173
8023	8174
4429	8175
3870	8176
158	8177
9676	8178
9282	8179
686	8180
2578	8181
2700	8182
7558	8183
1853	8184
6328	8185
1943	8186
6585	8187
1405	8188
8223	8189
9114	8190
2530	8191
3577	8192
503	8193
9636	8194
1052	8195
4898	8196
3328	8197
7507	8198
7489	8199
434	8200
9616	8201
5350	8202
3449	8203
8726	8204
5769	8205
4850	8206
5290	8207
1789	8208
3623	8209
8379	8210
4202	8211
2030	8212
9200	8213
1958	8214
134	8215
9249	8216
2825	8217
76	8218
12	8219
352	8220
6627	8221
3892	8222
4074	8223
6617	8224
1686	8225
8051	8226
4236	8227
8802	8228
5587	8229
6820	8230
8885	8231
3624	8232
7144	8233
4312	8234
3672	8235
7575	8236
3543	8237
809	8238
5419	8239
7466	8240
9411	8241
8178	8242
9068	8243
2085	8244
5140	8245
849	8246
5130	8247
7189	8248
575	8249
2164	8250
9550	8251
717	8252
7591	8253
4579	8254
3554	8255
2089	8256
3555	8257
6593	8258
7838	8259
6601	8260
4418	8261
7347	8262
5126	8263
5168	8264
5404	8265
7736	8266
5235	8267
7513	8268
7831	8269
8412	8270
8468	8271
9541	8272
1247	8273
7586	8274
448	8275
1899	8276
4358	8277
1906	8278
7488	8279
354	8280
794	8281
5065	8282
4168	8283
2301	8284
1043	8285
3163	8286
1888	8287
6671	8288
2004	8289
58	8290
5323	8291
2951	8292
6793	8293
4409	8294
3845	8295
933	8296
169	8297
3393	8298
216	8299
3750	8300
3593	8301
146	8302
6	8303
6241	8304
7650	8305
121	8306
4892	8307
4558	8308
2162	8309
8415	8310
2042	8311
9657	8312
103	8313
2424	8314
2524	8315
2345	8316
8367	8317
172	8318
7107	8319
1475	8320
3600	8321
9410	8322
7498	8323
9097	8324
863	8325
6390	8326
9115	8327
104	8328
1340	8329
7661	8330
5736	8331
6840	8332
5319	8333
8530	8334
4847	8335
1508	8336
1355	8337
2231	8338
8	8339
6785	8340
2842	8341
3381	8342
2156	8343
9498	8344
5983	8345
4465	8346
6643	8347
5959	8348
3767	8349
6541	8350
6223	8351
6303	8352
6028	8353
4223	8354
502	8355
8594	8356
5268	8357
6440	8358
3	8359
7607	8360
5119	8361
8656	8362
8979	8363
3985	8364
9621	8365
1235	8366
3357	8367
2870	8368
6527	8369
5730	8370
2444	8371
8045	8372
9416	8373
4477	8374
3776	8375
205	8376
1557	8377
3626	8378
2837	8379
2704	8380
7537	8381
9443	8382
2864	8383
982	8384
8535	8385
8307	8386
9540	8387
634	8388
101	8389
523	8390
2862	8391
6762	8392
6032	8393
510	8394
5792	8395
6140	8396
2139	8397
4120	8398
525	8399
8903	8400
3926	8401
5017	8402
34	8403
5992	8404
8329	8405
181	8406
4827	8407
6494	8408
6522	8409
6286	8410
41	8411
2791	8412
53	8413
4402	8414
9732	8415
9660	8416
1487	8417
1407	8418
2794	8419
3174	8420
9310	8421
8923	8422
1550	8423
8566	8424
379	8425
7094	8426
9168	8427
7148	8428
8389	8429
5170	8430
6836	8431
3345	8432
5917	8433
9402	8434
9003	8435
6926	8436
613	8437
2574	8438
2615	8439
4297	8440
9153	8441
8676	8442
2598	8443
7568	8444
4045	8445
9127	8446
4188	8447
5539	8448
5231	8449
5367	8450
8340	8451
7973	8452
2883	8453
4190	8454
6814	8455
3649	8456
206	8457
7601	8458
5532	8459
8267	8460
7308	8461
3073	8462
8825	8463
8921	8464
4145	8465
2013	8466
7494	8467
7948	8468
1220	8469
6675	8470
4329	8471
5190	8472
5719	8473
9638	8474
6218	8475
1442	8476
9687	8477
5449	8478
5609	8479
5261	8480
8099	8481
5269	8482
6960	8483
6623	8484
5001	8485
426	8486
2374	8487
3868	8488
2380	8489
3950	8490
6001	8491
2876	8492
7784	8493
3311	8494
23	8495
9223	8496
8096	8497
7051	8498
79	8499
4480	8500
8397	8501
2151	8502
1050	8503
7544	8504
4787	8505
8943	8506
4319	8507
5297	8508
2875	8509
1944	8510
5321	8511
666	8512
8657	8513
8143	8514
641	8515
9098	8516
195	8517
7599	8518
1824	8519
1416	8520
329	8521
8836	8522
4665	8523
159	8524
241	8525
3521	8526
2407	8527
9181	8528
9683	8529
1875	8530
9224	8531
3674	8532
3677	8533
8262	8534
8733	8535
788	8536
8287	8537
8428	8538
358	8539
3293	8540
3994	8541
6759	8542
2047	8543
6428	8544
5278	8545
176	8546
4355	8547
6019	8548
4117	8549
1982	8550
142	8551
1190	8552
2420	8553
1102	8554
2830	8555
6208	8556
2623	8557
6525	8558
8078	8559
2873	8560
3136	8561
1587	8562
189	8563
5105	8564
2861	8565
1838	8566
9218	8567
8254	8568
1942	8569
406	8570
2802	8571
2523	8572
2425	8573
4364	8574
742	8575
1299	8576
345	8577
6351	8578
4360	8579
7938	8580
9032	8581
1667	8582
8354	8583
2007	8584
2127	8585
2333	8586
3741	8587
4953	8588
7069	8589
8017	8590
7342	8591
1	8592
102	8593
8168	8594
9384	8595
344	8596
4112	8597
6202	8598
7504	8599
9552	8600
1850	8601
5562	8602
2563	8603
3139	8604
5752	8605
899	8606
8871	8607
5784	8608
8897	8609
8759	8610
6205	8611
6276	8612
8546	8613
6078	8614
9294	8615
7377	8616
7445	8617
8142	8618
6264	8619
8186	8620
8735	8621
4780	8622
8050	8623
9349	8624
6375	8625
8567	8626
6413	8627
5852	8628
7019	8629
8372	8630
810	8631
7904	8632
9597	8633
2245	8634
3053	8635
1595	8636
5757	8637
8892	8638
9206	8639
89	8640
4216	8641
1743	8642
9157	8643
5704	8644
4444	8645
1039	8646
7120	8647
7426	8648
2069	8649
112	8650
5379	8651
1736	8652
9352	8653
6771	8654
6256	8655
8251	8656
7795	8657
151	8658
9371	8659
7746	8660
6184	8661
9373	8662
8904	8663
3152	8664
1060	8665
110	8666
6287	8667
4353	8668
5276	8669
3746	8670
7009	8671
656	8672
7436	8673
6214	8674
1198	8675
7421	8676
875	8677
2182	8678
128	8679
9519	8680
7142	8681
8082	8682
4	8683
123	8684
5286	8685
6779	8686
5631	8687
3	8688
8104	8689
6700	8690
6576	8691
4811	8692
3681	8693
6408	8694
990	8695
87	8696
7157	8697
35	8698
7357	8699
7330	8700
4315	8701
9118	8702
1985	8703
9600	8704
1502	8705
2706	8706
8521	8707
7336	8708
7920	8709
232	8710
6653	8711
929	8712
4208	8713
1129	8714
4684	8715
9016	8716
4824	8717
470	8718
6035	8719
9382	8720
4833	8721
3899	8722
7585	8723
3921	8724
2633	8725
7626	8726
950	8727
8059	8728
7596	8729
1592	8730
9174	8731
5191	8732
4854	8733
3732	8734
1737	8735
6626	8736
1790	8737
9466	8738
215	8739
8257	8740
8840	8741
1481	8742
2948	8743
8113	8744
1720	8745
223	8746
5430	8747
7808	8748
3222	8749
6944	8750
7283	8751
652	8752
1106	8753
4040	8754
8174	8755
3507	8756
5043	8757
7406	8758
4288	8759
2731	8760
7937	8761
307	8762
6909	8763
3186	8764
4691	8765
19	8766
1210	8767
4103	8768
996	8769
6946	8770
8543	8771
4540	8772
2093	8773
1911	8774
3930	8775
1456	8776
161	8777
6339	8778
5470	8779
2453	8780
114	8781
8769	8782
8992	8783
1221	8784
4761	8785
1399	8786
3704	8787
108	8788
2984	8789
8848	8790
8878	8791
4881	8792
6847	8793
8774	8794
2849	8795
3424	8796
2460	8797
4011	8798
7685	8799
1874	8800
2251	8801
6704	8802
9215	8803
5291	8804
4641	8805
7168	8806
398	8807
4795	8808
9336	8809
6298	8810
6991	8811
4289	8812
4425	8813
6914	8814
3086	8815
8953	8816
3031	8817
8259	8818
4836	8819
8828	8820
7516	8821
1269	8822
1121	8823
9300	8824
4973	8825
5083	8826
6907	8827
3805	8828
5451	8829
7415	8830
4411	8831
73	8832
8457	8833
4135	8834
170	8835
2336	8836
4119	8837
2414	8838
6877	8839
9684	8840
8213	8841
9567	8842
7169	8843
6952	8844
9536	8845
2742	8846
206	8847
347	8848
3668	8849
1093	8850
8100	8851
2803	8852
9177	8853
5100	8854
1492	8855
9198	8856
9634	8857
6145	8858
276	8859
385	8860
2253	8861
4153	8862
8658	8863
5833	8864
2991	8865
6431	8866
857	8867
2759	8868
4333	8869
5374	8870
3656	8871
2760	8872
9353	8873
3121	8874
981	8875
9496	8876
4912	8877
5281	8878
4569	8879
6153	8880
9128	8881
3836	8882
3386	8883
61	8884
4581	8885
2194	8886
4396	8887
6484	8888
3713	8889
31	8890
5490	8891
1531	8892
1673	8893
7714	8894
5309	8895
6534	8896
8571	8897
1372	8898
3397	8899
9441	8900
4772	8901
555	8902
517	8903
864	8904
7514	8905
3350	8906
1204	8907
3727	8908
1604	8909
7042	8910
1154	8911
9763	8912
980	8913
5096	8914
8449	8915
630	8916
7467	8917
4604	8918
1411	8919
8776	8920
1022	8921
5389	8922
9275	8923
3205	8924
5313	8925
177	8926
653	8927
6855	8928
6059	8929
9584	8930
9565	8931
1925	8932
2892	8933
2769	8934
3962	8935
4162	8936
3220	8937
4401	8938
2569	8939
8108	8940
585	8941
9204	8942
5396	8943
68	8944
4511	8945
1923	8946
2644	8947
6597	8948
7129	8949
255	8950
4238	8951
2323	8952
3535	8953
4086	8954
6290	8955
8578	8956
9452	8957
8686	8958
6297	8959
109	8960
1338	8961
7375	8962
4922	8963
7740	8964
1025	8965
8320	8966
5077	8967
5836	8968
7874	8969
145	8970
7975	8971
3872	8972
8382	8973
1312	8974
8260	8975
10	8976
1827	8977
9764	8978
6224	8979
6862	8980
6583	8981
9539	8982
4142	8983
221	8984
7790	8985
3284	8986
1713	8987
513	8988
4422	8989
1111	8990
5732	8991
1113	8992
5568	8993
1078	8994
6608	8995
2660	8996
3995	8997
2354	8998
1624	8999
127	9000
6851	9001
4711	9002
2401	9003
5881	9004
5159	9005
2739	9006
5765	9007
8529	9008
7668	9009
4317	9010
6029	9011
6997	9012
8890	9013
8929	9014
8703	9015
9070	9016
1635	9017
3050	9018
6388	9019
7243	9020
7362	9021
4192	9022
203	9023
2610	9024
154	9025
4959	9026
7211	9027
3154	9028
7633	9029
149	9030
4619	9031
7077	9032
5786	9033
5364	9034
8934	9035
6228	9036
1630	9037
1404	9038
4322	9039
1134	9040
9201	9041
6687	9042
3211	9043
969	9044
1378	9045
840	9046
9182	9047
5218	9048
5246	9049
8330	9050
6437	9051
4345	9052
2551	9053
8711	9054
9364	9055
6798	9056
4284	9057
7970	9058
7597	9059
294	9060
8780	9061
3325	9062
6317	9063
7572	9064
5596	9065
1856	9066
2999	9067
9116	9068
5237	9069
7134	9070
9203	9071
1966	9072
2183	9073
5025	9074
3644	9075
5481	9076
5407	9077
296	9078
7986	9079
612	9080
4563	9081
5289	9082
2506	9083
2031	9084
4151	9085
1802	9086
4902	9087
2857	9088
258	9089
6827	9090
1152	9091
3537	9092
7091	9093
2584	9094
7632	9095
4673	9096
5316	9097
173	9098
2544	9099
3120	9100
3498	9101
4295	9102
2631	9103
5754	9104
3122	9105
1945	9106
2411	9107
4499	9108
257	9109
3404	9110
554	9111
738	9112
483	9113
1188	9114
6386	9115
369	9116
5058	9117
6786	9118
910	9119
8431	9120
905	9121
4771	9122
6506	9123
8699	9124
9749	9125
97	9126
330	9127
8420	9128
1272	9129
4176	9130
7911	9131
2157	9132
712	9133
7405	9134
1313	9135
7202	9136
918	9137
7822	9138
9091	9139
7208	9140
1421	9141
3100	9142
6616	9143
35	9144
3242	9145
8522	9146
1084	9147
8967	9148
4544	9149
1	9150
8891	9151
2586	9152
7845	9153
5242	9154
7387	9155
6252	9156
21	9157
1801	9158
1435	9159
4915	9160
1424	9161
9210	9162
5128	9163
2370	9164
60	9165
7024	9166
9088	9167
6984	9168
7210	9169
4506	9170
2670	9171
9366	9172
2033	9173
2877	9174
7672	9175
9190	9176
7691	9177
962	9178
3829	9179
553	9180
5928	9181
4098	9182
3642	9183
9586	9184
2741	9185
79	9186
628	9187
3991	9188
654	9189
2267	9190
1676	9191
7331	9192
3448	9193
4433	9194
8727	9195
621	9196
3894	9197
2123	9198
5097	9199
8630	9200
6930	9201
7722	9202
7181	9203
8514	9204
6430	9205
4668	9206
4918	9207
2140	9208
4719	9209
2998	9210
6417	9211
4118	9212
7284	9213
1889	9214
6985	9215
9773	9216
9111	9217
3740	9218
6400	9219
8506	9220
2812	9221
169	9222
5040	9223
5661	9224
5127	9225
77	9226
757	9227
9393	9228
323	9229
2181	9230
2516	9231
3362	9232
2604	9233
6979	9234
2549	9235
9726	9236
4318	9237
5915	9238
6646	9239
6920	9240
3785	9241
2582	9242
1978	9243
9642	9244
199	9245
9170	9246
4030	9247
5849	9248
8191	9249
6462	9250
8187	9251
6896	9252
2880	9253
5935	9254
9576	9255
1858	9256
6344	9257
615	9258
7137	9259
2657	9260
5311	9261
8425	9262
5984	9263
11	9264
9596	9265
6891	9266
1935	9267
8068	9268
7119	9269
6254	9270
8540	9271
9014	9272
5723	9273
6036	9274
2193	9275
703	9276
2282	9277
6451	9278
3733	9279
4572	9280
360	9281
907	9282
5296	9283
249	9284
4367	9285
3316	9286
1258	9287
8298	9288
6273	9289
2929	9290
4442	9291
7358	9292
7850	9293
7070	9294
3811	9295
6826	9296
6842	9297
1292	9298
2014	9299
7701	9300
489	9301
3297	9302
1057	9303
4072	9304
5292	9305
4778	9306
7924	9307
2064	9308
8632	9309
1674	9310
663	9311
4159	9312
9645	9313
2591	9314
2624	9315
3610	9316
636	9317
274	9318
8107	9319
1076	9320
1197	9321
1981	9322
2404	9323
2754	9324
3609	9325
8150	9326
3353	9327
4946	9328
1721	9329
4042	9330
4	9331
2125	9332
8951	9333
1163	9334
8696	9335
4679	9336
701	9337
1200	9338
6890	9339
8792	9340
4986	9341
9559	9342
8835	9343
4214	9344
9445	9345
4305	9346
7068	9347
7059	9348
8123	9349
63	9350
7887	9351
7679	9352
5273	9353
4967	9354
3419	9355
1100	9356
8371	9357
3265	9358
5408	9359
8491	9360
3212	9361
9438	9362
9398	9363
9361	9364
1671	9365
8038	9366
9399	9367
9042	9368
8528	9369
2480	9370
7508	9371
6363	9372
556	9373
3200	9374
4740	9375
9093	9376
7519	9377
3409	9378
4782	9379
8869	9380
4496	9381
1525	9382
8527	9383
4916	9384
6309	9385
9360	9386
8930	9387
2172	9388
6149	9389
9319	9390
8394	9391
6664	9392
7637	9393
7131	9394
326	9395
1120	9396
1294	9397
9767	9398
735	9399
1662	9400
5524	9401
1231	9402
82	9403
4713	9404
2978	9405
8867	9406
8999	9407
8381	9408
8845	9409
9483	9410
1602	9411
234	9412
728	9413
5886	9414
134	9415
1018	9416
887	9417
2955	9418
3666	9419
897	9420
4598	9421
4904	9422
7295	9423
4635	9424
5865	9425
4660	9426
88	9427
8274	9428
702	9429
7640	9430
2596	9431
2691	9432
6354	9433
4213	9434
1600	9435
4224	9436
2173	9437
5740	9438
4100	9439
5004	9440
908	9441
1959	9442
5767	9443
527	9444
7894	9445
6331	9446
5436	9447
8823	9448
1103	9449
994	9450
6678	9451
9756	9452
2599	9453
5485	9454
7012	9455
675	9456
5186	9457
9450	9458
2081	9459
8025	9460
8988	9461
121	9462
6598	9463
6466	9464
4377	9465
7545	9466
2455	9467
5808	9468
7961	9469
919	9470
374	9471
5405	9472
4605	9473
3915	9474
9548	9475
8148	9476
6656	9477
5172	9478
8613	9479
6846	9480
2293	9481
4979	9482
5362	9483
6539	9484
723	9485
462	9486
78	9487
5221	9488
985	9489
7351	9490
6528	9491
754	9492
2459	9493
2526	9494
9495	9495
3336	9496
3683	9497
6366	9498
4259	9499
1491	9500
5215	9501
7834	9502
2179	9503
52	9504
3398	9505
3525	9506
3460	9507
9511	9508
2562	9509
8369	9510
316	9511
8332	9512
6251	9513
2327	9514
7577	9515
359	9516
5173	9517
3697	9518
136	9519
7056	9520
720	9521
3934	9522
3004	9523
1346	9524
6831	9525
5870	9526
5625	9527
383	9528
7046	9529
2945	9530
7111	9531
4992	9532
6823	9533
7657	9534
1537	9535
6263	9536
5624	9537
1125	9538
7155	9539
6365	9540
690	9541
921	9542
1193	9543
4027	9544
7953	9545
7918	9546
8573	9547
3570	9548
236	9549
9367	9550
4849	9551
945	9552
7143	9553
2138	9554
2275	9555
4001	9556
2503	9557
9197	9558
963	9559
5145	9560
989	9561
9306	9562
5782	9563
4128	9564
5351	9565
4498	9566
7579	9567
4449	9568
7761	9569
4757	9570
3861	9571
2065	9572
3269	9573
2597	9574
5649	9575
4937	9576
2263	9577
7574	9578
751	9579
6782	9580
6610	9581
3716	9582
4256	9583
277	9584
9447	9585
3083	9586
1285	9587
8000	9588
2940	9589
8390	9590
4204	9591
6571	9592
1169	9593
6177	9594
6049	9595
6491	9596
2799	9597
9617	9598
3936	9599
213	9600
6510	9601
6460	9602
9335	9603
2326	9604
9069	9605
4381	9606
6374	9607
7192	9608
4421	9609
8231	9610
623	9611
2565	9612
8212	9613
8905	9614
6030	9615
2552	9616
4380	9617
9488	9618
6293	9619
6156	9620
14	9621
6932	9622
3709	9623
3131	9624
8234	9625
7180	9626
5054	9627
2463	9628
4907	9629
2340	9630
2409	9631
8222	9632
4718	9633
7440	9634
4717	9635
197	9636
1460	9637
3599	9638
8997	9639
5795	9640
9521	9641
2440	9642
7226	9643
2960	9644
464	9645
7843	9646
8342	9647
9276	9648
8756	9649
5280	9650
8942	9651
2553	9652
5042	9653
1549	9654
2963	9655
3413	9656
4462	9657
7677	9658
4340	9659
5946	9660
9558	9661
6966	9662
9074	9663
5046	9664
2017	9665
3135	9666
6640	9667
3268	9668
7322	9669
8090	9670
2021	9671
7727	9672
5571	9673
6637	9674
5783	9675
5217	9676
5147	9677
8303	9678
3782	9679
3358	9680
9419	9681
2767	9682
3403	9683
1547	9684
6055	9685
262	9686
5637	9687
6621	9688
6126	9689
2176	9690
6618	9691
5491	9692
2589	9693
7588	9694
5093	9695
7930	9696
5447	9697
3472	9698
2824	9699
9706	9700
6699	9701
4290	9702
2155	9703
7227	9704
6210	9705
1578	9706
4698	9707
7647	9708
4652	9709
7863	9710
2920	9711
559	9712
1666	9713
320	9714
1965	9715
8688	9716
5196	9717
124	9718
4055	9719
3380	9720
8093	9721
7025	9722
4247	9723
122	9724
9644	9725
5475	9726
7804	9727
5689	9728
188	9729
9253	9730
2273	9731
304	9732
9515	9733
8441	9734
3330	9735
9269	9736
8956	9737
4882	9738
8986	9739
2730	9740
3075	9741
7203	9742
6808	9743
834	9744
1175	9745
4894	9746
7621	9747
729	9748
3046	9749
5969	9750
8712	9751
9009	9752
8328	9753
6021	9754
3493	9755
3706	9756
3382	9757
1977	9758
9010	9759
3618	9760
948	9761
4919	9762
4721	9763
7865	9764
1333	9765
4618	9766
4706	9767
2681	9768
3590	9769
2564	9770
6904	9771
6983	9772
2632	9773
1912	9774
80	9775
1108	9776
8620	9777
3257	9778
4512	9779
7292	9780
1955	9781
2568	9782
9575	9783
5871	9784
3068	9785
998	9786
6338	9787
6384	9788
7031	9789
4111	9790
275	9791
437	9792
1417	9793
1414	9794
8392	9795
9064	9796
6436	9797
3595	9798
9695	9799
7062	9800
2214	9801
6548	9802
324	9803
2277	9804
1085	9805
9707	9806
6326	9807
9705	9808
8975	9809
5715	9810
1415	9811
991	9812
1406	9813
4232	9814
342	9815
7443	9816
9461	9817
7639	9818
978	9819
1439	9820
4283	9821
5560	9822
6822	9823
7673	9824
424	9825
8618	9826
4936	9827
5363	9828
593	9829
3008	9830
7093	9831
1347	9832
3699	9833
7149	9834
664	9835
7102	9836
327	9837
5510	9838
2361	9839
1594	9840
6135	9841
3579	9842
380	9843
7788	9844
3124	9845
5306	9846
1765	9847
4911	9848
2335	9849
8364	9850
3882	9851
8466	9852
4437	9853
7315	9854
4438	9855
5687	9856
4460	9857
2483	9858
2487	9859
5212	9860
5143	9861
2518	9862
3308	9863
3490	9864
871	9865
1854	9866
1029	9867
1940	9868
6811	9869
2086	9870
1276	9871
4039	9872
3772	9873
5698	9874
1011	9875
2869	9876
4767	9877
4729	9878
8019	9879
282	9880
61	9881
1387	9882
6292	9883
5373	9884
486	9885
9449	9886
4851	9887
1639	9888
8326	9889
7630	9890
8886	9891
2211	9892
3969	9893
182	9894
9537	9895
9437	9896
9579	9897
1614	9898
2265	9899
1727	9900
4974	9901
1422	9902
7135	9903
4971	9904
6115	9905
4574	9906
8665	9907
4927	9908
7748	9909
3197	9910
5368	9911
6104	9912
8317	9913
581	9914
2189	9915
6813	9916
4298	9917
2993	9918
778	9919
715	9920
9290	9921
5805	9922
4439	9923
4781	9924
5702	9925
1425	9926
6280	9927
6221	9928
6332	9929
770	9930
5413	9931
5360	9932
3904	9933
4392	9934
4531	9935
5440	9936
7706	9937
6076	9938
4546	9939
7413	9940
4279	9941
3177	9942
8896	9943
2721	9944
1950	9945
3236	9946
3647	9947
7972	9948
2136	9949
340	9950
8628	9951
4357	9952
2488	9953
4528	9954
2764	9955
6238	9956
1536	9957
7810	9958
2622	9959
5272	9960
5439	9961
6724	9962
6057	9963
8588	9964
4239	9965
7352	9966
8643	9967
3885	9968
6313	9969
8094	9970
7988	9971
3126	9972
7253	9973
7860	9974
8581	9975
9739	9976
6875	9977
9015	9978
9331	9979
7781	9980
9018	9981
7355	9982
8561	9983
5930	9984
6630	9985
4637	9986
9524	9987
3253	9988
4543	9989
7273	9990
8455	9991
4582	9992
3081	9993
260	9994
9607	9995
3657	9996
3040	9997
6052	9998
5314	9999
7671	10000
