143	7723	3	40.24
102	4486	3	20.71
116	5183	3	31.23
98	112	738	3957.41
3909	105	5	43.4
564	109	10	66.66
129	254	3	14.26
150	116	11	46.5
206	13	4	4.35
98	2921	6	34.86
550	268	3	28.9
1633	101	3	9.82
3279	103	3	17.35
250	463	13	162.31
101	2134	5	26.77
103	7255	3	25.59
702	109	5	27.58
12	151	22	9.81
123	184	4	14.85
119	225	8	45.45
101	744	3	5.73
98	1197	13	68.46
302	189	5	40.39
551	12	23	106.51
98	6123	3	17.43
112	287	3	9.63
106	808	11	72.9
103	179	6	6.26
1056	14	6	14.01
560	104	3	7.08
13	7324	3	26.72
1862	4458	3	56.14
382	3057	3	42.47
3133	545	4	62.93
498	147	5	40.22
105	212	9	21.38
117	12	75	78.41
98	2154	6	26.09
2	1537	8	58.88
106	168	12	32.45
158	226	4	24.3
294	2230	3	38.12
2149	1270	6	108.94
98	869	16	76.75
633	14	6	8.72
104	413	4	9.57
170	2309	3	32.8
236	101	16	43.39
3836	14	3	10.5
145	3995	3	33.65
4717	104	3	21.17
232	109	5	15.16
116	1742	6	58.04
139	614	4	30.74
106	1370	5	29.07
1711	2	9	74.19
358	102	3	4.52
101	2848	4	22.22
228	104	4	4.49
1184	101	3	8.31
532	13	3	7.85
103	2157	3	15.14
6030	14	3	16.98
478	106	4	13.19
149	5386	4	54.38
154	115	3	5.69
381	14	14	30.63
6738	4057	3	65.37
98	4510	3	13.05
103	7056	3	25.59
125	159	4	12.87
1987	12	3	6.85
1369	200	3	30.88
104	142	16	27.25
565	4468	3	48.53
935	12	4	5.99
1925	12	3	6.85
98	781	18	87.73
1226	5333	3	53.05
451	14	11	21.62
102	181	19	55.63
181	244	9	77.63
113	227	5	20.66
1068	101	3	7.52
4553	1114	4	76.44
98	2426	6	29.24
124	2846	3	28.93
182	134	21	165.21
109	119	11	16.37
101	507	19	98.85
101	575	24	155.92
118	223	4	16.79
98	1908	4	11.44
7	114	10	61.58
102	4003	3	18.51
109	369	3	9.71
109	471	5	23.39
3395	939	3	47.56
173	830	3	26.58
118	473	8	60.61
1667	103	4	19.89
101	2948	4	22.22
279	233	3	23.1
2781	14	3	7.91
3898	14	3	10.5
98	5680	3	17.43
102	365	6	16.73
102	431	4	9.43
104	2874	4	26.61
107	931	3	12.24
1310	152	4	38.55
694	14	7	12.72
104	394	3	5.5
105	805	7	34.4
103	2481	3	16.14
98	1036	9	31.16
2816	110	3	21.71
745	109	5	28.07
144	107	7	7.63
112	333	17	123.26
105	103	110	113.32
1218	103	10	68.67
990	14	5	9.17
101	2108	7	46.11
929	429	3	35.23
102	2263	3	14.74
733	101	3	5.49
622	199	6	61.94
108	339	5	17.07
1040	103	5	23.08
98	6086	3	17.43
1674	110	3	18.42
1962	616	4	59.14
1002	311	4	46.93
101	2438	5	28.93
98	5883	3	17.43
2075	102	3	13.9
1465	12	3	5.14
112	1145	3	17.76
101	2303	5	26.77
748	12	5	7.69
12	154	165	806.06
98	1401	12	69.74
890	103	4	14.98
101	912	6	22.32
111	310	25	191.12
792	2171	3	44.29
101	1016	3	7.17
1206	1016	7	113.93
98	334	46	257.9
2223	103	5	32.15
106	2367	6	46.53
3862	111	4	37.18
187	151	3	13.25
98	2936	6	34.86
783	12	4	4.94
106	1080	3	12.55
102	618	4	11.91
98	1267	12	62.8
108	145	6	6.09
4903	14	3	12.61
428	104	4	9.97
4670	106	3	23.26
98	6145	3	17.43
4243	105	3	19.36
4404	12	3	13.27
466	12	9	16.39
98	2866	3	9.45
699	2929	6	109.48
101	5319	4	29.76
170	487	4	33.53
970	103	3	10.14
332	14	8	6.9
2185	14	4	12.04
105	116	15	9.08
1648	757	8	134.84
951	14	4	5.28
543	5	3	31.51
321	451	3	28.94
201	14	18	16.54
6746	106	3	27.74
105	368	4	9.13
813	101	4	10.15
395	152	5	38.45
101	1807	3	10.45
2949	14	3	9.03
107	225	8	24.11
159	107	7	10.73
112	401	6	32.15
106	951	4	18.2
737	171	3	25.87
1108	107	3	12.98
192	107	4	5.1
222	604	17	229.39
149	117	9	35.52
920	102	10	59.46
572	12	9	19.87
2305	190	3	33.67
233	613	6	65.5
8	199	6	24.35
6842	105	3	26.04
109	12	113	47.79
104	1409	7	43.68
101	450	7	18.44
101	375	16	65.48
118	168	5	18.45
1488	102	5	25.88
106	590	3	9.38
106	522	3	8.58
102	234	9	21.85
98	4528	4	23.24
366	127	3	16.83
12	5410	3	13.27
2423	150	4	44.9
103	1012	6	29.42
3689	304	3	42.2
101	5832	3	22.32
106	186	6	10.35
106	134	25	71.82
101	7615	3	22.32
1461	2817	3	49.04
102	2718	5	33.65
101	1602	10	67.77
98	915	5	9.25
133	443	5	37.1
101	331	14	47.92
143	1013	11	125.87
103	5382	3	21.12
855	12	6	12.4
103	3207	3	17.35
988	101	3	7.17
6052	14	3	16.98
785	103	3	8.87
122	163	4	12.82
3483	145	5	67.33
98	1688	4	10.46
110	283	4	13.12
178	101	18	35.41
110	115	7	5.06
12	961	11	41.46
101	227	7	8.06
106	3758	3	21.05
13	854	15	111.33
12	2306	3	7.62
98	3483	4	18.35
107	1793	3	16.1
1907	12	9	52.98
4665	105	4	34.72
98	5583	4	23.24
12	2230	5	19.17
98	3559	5	29.05
112	1943	3	21.26
2159	12	6	26.54
157	123	3	7.69
98	2133	7	34.76
113	403	3	13.7
12	3590	3	11.15
6784	12	3	17.66
129	2382	3	28.07
98	918	18	104.61
306	104	5	10.8
1788	14	3	5.62
128	111	9	17.27
134	461	3	19.2
98	663	7	13.61
683	14	7	12.72
181	269	15	151.99
221	119	8	45.05
98	4511	4	23.24
98	2456	6	29.24
2026	12	3	6.85
125	282	5	28.53
106	421	5	17.56
679	350	4	45.41
3268	109	4	33.54
1513	161	3	29.57
142	4789	3	35.74
1154	12	3	3.95
110	365	4	15.45
369	2729	3	40.93
98	1882	8	40.32
12	840	4	5.26
101	359	10	29.4
2443	103	6	45.47
670	458	8	108.4
177	9	3	7.07
98	5737	3	17.43
1857	105	10	86.83
4957	105	3	21.57
104	2073	3	14.35
238	164	7	53.47
108	552	3	9.95
1177	107	3	13.84
123	107	11	10.52
188	459	4	34.44
114	237	3	9.97
106	4392	3	23.26
105	517	3	7.06
129	125	10	38.8
509	104	3	6.72
2089	14	4	10.89
5593	9	3	30.31
112	356	4	17.09
102	715	3	7.97
882	106	4	17.73
273	127	4	22.22
103	6677	3	25.59
281	1034	5	61.13
180	122	7	31.99
1939	14	3	6.26
102	1014	3	9.76
112	304	14	91.16
126	127	11	44.2
103	6360	3	25.59
120	271	8	50.42
114	411	3	14.1
120	338	7	45.99
111	1215	3	17.19
1362	305	4	49.27
492	496	3	32.29
3427	105	5	38.02
135	102	10	7.24
7385	105	3	26.04
98	1116	11	46.98
2610	99	5	20.9
101	2588	5	28.93
4845	14	3	12.61
2131	14	3	7.01
155	718	3	23.42
4497	103	4	34.12
3045	14	3	9.03
14	4061	4	17.76
101	1448	3	9.27
101	1390	5	20.28
107	1098	4	19.81
98	2138	6	26.09
107	886	5	25.34
102	396	3	5.12
13	917	5	23.58
98	3474	5	29.05
13	865	4	16.43
98	3558	4	18.35
13	1069	7	40.65
98	3626	4	18.35
13	1001	5	24.23
103	2086	7	50.23
149	888	6	57.96
101	5092	4	29.76
104	6044	3	25.64
98	1689	9	45.91
114	1619	4	32.14
4913	14	3	12.61
1677	101	3	9.82
336	103	7	21.28
1356	544	3	38.77
98	1877	8	40.32
4225	120	3	29.84
208	14	15	11.56
109	251	3	6.96
2775	12	5	21.27
8	225	3	9.55
12	2572	4	14.31
4131	102	3	18.51
101	4835	3	17.87
98	4570	4	23.24
5360	105	4	34.72
113	138	22	107.8
103	7072	3	25.59
196	2	5	6.66
266	151	4	25.09
102	144	8	4.84
345	171	3	21.39
101	1133	6	24.9
104	179	5	4.01
102	716	10	52.85
2428	231	3	37.11
102	649	18	121.72
382	4735	3	46.29
2497	14	5	20.17
530	14	10	20.86
169	535	4	34.34
101	1701	10	74.43
2801	214	3	36.37
321	171	4	30.05
5528	105	3	21.57
111	133	5	5.98
101	1053	13	81.47
108	409	4	13.4
101	4241	4	24.81
765	106	5	22.99
98	5730	3	17.43
626	103	8	36.66
107	1549	3	15.44
104	3535	5	42.74
222	968	3	30.38
719	172	3	25.64
1609	493	3	39.3
101	6890	3	22.32
153	123	6	21.21
119	109	13	22.89
195	630	6	61.47
155	1590	4	40.54
98	1181	4	7.62
12	589	27	159
3141	12	3	9.67
495	102	3	6.14
329	284	4	37.21
3190	12	3	9.67
105	278	4	7.03
98	346	39	192.07
105	329	3	4.78
1	99	63	313.17
382	200	5	44.85
116	531	8	60.65
105	115	21	22.16
1370	14	3	4.15
105	283	3	3.87
102	2195	4	22.6
126	221	3	11.88
98	2877	5	23.76
103	210	7	12.22
106	841	4	17.29
98	6154	3	17.43
222	921	15	217.17
58	12	10	12.83
115	2085	8	89.06
98	1282	13	75.55
1111	101	5	18.6
407	14	6	4.49
808	14	6	10.66
98	1417	10	47.52
2	2132	4	24.85
101	948	4	11.38
1323	210	3	31.43
1081	12	4	6.85
103	1155	3	10.91
98	5899	3	17.43
784	149	3	23.58
112	1333	5	37.2
103	394	3	5.45
103	462	9	38.19
107	110	77	199.58
1155	1751	9	169.83
126	547	3	18.26
101	3653	3	15.69
111	3751	3	24.92
98	141	191	875.68
2439	14	3	7.91
739	608	3	35.98
337	122	3	14.56
4185	104	3	18.97
266	106	11	45.18
102	299	12	44.34
98	2442	6	29.24
1850	105	5	29.67
1501	2348	3	48.02
2500	12	3	8.53
231	102	8	17.69
101	523	8	25.26
2067	1356	3	46.6
101	439	7	18.44
6209	12	3	17.66
1174	103	3	11.35
199	9	6	24.35
305	172	4	29.47
2549	152	3	31.37
1018	14	5	9.17
176	546	4	34.94
13	761	4	15.19
158	7750	3	42.08
98	3641	5	29.05
98	3521	3	10.93
148	127	5	17.73
1350	2	12	100.55
781	357	6	75.71
1429	12	7	25.45
98	976	14	65.85
3582	1114	3	50.36
102	499	3	6.14
1357	103	3	11.82
272	190	7	60.33
151	160	3	11.43
789	3375	3	46.56
1346	14	4	7.69
117	277	6	33.99
101	570	3	4.48
964	161	4	38.1
2680	12	3	8.53
110	516	3	11.82
102	1562	4	19.36
122	481	3	16.7
13	631	10	54.84
106	454	13	74.53
139	1720	3	27.55
13	1979	7	52.88
3128	6233	3	63.78
159	799	3	24.92
98	4492	3	13.05
1511	105	3	12.78
3772	12	3	11.15
101	1331	9	51.13
121	203	3	10.03
6648	102	3	25.18
5140	12	3	13.27
5765	2	3	26.88
115	117	10	25.79
3397	2	3	18.63
396	171	5	42.54
956	102	11	68.5
549	199	3	25.65
113	373	4	20.19
115	3094	3	27.42
98	4339	4	23.24
2038	103	5	30.39
3404	103	3	17.35
98	3516	4	18.35
101	257	14	38.54
5173	12	3	13.27
98	1870	6	23.74
110	144	9	20.88
2420	162	4	47.39
4076	105	4	29.74
183	284	3	20.4
106	2035	4	24.72
1002	12	4	6.4
3979	12	3	11.15
98	1283	12	62.8
101	766	16	93.61
229	101	7	8.19
153	156	3	11.1
400	277	3	27.36
105	158	9	12.28
1737	14	3	5.62
477	14	8	11.78
103	193	6	7.55
524	161	7	66.68
107	491	3	8.8
1176	12	4	7.88
5431	102	4	33.57
102	939	9	50.87
107	157	27	108.81
159	223	3	16.44
102	682	15	94.47
98	335	47	273.29
105	562	4	12.11
377	190	3	22.83
140	101	16	12.31
507	13	4	12.18
361	14	9	10.97
485	106	6	24.73
98	1538	11	63.92
98	1404	10	47.52
101	903	5	15.99
3489	396	4	63.04
13	272	4	7.55
899	1364	3	41.48
101	2288	7	46.11
2121	1272	5	87.15
101	1066	5	17.87
219	110	4	10.35
12	140	232	1288.68
194	109	3	4.63
853	1165	3	40.18
2955	1519	6	120.73
370	150	17	175.92
1878	104	3	14.35
1045	101	11	62.24
243	143	3	15.46
1752	14	5	15.05
106	866	3	11.48
122	1651	4	34.52
107	255	12	50.82
3767	14	3	10.5
301	104	5	10.63
120	403	5	31.24
184	235	22	234.66
1274	4424	3	53.56
141	856	3	22.98
699	2	10	58.44
1095	12	6	15.23
533	125	4	26.44
4067	210	4	55.66
116	398	4	22.02
106	747	3	10.59
104	2342	3	15.2
170	1205	5	54.13
578	14	6	7.55
142	2417	3	29.66
719	14	6	9.63
684	1433	3	40.52
108	282	3	6.1
108	232	4	8.08
103	3683	3	18.91
12	512	11	26.6
335	2163	3	39.2
98	3543	3	10.93
221	1258	3	31.68
1037	107	3	12.98
680	147	7	66.19
1225	103	5	24.65
461	111	4	17.85
1447	303	4	49.89
295	172	4	29.18
628	419	3	32.69
104	354	3	4.89
236	13	4	5.89
3595	4469	4	88.83
98	4324	3	13.05
98	2149	3	7.41
126	652	3	19.19
106	305	8	29.6
101	5853	3	22.32
2207	2	3	16.41
366	12	25	90.69
113	338	4	19.08
103	4185	3	18.91
1314	103	8	51.06
1948	14	3	6.26
101	1264	7	34.44
104	236	4	4.79
1187	4422	3	53.05
228	103	9	22.3
8	242	6	28.57
393	12	7	7.68
101	2863	6	44.65
1018	189	5	53.25
859	150	3	24.29
110	4758	3	26.74
103	1695	3	13.57
101	4752	3	17.87
101	4904	3	17.87
103	5651	3	25.59
7	7	3	23.9
7443	105	3	26.04
458	12	8	12.39
111	1917	4	29.86
98	4569	4	23.24
107	706	3	10.74
98	4525	3	13.05
1692	1191	10	199.5
12	5359	3	13.27
102	263	5	8.79
310	14	53	300.28
101	4055	3	15.69
945	103	3	9.79
98	2139	8	46.49
538	104	4	11.36
106	287	16	81.2
928	102	3	9.41
121	362	3	15.02
610	1335	3	39.46
101	1491	4	14.88
2929	2	5	39.42
98	1690	10	58.11
2	2951	4	28.25
1356	423	5	68.43
98	3473	5	29.05
13	864	3	10.52
98	3557	5	29.05
98	3625	5	29.05
122	251	4	18.65
4811	103	4	34.12
137	113	5	10.36
193	14	16	10.77
106	1555	5	31.2
2451	14	3	7.91
101	729	3	5.49
101	626	4	8.52
149	2820	5	59.63
98	1182	3	4.12
1453	910	4	59
102	1666	3	12.53
2084	12	4	11.72
102	8011	3	25.18
635	2	14	91.48
103	1574	5	27.66
1842	102	4	20.29
255	105	6	13.28
126	133	3	5.75
13	7385	3	26.72
98	2861	4	15.83
650	4176	4	66.85
230	246	6	52.68
4095	101	3	15.69
141	803	4	32.74
98	169	116	571.52
113	648	17	165.33
246	245	8	77.11
103	414	5	13.99
98	5731	3	17.43
12	3139	4	16.12
502	13	5	17.44
12	268	8	5.43
2649	14	4	13.45
98	5898	3	17.43
98	1418	9	39.14
12	289	7	4.16
835	107	4	17.86
12	121	157	407
123	216	5	24
101	1101	8	37.75
101	1033	3	7.52
324	99	22	63.49
219	153	3	15.3
1170	105	9	58.11
1038	816	3	39.44
114	142	7	20.37
98	2953	5	23.76
197	352	3	22.94
1366	299	3	34.78
107	285	7	23.99
101	3594	4	24.81
475	402	3	30.85
1385	14	3	4.15
112	511	13	99.7
103	262	8	21.6
126	118	4	6.24
720	14	5	6.41
112	260	3	8.89
7893	118	3	36.36
5846	105	3	26.04
3387	12	5	24.13
107	2667	3	18.7
12	1132	5	11.42
101	1973	6	33.34
98	1281	10	44.4
1528	1733	4	65.95
166	491	3	23.28
2302	12	3	7.62
153	284	3	17.51
453	3933	4	63.95
98	6155	3	17.43
103	7542	3	25.59
98	6071	3	17.43
124	14	74	84.88
923	1911	5	81.42
104	1140	3	10.97
102	4064	4	28.6
344	101	24	116.09
101	270	9	18.48
12	1054	8	25.78
841	295	3	31.81
3524	3593	3	58.64
479	12	7	9.92
3686	105	3	19.36
130	107	10	12.58
125	517	6	44.52
1568	12	6	20.7
98	4361	4	23.24
1198	2	11	84.13
2722	105	5	35.08
113	418	3	14.01
181	362	6	52.84
145	387	7	57.31
5419	101	4	29.76
633	124	3	18.98
98	824	19	102.6
446	1479	4	53.68
98	2443	6	29.24
1763	698	3	42.07
730	12	11	34.22
127	102	10	4.96
103	1744	4	20.83
359	162	23	271.17
248	136	3	15.19
1328	14	3	4.15
275	14	8	4.83
109	160	8	20.68
109	236	5	15.28
101	388	25	133.95
1947	14	6	22.88
110	518	3	11.82
548	420	3	32
103	848	3	9.16
447	104	3	6.06
3217	14	3	9.03
101	258	25	100.57
101	215	46	224.39
680	105	5	19.34
98	5690	3	17.43
98	3591	4	18.35
2642	105	7	60.77
915	5819	3	55.88
5365	105	3	21.57
2951	2	3	18.63
13	632	13	80.13
388	111	3	10.7
12	672	5	6.93
2286	14	3	7.01
172	14	30	40.4
1083	14	5	9.77
101	1228	12	77.93
296	106	9	34.8
101	1280	9	51.13
120	1068	3	21.18
98	779	5	7.8
5003	4335	3	63.1
1130	14	5	10.43
121	253	6	32.94
102	117	25	30.21
1756	105	5	29.67
117	399	3	15.16
2768	12	4	14.31
103	953	4	15.44
105	409	4	10.04
2066	12	4	11.72
849	149	4	34.4
1191	12	4	7.88
13	1601	5	29.53
386	236	3	25.47
322	2197	4	54.87
103	384	4	9.13
98	2934	6	34.86
6330	106	3	27.74
102	727	10	52.85
612	14	5	5.4
116	234	3	10.68
13	273	8	25.64
98	5873	3	17.43
1114	1535	6	100.54
98	5829	3	17.43
943	6726	3	55.88
148	908	7	70.28
315	152	4	26.64
864	101	4	10.94
505	2589	3	42.63
102	5416	4	33.57
5693	12	3	17.66
149	2975	3	32.46
1195	967	13	248.56
2498	102	3	15.74
881	12	5	9.05
12	556	5	5.37
302	110	3	8.51
98	1284	13	75.55
119	123	4	6.04
153	109	7	13.73
101	827	9	39.99
98	6024	3	17.43
1431	14	6	18.06
176	752	6	61.59
5421	14	4	22.65
126	163	10	52.5
103	192	10	20.96
126	101	18	7.95
107	492	3	8.8
267	124	4	20.36
98	2883	6	34.86
107	358	4	11.51
2729	14	3	7.91
1860	14	10	56.62
112	134	20	79.51
1473	103	3	12.34
144	303	3	17.21
98	437	6	6.06
105	159	10	15.43
3421	834	3	46.88
457	293	4	40.15
230	267	3	22.79
3972	105	5	43.4
126	142	6	20.47
457	190	6	56.62
133	1072	4	34.6
102	3445	3	16.95
3549	463	5	86.66
108	181	5	7.88
108	115	12	10.89
814	107	3	11.29
1405	107	4	22.45
177	12	32	54.4
2283	12	3	7.62
101	2136	8	59.54
434	106	11	57.94
104	1884	3	14.35
1504	103	3	12.34
2432	14	4	13.45
1515	14	3	5.07
110	857	3	14.5
957	101	4	11.38
104	817	3	8.92
739	633	13	209.93
2900	104	4	26.61
1546	14	5	13.88
98	170	128	696.92
3583	3562	5	115.06
206	12	12	6.93
170	133	3	11.05
102	850	3	8.78
107	153	10	18.22
107	2610	6	50.66
607	162	16	194.49
101	1315	4	14.16
1611	12	6	20.7
117	488	3	16.18
113	188	4	12.07
98	2473	7	40.68
98	4444	4	23.24
107	709	10	62.74
240	106	3	3.97
106	356	6	21.19
122	581	6	44.4
8	167	7	26.87
102	1458	4	18.54
101	2650	3	12.96
12	721	4	4.35
98	3500	3	10.93
122	127	10	35.88
106	1372	9	67.28
101	2907	3	14.15
876	14	4	4.91
101	3043	5	31.85
98	4391	3	13.05
2341	13	3	16.26
4308	124	3	32.74
112	731	6	39.09
624	101	3	4.85
102	518	6	20.66
106	238	9	29.28
107	4222	3	21.49
105	714	4	13.97
5288	105	3	21.57
120	708	3	18.84
4420	2476	3	58.04
958	200	6	67.1
2643	12	3	8.53
198	102	5	4.79
98	6122	3	17.43
98	5970	3	17.43
319	103	3	4.13
258	1684	5	65.79
108	116	10	6.68
111	1221	3	17.19
111	1341	5	35.48
155	127	5	18.39
135	116	3	4.5
112	286	9	48.75
1391	162	8	98.84
8	1685	4	32.99
107	510	6	26.38
4370	4445	4	93.83
102	837	3	8.78
1794	105	3	14.01
98	2920	5	23.76
2525	105	4	25.24
105	395	3	5.83
4534	236	3	42.25
155	445	7	61.3
109	638	3	12.78
1880	127	3	27.02
108	368	3	7.71
12	253	21	44.66
123	113	17	59.97
1121	14	4	6.59
3346	14	6	33.97
101	2339	5	26.77
840	105	17	130.83
1981	7511	3	60.64
333	102	3	4.1
113	1978	5	45.38
98	1892	8	40.32
2359	12	3	7.62
13	797	4	15.58
1718	103	10	85.31
246	1967	3	35.88
138	124	17	88.89
1249	115	3	21.23
98	2470	7	40.68
629	103	13	75.25
117	347	3	14.3
106	495	4	13.43
797	116	4	27.27
106	345	5	15.63
402	102	3	5.12
115	532	3	16.35
6841	105	3	26.04
101	7265	3	22.32
1217	12	3	4.3
134	193	4	18.49
656	200	3	26.59
111	1933	5	40.4
101	1118	3	7.9
856	12	8	21.47
362	107	3	7.16
236	12	10	6.66
103	738	3	8.6
104	2858	3	17.41
101	3816	3	15.69
101	3052	3	14.15
3701	14	5	28.31
528	106	8	39.64
912	124	8	74.71
110	159	8	21
6882	105	3	26.04
2398	102	3	14.74
176	105	8	12.64
118	372	3	14.93
3418	116	3	27.42
25	14	3	4.58
1593	479	3	39.11
103	3405	5	37.27
184	905	11	136.4
941	124	14	155.14
101	1420	8	44.46
1028	152	3	25.5
98	1037	13	60.44
115	233	45	433.76
106	259	4	8.14
106	318	40	317.73
1185	121	4	32.11
1285	12	3	4.7
300	12	13	20.93
2	1489	3	13.59
13	1717	3	14.67
98	4345	4	23.24
103	839	8	41.66
151	119	3	6.21
6475	8	3	34.81
106	468	6	24.35
4912	105	3	21.57
4130	105	3	19.36
103	1042	4	16.46
98	2487	6	29.24
1068	12	6	15.23
98	2427	5	20.9
102	5152	4	33.57
242	111	3	7.32
101	1225	9	48.98
409	106	3	7.44
570	14	7	10.69
147	120	4	10.14
98	780	21	122.05
98	704	6	10.38
114	1983	5	45.81
1364	106	6	37.68
103	3448	4	26.53
98	1909	9	52.3
2701	106	4	27.49
802	102	4	13.64
370	673	5	59.84
1054	269	6	75.5
8	205	3	8.39
859	171	3	26.82
5417	105	4	34.72
108	593	3	10.37
6042	105	3	26.04
782	1665	4	58.96
6844	106	3	27.74
3493	5887	3	65.37
1007	14	7	17.81
1233	103	10	68.67
129	107	14	24.23
645	12	4	3.84
212	117	3	10.13
105	247	5	9.08
105	102	145	196.37
498	105	3	6.89
1348	14	3	4.15
126	160	3	8.29
103	328	5	11.79
3101	14	3	9.03
2378	106	3	17.25
144	106	6	4.65
114	2822	3	25.35
13	440	3	7
162	116	3	7.07
2751	104	3	16.19
106	2097	4	24.72
102	7978	3	25.18
3566	104	3	18.97
7386	105	3	26.04
3428	105	4	27.14
1482	12	3	5.14
107	122	78	344.79
2168	14	3	7.01
102	6873	3	25.18
1647	105	6	37.06
728	110	5	28.16
2933	4466	3	59.28
114	149	4	8.27
104	637	3	7.91
101	1724	3	10.45
1395	2899	5	93.35
98	1419	8	31.66
123	254	7	41.75
1373	12	3	4.7
102	3157	4	25.99
119	510	3	16.96
4260	105	3	19.36
731	578	6	80.39
13	139	30	90.66
98	5965	3	17.43
103	7488	3	25.59
287	14	15	24.33
102	2090	4	21.36
102	2022	3	13.9
2903	14	4	15.25
3691	111	4	37.18
1505	12	3	5.14
4285	12	3	11.15
2952	2	4	28.25
158	3323	5	64.78
105	175	6	6.64
174	107	12	34.74
2923	2	3	18.63
1214	373	4	50.87
684	124	15	154.95
701	104	3	8.39
106	847	3	11.17
143	1678	3	27.36
2474	14	3	7.91
1171	124	3	22.73
98	914	17	91.19
2635	106	3	18.26
660	161	5	46.29
151	12	27	18.84
5954	105	3	26.04
103	653	3	7.86
98	5706	3	17.43
98	3531	5	29.05
3703	106	5	46.24
5677	156	3	41.82
101	332	25	120.81
109	347	4	14.64
323	152	4	26.8
109	163	5	9.47
768	103	5	19.55
1840	14	4	9.91
152	268	3	17.12
98	2110	8	46.49
12	613	5	6.25
108	1077	4	20.62
101	4858	4	29.76
1174	235	3	32.21
348	107	3	6.91
1988	12	3	6.85
612	1962	3	42.05
182	318	4	30.58
779	125	4	29.52
131	1926	5	52.54
901	12	9	27.78
3165	12	5	24.13
2235	12	3	7.62
117	519	18	175.34
98	4475	4	23.24
103	7175	3	25.59
107	676	4	16.32
347	1733	3	37.84
1467	14	4	8.34
101	1212	3	8.31
102	5149	3	20.71
118	1369	4	32.48
402	190	3	23.14
105	878	7	36.08
113	321	4	18.58
98	4564	4	23.24
113	152	15	67.86
1280	104	3	11.88
98	4512	3	13.05
98	2457	5	20.9
98	4460	4	23.24
627	2381	3	42.92
101	5973	3	22.32
415	14	17	46.56
98	746	22	127.87
178	1108	4	40.25
98	662	22	114.33
101	1195	7	33.03
1271	12	3	4.7
133	119	5	12.73
8	111	7	4.33
1249	158	10	123.94
1896	104	3	14.35
1154	101	3	7.9
163	101	14	18.25
13	855	4	15.99
98	3484	4	18.35
107	1794	4	24.23
98	3620	5	29.05
584	14	9	18.77
2	141	7	4.76
101	226	20	60.82
2	2952	4	28.25
133	471	3	19.2
1807	102	3	13.17
98	867	17	86.24
98	919	17	91.19
2917	4499	4	86.19
227	152	8	57.25
872	775	3	38.3
3518	103	4	29.14
102	458	19	111.79
148	3294	3	32.46
98	490	6	6.91
738	101	3	5.73
101	3352	5	31.85
2234	102	3	14.74
391	105	32	238.32
106	627	4	15.1
2945	7	3	39.66
13	1179	3	12.43
1030	161	3	27.03
293	178	3	20.33
101	4432	3	17.87
21	2	9	5.65
101	734	11	50.62
111	529	3	12.4
101	690	5	13.57
2107	14	3	7.01
98	1115	13	63.99
98	1175	3	4.12
4440	4465	4	93.83
2080	106	3	16.4
101	947	6	22.32
12	126	341	1889.81
2752	12	6	29.69
103	1122	4	17.03
383	12	6	5.18
98	5736	3	17.43
159	1597	3	29.23
150	102	18	35.01
226	107	7	19.32
919	117	13	135.65
874	3642	5	93.16
146	553	3	21.17
142	1784	3	28.04
102	1026	3	9.76
1095	116	3	20.34
2932	2950	3	55.47
105	127	28	63.94
526	101	3	4.14
106	5356	3	23.26
101	731	15	82.33
2266	116	5	48.98
98	1180	14	81.36
909	103	12	77.57
98	1112	8	26.55
12	440	8	12.39
101	4495	3	17.87
767	5456	3	50.08
98	5988	3	17.43
16	2	51	160.16
103	1321	3	11.82
4164	3089	3	57.05
383	105	3	5.7
12	3137	3	9.67
101	1054	6	23.97
98	1517	10	51.52
12	337	32	131.21
104	684	3	8.15
294	215	3	22.65
135	354	3	17.81
904	106	9	57.16
509	12	6	7.56
2723	105	3	16.58
107	125	18	32.63
12	3771	4	18.65
102	5185	3	20.71
1145	12	3	3.95
113	260	4	16.5
98	2452	3	8.32
1168	124	11	119.39
106	477	5	18.72
2817	14	3	7.91
106	537	3	8.77
2	508	27	218.5
12	692	12	38.67
1830	367	3	38.13
152	110	4	4.55
109	147	11	29.46
545	102	3	6.68
3412	116	5	54.15
423	14	9	13.3
204	163	3	15.96
3368	101	3	14.15
98	3555	5	29.05
98	3623	5	29.05
412	103	6	18.94
102	1156	9	55.54
5035	14	4	22.65
101	2918	5	31.85
286	1374	3	34.56
454	14	9	14.21
98	4372	3	13.05
222	1219	4	44.93
2320	111	3	21.09
441	103	4	10.12
928	12	5	9.57
141	119	4	9.11
2419	164	3	33.26
306	12	7	4.64
130	109	5	4.47
1357	12	3	4.7
1023	105	8	46.18
3920	105	3	19.36
106	331	7	25.67
151	105	8	7.14
392	350	4	41.03
101	7627	3	22.32
120	688	3	18.57
101	1614	3	9.82
757	14	6	10.13
104	6644	3	25.64
115	246	7	38.22
1442	14	5	12.86
101	134	76	262.73
101	186	10	11.35
4969	14	3	12.61
363	14	8	8.23
113	3984	3	27.91
160	640	4	34.53
1739	102	4	20.29
98	3572	5	29.05
12	2219	3	7.62
98	3640	5	29.05
1841	102	6	37.02
127	12	25	4.71
793	673	3	36.8
1031	12	4	6.85
122	561	5	34.6
13	762	3	9.64
7887	12	3	17.66
621	14	5	5.4
101	522	6	15.41
101	590	3	4.66
483	14	10	18.93
1710	14	3	5.62
2887	14	3	9.03
101	1147	3	7.9
2081	7381	3	60.64
514	14	5	4.08
98	826	19	102.6
103	2295	3	15.14
3324	12	3	9.67
4074	105	3	19.36
12	3291	3	9.67
98	4464	4	23.24
113	168	3	6.67
181	110	3	4.19
420	105	6	20.1
103	2805	3	16.14
12	1389	3	4.7
101	1795	9	60.53
103	463	11	51.69
187	136	3	12.15
102	670	8	37.09
234	402	5	48.07
13	253	6	14.32
278	315	3	25.7
98	5952	3	17.43
572	104	3	7.28
1799	101	3	10.45
112	1332	3	18.71
98	1416	12	69.74
2791	12	4	14.31
166	107	9	20.28
98	1534	9	42.09
101	951	3	6.84
104	1904	3	14.35
546	12	12	33.15
2	4378	4	35.84
111	117	63	309.29
4474	5964	3	67.6
214	685	8	92.42
108	326	9	40.38
98	1279	13	75.55
12	475	5	4.39
13	2694	5	36.22
789	12	5	8.11
101	694	11	49.4
101	643	4	8.81
102	3417	3	16.95
1884	14	3	6.26
1592	111	3	18.82
311	14	11	13.25
2147	14	4	12.04
126	116	6	12.36
2014	106	6	44.09
112	258	11	60.88
1335	231	4	46.24
205	1110	3	30.09
101	3336	3	14.15
2805	101	3	12.96
3735	12	3	11.15
115	671	3	17.74
1381	12	5	12.98
120	228	7	38.05
103	1203	4	17.65
243	103	37	217.27
370	306	9	104.24
3012	106	3	19.48
12	166	137	787.54
98	1539	10	51.52
98	1405	12	69.74
12	242	63	313.98
1829	12	7	29.32
254	107	4	8.33
400	532	6	72.38
350	162	11	107.7
120	355	4	22.13
101	1670	6	29.74
140	102	9	5.69
741	12	6	11.27
910	14	4	4.91
103	594	4	12.11
103	382	3	5.32
112	388	8	47.4
107	558	4	14.77
2070	14	3	6.26
98	2881	3	9.45
6158	2884	3	63.78
105	237	8	19.89
101	2044	4	17.64
6326	105	3	26.04
104	911	3	9.84
1726	12	5	16.11
608	162	13	149.86
531	12	6	7.89
12	554	25	124.38
1856	105	3	14.01
132	2	8	5.52
108	327	5	16.45
173	138	7	38.33
120	1581	3	23.7
101	825	17	109.79
102	5605	3	20.71
489	104	4	10.63
983	14	6	13.23
98	6126	3	17.43
9	14	177	355.76
102	1818	3	13.17
101	260	8	13.84
109	535	4	17.9
98	1718	9	45.91
1630	14	5	13.88
98	1869	4	11.44
4025	12	3	11.15
1044	12	7	20.25
137	153	5	20.05
101	4975	3	17.87
13	1036	4	17.92
98	5692	3	17.43
106	322	4	10.02
7564	322	3	49.4
106	256	6	16.29
1185	110	3	16.8
103	639	6	24.16
13	7923	3	26.72
12	3421	3	9.67
2902	6141	3	63.78
1545	14	4	9.08
102	2733	4	24.1
106	3016	3	19.48
1038	431	3	36.01
101	1334	3	8.77
112	2166	3	22.12
103	4411	3	21.12
347	3441	3	41.74
98	777	18	87.73
147	183	3	12.82
7	1394	3	34.49
106	403	8	35.03
3380	105	6	52.09
98	4545	4	23.24
1392	161	3	28.97
98	4493	4	23.24
1932	12	4	11.72
127	119	3	4.25
111	2399	3	21.09
3351	105	5	38.02
590	298	3	29.88
707	102	3	7.97
8	140	3	3.95
101	511	14	62.35
119	885	3	20.04
98	2124	8	46.49
12	810	4	4.94
465	281	3	28.21
122	583	3	17.72
148	562	6	52.11
375	14	11	18.24
1729	106	10	92.51
228	12	13	12.53
98	1897	8	40.32
522	528	3	32.89
133	105	13	16.27
109	128	8	12.14
454	2780	4	59.4
121	109	8	8.17
3139	12	3	9.67
114	802	3	17.76
355	200	3	23.05
98	2407	3	7.41
113	134	5	9.96
98	2475	6	29.24
125	163	3	8.69
125	101	22	14.78
98	4393	4	23.24
258	2858	3	39.38
351	127	6	42.05
2468	14	3	7.91
2963	158	4	48.49
112	626	3	14.27
115	133	3	4.35
1192	12	3	4.3
508	2	13	74.79
111	1666	4	27.82
133	1324	3	25.39
128	243	8	52.99
349	102	3	4.41
2	5765	3	26.88
101	1572	5	22.34
156	2272	3	31.25
1225	12	3	4.3
12	978	12	50.59
103	3241	5	37.27
101	168	12	14.35
98	5677	3	17.43
98	3546	5	29.05
98	3502	3	10.93
107	1856	3	16.1
101	5080	3	17.87
3425	14	3	9.03
2936	118	3	28.05
244	101	10	19.69
736	106	3	10.59
111	395	3	10.84
12	465	21	79.82
1049	14	4	6.11
108	179	6	11.28
211	107	6	13.36
106	2093	3	16.4
2436	12	3	8.53
2769	12	5	21.27
673	12	6	10.28
180	107	5	7.06
1069	2	8	49.71
380	171	3	22.12
103	117	31	51.48
346	216	5	45.55
98	544	6	7.88
282	1813	3	36.27
107	2815	3	18.7
105	251	5	9.21
101	1825	6	31.39
106	2338	3	17.25
102	2495	6	44.65
112	2833	5	46.09
766	578	4	50.01
150	8	6	16.7
5229	105	3	21.57
117	999	7	61.4
156	7703	3	41.82
406	12	6	5.4
1286	2	12	100.55
1092	189	4	41.05
1878	2	3	15.56
2619	1192	3	47.99
5355	12	4	23.55
13	112	21	11.29
2793	105	3	16.58
1103	655	4	53.86
111	263	3	8.12
102	3258	3	16.95
111	315	3	9.3
12	215	18	24.73
2216	179	3	33.12
152	813	9	94.37
98	4431	4	23.24
103	873	5	21.14
1347	14	4	7.69
125	160	6	24.38
101	4073	3	15.69
1203	277	4	47.98
105	1078	3	10.94
2838	105	4	25.24
101	1176	13	89.61
4994	12	3	13.27
98	1894	9	52.3
118	338	3	14.25
5264	105	3	21.57
248	107	4	8.23
109	265	3	7.53
8	238	3	9.97
5993	4381	3	67.6
600	101	3	4.66
180	1621	3	30.82
14	13	434	520.32
4476	14	3	12.61
98	3539	4	18.35
98	3607	5	29.05
13	934	8	46.79
98	3487	5	29.05
1339	106	3	13.89
3285	14	4	15.25
98	1708	9	45.91
110	237	6	21.1
1733	12	7	29.32
252	338	4	36.08
115	276	3	12.39
98	870	15	68.07
13	5463	3	22.25
12	1853	4	10.74
646	12	9	22.04
905	189	6	64.97
236	102	8	17.87
801	121	14	144.49
104	552	3	7.08
5112	12	3	13.27
4689	14	3	12.61
117	299	6	34.64
98	2153	4	12.6
1435	101	6	28.31
112	690	3	14.76
751	172	3	25.92
114	535	3	15.54
143	1246	3	25.71
120	260	3	12.52
710	14	7	13.31
582	103	19	127.25
12	1345	3	4.7
106	600	4	14.79
547	107	3	9.37
101	3305	4	22.22
1243	105	7	41.55
782	604	8	115.85
13	1132	3	11.99
106	1878	3	16.4
223	177	4	26.21
139	110	11	27.44
1519	2	6	38.73
1636	2933	3	50.89
113	1722	3	22.45
133	1061	13	155.85
1972	428	3	39.99
110	606	4	19.24
108	294	8	31.7
3654	14	3	10.5
1629	106	4	22.71
101	7080	3	22.32
818	103	17	124.74
536	102	3	6.49
158	1810	5	56.33
13	121	30	61.63
98	5717	3	17.43
2186	12	6	26.54
103	1125	3	10.91
12	3017	3	9.67
98	5921	3	17.43
216	385	3	24.8
102	787	7	32.45
98	2922	6	34.86
187	109	5	11.52
103	484	19	117.57
114	115	7	11.25
102	4655	3	20.71
1817	14	5	15.05
98	2939	6	34.86
170	233	9	74.84
98	272	51	246.85
7908	105	3	26.04
361	107	4	11.68
12	109	133	82.08
108	595	3	10.37
103	4095	3	18.91
2349	105	4	23.74
98	5884	3	17.43
357	103	12	51.72
101	2352	8	59.54
470	14	6	5.68
2112	104	4	23.21
599	103	8	35.97
1288	775	3	40.83
329	216	5	44.87
1995	105	9	78.14
512	107	3	8.99
6840	105	3	26.04
98	526	29	159.92
98	586	27	156.94
5541	105	3	21.57
120	168	10	51.29
174	110	3	4.04
126	104	23	35.44
151	803	4	34.08
107	555	3	9.37
103	330	5	11.79
98	2894	6	34.86
112	332	16	113.64
164	14	147	834.07
101	1478	6	28.31
2390	1088	3	46.07
174	615	3	24.95
185	103	5	4.39
106	138	36	132.79
5739	2	3	26.88
566	12	5	5.65
103	837	3	9.16
98	4343	4	23.24
98	3504	4	18.35
1523	3548	3	52.48
2293	14	3	7.01
6744	106	3	27.74
188	684	4	37.43
6044	6125	3	72.1
288	106	3	5.3
214	103	4	3.95
109	116	8	6.55
4272	105	5	43.4
418	99	37	215.1
2355	570	3	42.45
139	1098	5	46.44
1423	12	4	9.14
107	598	3	9.79
4033	102	3	18.51
98	4480	4	23.24
103	888	5	21.14
98	4556	4	23.24
13	5435	4	35.63
98	782	20	108.31
102	1326	3	11.44
988	102	3	9.76
98	5708	3	17.43
98	3577	3	10.93
259	107	5	12.82
785	12	4	4.94
1836	12	7	29.32
13	976	3	11.21
396	5734	3	50.95
101	201	54	260.83
3519	6043	3	65.37
110	127	8	12.65
218	14	13	9.84
905	14	5	8.11
115	310	4	19.52
2239	14	3	7.01
585	121	4	26.26
106	338	7	25.97
106	271	3	4.96
154	3125	3	32.76
1959	102	5	29.72
101	6138	3	22.32
1884	1685	3	48.43
12	5355	3	13.27
601	12	17	65.58
262	528	4	40.36
256	102	4	5.18
6325	105	3	26.04
98	4477	4	23.24
113	305	3	11.77
101	1298	10	60.53
3594	3582	3	58.64
101	1214	5	19.4
115	412	5	30.13
1970	594	3	41.81
992	14	4	5.68
134	1439	4	37.31
110	529	5	25.29
1231	14	8	26.9
172	185	3	15.58
1199	2887	5	91.4
101	2893	4	22.22
518	12	14	41.58
101	2741	3	12.96
13	646	7	33.14
138	305	10	80.98
138	107	9	11.7
182	138	8	47.13
123	256	6	34.05
2180	105	5	32.9
13	141	34	112.29
260	152	4	24.66
197	347	3	22.8
550	14	8	13.68
328	101	7	14.22
3900	14	3	10.5
667	14	5	6.05
12	1554	6	20.7
103	4865	4	34.12
105	369	3	5.45
218	1692	3	34
107	2834	3	18.7
1241	12	3	4.3
174	109	10	33.69
2661	416	3	41.72
98	2865	5	23.76
103	323	7	20.43
171	654	3	25.06
416	14	6	4.94
107	474	8	39.09
1264	124	8	82.1
817	14	4	4.26
304	124	3	14.27
98	6142	3	17.43
821	376	3	33.73
103	1474	8	53.08
430	190	7	68.06
2690	14	3	7.91
137	693	3	21.67
108	312	3	6.57
108	142	14	33.12
12	478	5	4.39
158	5240	3	37.58
1272	12	4	8.47
109	856	7	46.3
119	216	3	10.89
5516	12	3	13.27
223	245	6	51.91
98	5991	3	17.43
13	346	5	14.09
347	107	8	33.74
103	1577	3	12.92
2756	14	3	7.91
133	878	3	22.88
2126	101	3	11.98
1433	14	4	8.34
98	1177	14	81.36
108	101	86	50.9
769	103	5	19.55
106	2579	4	27.49
120	134	3	5.02
751	14	7	13.93
101	1893	5	25.04
120	186	10	54.2
135	101	19	18.29
1299	12	3	4.7
144	123	3	6.24
126	128	4	8.7
107	385	5	17.48
150	12	26	16.68
102	653	3	7.5
169	547	6	57.35
107	187	9	23.24
113	659	3	16.67
159	256	3	17.73
101	1637	5	22.34
471	103	5	15.07
356	417	3	29.39
105	520	3	7.06
3704	106	3	21.05
108	413	7	31.44
2339	12	3	7.62
110	430	3	10.94
208	107	4	6.01
1123	107	4	20.39
1506	12	7	25.45
13	597	16	106.39
101	4687	3	17.87
163	103	6	5.03
12	5252	3	13.27
98	4514	4	23.24
4895	106	3	23.26
5584	14	3	12.61
1680	124	3	25.05
98	609	24	125.62
112	2339	3	22.12
295	107	3	5.76
98	865	14	60.02
972	2467	7	133.34
12	1808	4	10.74
98	917	11	40.65
102	400	3	5.12
493	111	7	40.46
106	172	21	80.56
967	14	9	28.42
116	892	17	190.14
102	504	17	98.97
12	2305	3	7.62
98	3486	5	29.05
1080	13	3	11.59
101	3101	3	14.15
137	122	9	33.98
2	139	9	8.95
110	280	3	8.22
4259	105	3	19.36
847	12	6	12.4
178	102	6	5.62
101	286	21	83.08
110	160	17	70.59
253	14	68	385.36
108	681	5	23.77
101	304	37	209.15
107	7855	3	28.19
3786	6440	3	65.37
98	3488	5	29.05
429	566	21	342.58
14	563	6	7.55
102	379	28	184.41
107	2187	3	17.69
2203	14	3	7.01
98	871	17	86.24
128	106	13	19.15
306	9	5	25.01
201	695	3	26.85
402	101	5	9
147	136	4	13.95
111	1986	9	94.94
1666	120	3	23.7
98	2469	7	40.68
98	4508	3	13.05
105	2292	3	15.59
366	159	3	20.42
122	1204	4	32.2
105	2188	3	15.59
5271	12	4	23.55
4110	102	3	18.51
102	276	7	17.58
577	322	5	56.29
3565	105	5	43.4
138	200	3	12.78
2847	162	4	49.31
13	730	9	49.74
278	737	3	30.97
101	4821	3	17.87
430	924	7	96.85
235	189	16	159.26
101	2714	6	38.96
98	1895	9	52.3
98	8025	3	17.43
12	761	4	4.63
107	3387	4	29.98
2996	14	3	9.03
101	356	11	34
16	176	5	19.48
605	113	14	124.54
101	4255	4	24.81
747	2311	6	101.1
98	5716	3	17.43
2410	14	3	7.01
111	207	4	9.64
116	3782	5	59.55
247	403	7	74.18
308	105	8	25.36
1163	12	4	7.34
849	102	4	14.04
5614	162	3	42.69
114	232	3	9.9
184	245	9	78.96
342	105	18	95.5
377	178	11	113.12
98	182	118	645.65
6437	1105	3	56.66
112	359	6	30.92
695	14	6	9.16
115	2309	3	25.16
452	493	3	31.72
131	372	3	17.42
107	391	13	72.26
113	1097	3	19.26
2788	106	3	18.26
1372	14	5	11.96
284	12	17	34.36
101	1943	3	11.16
102	2224	4	22.6
120	259	8	49.35
1370	200	3	30.88
156	6095	3	41.82
934	12	8	23.45
410	107	4	12.63
1924	12	4	11.72
3646	107	3	21.49
1651	102	4	19.36
108	119	11	10.74
551	102	4	11.06
814	14	4	4.26
670	277	3	30.42
1469	14	3	4.58
12	408	29	130.15
937	220	6	69.75
1866	14	3	6.26
374	107	3	7.42
524	164	4	33.59
107	420	3	7.98
98	2895	6	34.86
7678	12	3	17.66
1335	12	3	4.7
630	102	26	218.42
105	101	218	276.13
1046	111	7	51.99
105	163	17	45.75
1440	14	4	8.34
98	585	26	142.69
395	451	3	30.48
106	2544	4	27.49
401	299	4	39.39
106	2440	3	18.26
843	113	6	44.93
98	273	47	215.03
3200	105	6	52.09
101	2353	6	35.75
12	108	1448	8274.53
2476	14	3	7.91
485	14	6	5.96
166	222	3	17.39
109	803	6	36.79
3835	14	3	10.5
257	1323	3	33.65
119	386	7	48.39
2008	14	4	10.89
210	14	20	24.58
13	644	20	153.42
101	401	12	42.49
101	505	7	19.7
104	144	8	5.6
102	231	6	10.24
102	179	8	11.04
98	4479	4	23.24
98	2484	3	8.32
772	111	11	85.67
98	4555	4	23.24
566	101	3	4.48
13	1796	7	50.22
98	4344	3	13.05
101	1521	10	67.77
848	12	4	5.26
98	1038	13	60.44
1411	1293	11	217.74
722	105	23	199.83
837	357	3	33.3
819	12	19	104.04
214	102	5	6.09
2132	107	4	26.57
1252	103	3	11.35
968	14	4	5.68
314	14	7	4.01
134	298	3	16.16
101	1145	8	39.15
190	178	22	211.03
107	2524	3	18.7
115	487	29	322.54
514	109	3	11.48
2478	101	4	20.35
125	127	5	12.62
1319	14	4	7.69
186	361	4	32.4
12	3233	3	9.67
101	2680	6	38.96
235	14	11	7.14
636	101	4	8.81
298	754	4	44.16
122	551	5	34.6
104	1541	3	12.98
1086	545	3	37.37
1122	423	5	66.66
152	189	18	146.97
2630	12	3	8.53
473	443	4	44.59
118	300	5	27.34
10	16	3	36.74
101	333	28	144.27
178	144	3	12.22
110	276	10	51.35
102	1257	9	57.45
1863	3611	3	53.91
139	829	3	22.88
2	14	330	267.57
1216	14	5	11.15
13	1081	6	32.52
98	3578	4	18.35
13	901	8	45.68
259	106	3	4.65
106	270	5	12.75
102	354	5	11.99
98	4357	4	23.24
106	3001	3	19.48
3693	105	3	19.36
1062	710	3	38.85
103	207	8	15.23
4674	12	3	13.27
13	1229	6	34.52
169	133	9	52.79
4394	3637	3	60.87
102	1073	4	15.94
2027	12	5	17.5
180	187	4	23.65
12	1196	3	4.3
140	535	3	20.36
98	1269	11	52.99
188	234	3	18.91
4960	116	4	47.63
2210	111	4	31.12
795	1633	6	95.6
1096	104	3	10.56
162	12	19	12.04
145	1654	3	27.5
1151	5422	3	52.59
192	109	3	4.54
7973	105	3	26.04
101	4225	3	15.69
12	183	18	15.13
98	1524	10	51.52
1706	3564	5	101.2
4933	104	4	34.19
107	289	4	9.59
103	577	3	7.23
187	123	3	9.69
112	507	7	42.85
112	575	4	20.8
104	623	4	12.48
976	110	4	23.23
1430	2	6	37.27
755	103	8	39.8
509	13	4	12.42
102	833	9	48.36
98	2968	5	23.76
227	1018	3	30.61
101	4254	5	37.21
139	358	4	26.31
98	5915	3	17.43
13	169	8	13.62
98	5735	3	17.43
3918	116	3	29
119	420	9	68.83
12	198	28	51.42
1015	105	3	10.56
1349	12	3	4.7
108	348	3	7.46
101	733	11	50.62
4581	12	3	13.27
98	1178	4	7.62
6843	105	3	26.04
2322	12	3	7.62
101	2514	5	28.93
1556	14	4	9.08
138	1086	6	58.32
13	345	3	5.66
101	3355	5	31.85
1716	103	3	13.57
222	1665	7	93.77
107	386	4	12.23
878	105	9	52.12
117	293	10	68.28
3899	99	5	29.05
538	12	7	11.1
2393	12	3	7.62
102	459	4	9.85
5146	12	3	13.27
1471	210	3	31.98
98	864	15	68.07
971	551	5	67.8
200	14	27	43.14
2061	14	3	6.26
101	287	11	28.2
2	2955	5	39.42
167	14	136	771.52
98	3485	3	10.93
122	144	4	9.88
805	105	8	41.89
148	175	4	18.87
708	12	5	7.3
3621	12	3	11.15
562	105	6	23.12
567	303	5	55.29
108	1011	3	13.19
693	101	3	5.27
3372	106	6	55.49
98	1880	8	40.32
105	1798	3	14.01
101	539	3	4.14
936	103	3	9.79
133	116	3	4.35
2155	14	3	7.01
109	145	7	12.48
175	106	13	37.87
98	745	21	114.03
662	101	4	9.12
1242	103	11	79.39
115	504	5	31.95
98	610	24	125.62
12	2115	3	7.62
98	661	5	6.63
104	218	4	4.27
156	2066	3	30.38
98	2458	7	40.68
98	4461	4	23.24
106	5460	3	23.26
120	1213	5	42.75
143	298	8	61.66
118	760	3	18.92
12	137	230	1242.38
1015	102	9	52.29
98	1518	9	42.09
238	161	8	62.43
188	396	3	23.14
2621	677	3	44.46
2689	5786	3	62.54
16	13	95	417.66
98	5732	3	17.43
626	101	4	8.52
1722	6274	3	59.88
2196	14	3	7.01
102	651	6	23.38
543	177	3	24.35
101	1823	8	49.63
777	12	18	89.08
2137	701	6	100.48
101	1899	8	53.31
1849	105	5	29.67
5270	12	3	13.27
180	113	4	11.4
760	101	3	5.73
151	759	4	33.67
2242	415	4	57.17
13	406	27	192.96
4750	14	4	22.65
2631	105	5	35.08
102	5488	3	20.71
609	12	16	60.64
98	1179	10	41.81
98	1111	15	87.17
495	12	5	4.62
302	254	4	34.77
122	147	30	197.92
98	3472	4	18.35
98	3556	3	10.93
98	3624	5	29.05
7258	6463	3	72.1
137	110	15	45.83
412	102	3	5.25
3997	12	5	29.43
2002	12	3	6.85
473	231	13	159.79
98	1691	9	45.91
178	158	3	13.85
1608	113	3	21.78
2535	106	4	27.49
101	1566	7	37.87
128	120	8	25.31
591	14	6	7.92
146	663	3	22.36
113	392	3	13.54
103	753	3	8.6
2188	105	5	32.9
2907	12	3	9.67
1051	12	4	6.85
98	4524	4	23.24
102	142	12	13.49
1407	107	6	39.86
104	283	4	6.59
1698	743	8	137.73
508	6120	3	52.39
2057	105	8	63.2
320	12	10	12.83
4061	25	5	98.76
562	102	3	6.68
186	1148	6	68.37
908	12	4	5.61
3970	105	5	43.4
118	6245	3	36.36
4337	2	4	35.84
102	1363	3	11.44
3576	1704	3	53.15
743	14	6	10.13
5	14	6	4.28
102	297	20	96.06
98	2500	7	40.68
1831	14	3	5.62
98	4539	4	23.24
101	7475	3	22.32
104	329	5	11.87
2	5838	3	26.88
101	1403	9	53.63
4140	6586	3	65.37
663	742	10	153.34
106	124	8	3.95
112	766	6	39.71
1958	757	3	43.12
98	4360	3	13.05
113	345	3	12.84
625	103	11	58.85
279	101	6	8.62
1823	106	9	76.77
2467	14	3	7.91
98	3571	5	29.05
893	101	3	6.53
159	1827	3	29.91
239	105	8	20.09
101	269	6	8.13
109	409	3	10.28
108	712	3	11.33
2942	3595	3	57.05
2400	12	3	7.62
561	12	14	43.88
103	1488	3	12.34
98	6072	3	17.43
101	2488	6	38.96
6263	105	3	26.04
183	107	9	22.41
9	16	6	9.66
920	353	3	33.98
443	268	3	27.72
12	544	5	5.37
353	111	5	21.97
98	569	25	126.58
3534	104	5	42.74
13	4045	4	30.65
141	638	3	21.56
133	1801	5	51.87
111	7250	3	31.63
131	401	3	17.87
98	2954	6	34.86
4267	105	3	19.36
98	139	204	975.93
201	106	4	5.05
3044	14	5	23.02
2873	111	3	23.34
114	315	3	12.35
12	224	17	23.07
98	1533	11	63.92
133	836	3	22.55
120	1130	3	21.6
1246	14	4	7.11
709	105	13	81.66
13	151	7	6.05
13	203	36	191.18
98	5901	3	17.43
804	12	8	20.59
12	1316	12	63.71
105	236	4	5.19
277	14	19	38.96
101	1925	3	11.16
8002	469	3	51.81
102	877	4	14.47
102	937	6	27.81
103	1457	11	86.99
162	8	3	6.28
108	195	4	5.91
1355	14	6	16.88
98	1285	13	75.55
2155	1039	4	64.75
12	167	22	21.48
98	1540	6	20.27
166	113	3	6.52
123	136	3	5.68
134	1965	4	40.21
102	5213	3	20.71
98	5946	3	17.43
136	107	14	28.4
439	210	6	59.08
654	12	5	6.58
150	1546	4	40.05
111	5083	3	27.14
107	155	18	52.96
623	12	17	67.52
170	117	4	12.85
481	12	5	4.39
106	2302	4	25.98
3196	106	5	40.85
2382	103	3	15.14
1623	3537	3	52.48
102	220	38	205.08
106	576	3	9.17
266	111	4	13.23
98	4546	4	23.24
98	2491	6	29.24
103	954	8	43.8
117	578	8	63.05
2296	12	3	7.62
128	512	3	18.96
190	12	14	8.01
98	776	9	24.97
422	102	3	5.38
1094	12	4	6.85
103	2161	4	23.14
101	468	6	14.33
115	1242	3	21.23
12	811	5	8.11
590	103	13	73.92
199	104	5	5.41
733	2280	3	43.71
1277	101	4	14.16
4291	14	3	10.5
102	1241	4	17.12
2282	101	3	11.98
98	3518	4	18.35
98	5693	3	17.43
111	1008	7	50.89
2145	12	7	35.29
98	1717	6	21.85
103	3189	4	26.53
110	142	4	3.9
102	2732	3	15.74
1259	12	8	28.62
12	1776	3	6.2
171	177	3	15.06
102	443	3	5.67
116	1013	4	29.15
107	1855	3	16.1
6696	99	3	17.43
139	676	3	21.72
106	1373	4	21.12
1024	105	10	63.98
1180	109	3	16.45
102	1206	5	23.99
1245	120	3	22.06
110	101	47	17.16
2636	14	4	13.45
110	163	8	22.7
98	1702	3	6
156	4192	4	50.79
228	101	7	8.06
1565	14	5	13.88
1707	14	3	5.62
2880	14	3	9.03
109	279	3	7.89
1786	999	3	44.04
149	653	11	115.66
101	2649	3	12.96
1210	12	3	4.3
98	4497	4	23.24
1032	12	4	6.85
102	133	10	6.84
3706	102	3	18.51
102	267	28	152.08
102	4999	3	20.71
101	1318	7	34.44
112	373	4	17.66
150	9	8	26.56
3374	103	3	17.35
98	2916	6	34.86
107	202	5	8.85
122	1861	3	24.49
395	171	3	22.27
3750	105	4	29.74
101	1826	6	31.39
3503	12	3	11.15
957	102	3	9.41
294	189	9	83.91
98	173	121	629.92
1260	102	6	31.48
1675	12	4	9.88
98	291	53	285.14
156	3882	3	35.1
209	387	3	24.13
111	144	4	4.41
173	494	24	315.84
574	12	14	45.12
413	105	4	10.04
6862	14	3	16.98
112	1133	4	26.25
4045	14	5	28.31
6500	14	3	16.98
139	122	21	115.48
930	14	4	5.28
3026	14	4	15.25
101	2606	5	28.93
98	5974	3	17.43
104	1835	3	13.62
98	1194	14	81.36
101	1944	3	11.16
101	1876	7	42.66
104	923	3	9.84
191	102	6	6.78
297	107	11	48.73
105	149	11	14.75
121	1001	3	20.82
1112	3498	4	71.43
5857	14	3	16.98
1883	14	5	16.43
103	6374	3	25.59
103	218	5	6.97
107	574	6	27.69
8	265	3	11.14
1881	2879	4	73.83
101	382	11	36.24
12	801	10	31
107	5414	3	23.7
3156	14	3	9.03
222	2970	4	54.03
3808	101	3	15.69
98	822	4	5.03
98	2445	6	29.24
98	4536	4	23.24
1831	12	3	6.2
113	298	7	38.94
4281	2089	4	76.46
118	3871	3	29.64
1352	2332	3	47.47
98	4415	4	23.24
5086	2070	3	56.14
134	356	3	17.62
2	5911	3	26.88
2	5739	3	26.88
1220	14	4	7.11
141	136	3	8.07
325	3260	3	41.21
218	13	5	8.48
110	136	12	31.66
5296	12	3	13.27
106	1606	3	15.01
98	3568	3	10.93
98	3644	4	18.35
156	953	3	25.63
13	971	4	17.39
188	302	3	21.03
108	153	8	12.96
247	177	3	18.93
12	547	6	8.24
143	468	4	29.11
555	581	3	33.75
98	6153	3	17.43
223	152	5	30.63
2	665	3	9.28
107	431	3	8.14
273	422	3	27.58
144	118	3	5.64
105	284	6	14.87
4120	105	3	19.36
155	496	13	136.01
98	261	61	330.89
120	536	3	17.18
114	216	7	33.38
1275	12	4	8.47
158	2190	3	31.5
98	2959	6	34.86
197	408	4	34.23
826	103	3	9.16
159	101	13	13.19
5979	14	3	16.98
106	891	5	24.62
13	146	172	1319.37
2993	111	3	23.34
98	5896	3	17.43
98	5956	3	17.43
2022	101	3	11.16
1799	14	3	5.62
287	104	4	6.71
102	2031	4	21.36
12	221	9	3.9
108	455	4	14.05
1041	630	3	38.06
98	1412	12	69.74
98	1530	9	42.09
102	1926	3	13.9
605	102	4	11.62
111	186	6	17.08
111	134	5	5.98
699	1198	4	55.83
123	101	37	49.66
12	6272	3	17.66
110	932	3	15.17
12	266	11	12.6
12	341	9	11.51
1772	113	10	115.54
146	486	3	20.36
5420	14	3	12.61
6890	111	3	31.63
102	827	4	14.04
104	2411	3	15.2
1345	12	5	12.98
102	723	17	116.54
107	128	64	298.66
98	2910	3	9.45
602	107	4	15.35
126	135	14	68.19
169	110	3	3.94
103	168	62	345.96
101	2006	3	11.16
109	1780	3	18.73
202	118	3	9.75
1584	14	3	5.07
283	152	4	25.58
329	115	7	43.73
495	14	6	6.24
247	192	13	127.01
12	444	28	130.62
2447	742	6	104.36
1968	105	3	14.74
234	235	15	159.95
103	7585	3	25.59
103	1370	3	11.82
98	6060	3	17.43
21	99	310	1709.14
318	588	3	30.46
675	12	4	4.08
101	117	165	661.01
4265	124	5	62.09
98	3627	4	18.35
281	328	3	26.07
169	615	5	46.94
113	395	3	13.7
4123	106	4	32.01
3679	111	3	24.92
112	670	3	14.76
130	148	3	8.18
2033	14	4	10.89
295	102	6	13.74
107	2174	3	17.69
2641	105	7	60.77
7937	214	3	45.93
591	12	5	5.94
101	1391	3	9.27
5974	12	3	17.66
175	102	8	10.64
12	1969	3	6.85
12	2053	5	17.5
104	228	4	4.49
113	315	4	18.42
98	4571	4	23.24
103	1005	7	36.96
98	2448	6	29.24
98	4451	4	23.24
1280	14	5	11.96
170	645	5	47.37
106	429	3	7.74
102	215	11	28.6
541	101	6	15.8
2164	14	8	45.29
8	218	8	40.51
101	367	20	90.62
1635	105	5	28.4
2824	105	7	60.77
98	4397	4	23.24
898	14	5	8.11
98	2146	8	46.49
102	592	9	41.72
130	127	10	42.95
102	388	3	4.99
101	1366	5	20.28
128	102	13	11.02
3710	12	3	11.15
729	12	4	4.35
592	1799	10	180.66
98	1697	8	36.7
762	12	14	54.45
98	3602	5	29.05
13	1045	13	100.49
642	101	4	8.81
3089	14	5	23.02
102	1361	5	24.88
528	101	3	4.14
2215	14	3	7.01
176	389	3	22.34
663	3505	4	67.2
13	2587	4	26.14
101	500	19	98.85
101	350	4	4.92
105	1017	3	10.56
2851	162	3	34.38
104	107	42	12.56
98	4502	4	23.24
221	154	3	15.36
98	2479	7	40.68
114	120	4	3.88
98	176	114	572.52
688	14	7	12.72
1675	14	3	5.07
122	1654	3	23.82
98	2913	6	34.86
1240	105	4	18.23
149	205	45	482.79
101	2346	3	11.98
112	1242	4	26.89
98	5774	3	17.43
1537	2	8	58.88
13	282	3	4.4
98	5926	3	17.43
12	313	20	51.93
12	262	23	56.27
12	211	89	486.12
1384	14	3	4.15
102	3443	3	16.95
110	810	3	14.2
108	183	4	5.15
12	513	15	47.1
825	14	7	15.31
98	1189	12	58.48
1138	105	6	32.13
110	3216	3	22.94
1264	162	3	28.66
169	109	8	23.2
338	12	6	3.86
832	107	4	17.86
4375	14	4	22.65
367	113	8	51.3
105	204	7	12.36
1082	101	3	7.52
98	472	32	177.17
8	5593	3	30.31
123	1309	3	23.07
103	186	13	32.23
103	134	13	14.81
277	12	8	5.97
170	2782	3	33.82
5680	105	3	26.04
658	164	3	24.76
12	498	5	4.62
752	2	8	43.18
529	5350	4	70.27
860	12	10	33.56
373	107	3	7.42
98	6026	3	17.43
374	103	3	5.2
426	1875	4	56.35
3496	633	3	47.02
183	115	3	8.18
102	1822	6	37.02
1444	14	11	55.52
123	3004	3	28.77
98	5875	3	17.43
13	197	5	6.61
103	1147	4	17.03
654	14	10	24.79
264	109	6	22.98
1302	105	4	18.91
390	102	3	4.99
111	168	3	4.21
173	462	5	44.16
4105	105	4	29.74
165	147	15	108.92
12	1574	5	14.92
212	226	3	20
114	135	37	224.14
154	844	3	24.2
361	102	5	12.2
103	590	6	23.17
1007	104	4	16.01
2	1711	9	74.19
506	1352	3	38.15
7588	14	3	16.98
409	101	5	9.23
101	1158	5	18.6
190	14	15	7.87
111	2081	3	20.23
4007	14	3	10.5
115	373	4	21.61
294	2522	6	92.01
5136	12	4	23.55
1680	162	3	30.48
2546	105	3	16.58
2789	12	5	21.27
98	4489	4	23.24
1530	12	4	9.88
548	12	5	5.37
102	1567	3	12.53
1828	5258	3	55.38
210	2	4	4.75
1499	12	3	5.14
111	672	7	45.02
109	229	10	43.48
161	14	154	852.72
768	111	3	14.3
118	281	3	13
1235	106	4	20.44
101	263	21	78.19
133	574	6	49.85
98	1714	8	36.7
218	9	9	47.76
358	153	3	19.19
2	8	26	35.34
1751	12	4	10.74
107	1835	3	16.1
138	545	3	20.48
2741	7156	3	62.54
98	3597	5	29.05
122	1386	4	32.9
103	694	3	8.1
103	778	3	8.87
102	2661	3	15.74
12	1771	5	16.11
731	124	13	130.26
1306	14	4	7.69
353	12	8	9.27
188	184	3	16.34
4102	305	3	42.2
98	1291	8	29.73
3409	105	5	38.02
1834	12	3	6.2
4827	14	3	12.61
126	106	8	4.27
131	518	5	37.58
246	376	11	127.23
220	14	16	17.06
180	145	3	12.26
954	950	3	39.66
113	736	3	17.22
994	14	5	9.17
107	165	15	47.55
102	734	5	18.43
1172	161	4	39.89
102	2589	3	15.74
140	107	11	18.11
3676	105	4	29.74
413	259	3	26.82
98	1396	11	57.15
1522	566	4	56.45
101	1091	11	62.24
166	4953	3	38.65
103	1214	3	11.35
1581	104	4	19.97
110	2354	3	20.69
101	2356	5	26.77
2375	14	3	7.01
101	502	23	133.66
101	578	5	12.06
6038	4379	3	67.6
98	1907	8	40.32
5255	103	3	21.12
106	1275	4	21.12
1137	12	5	11.42
7	3026	6	96.26
210	12	10	4.13
8	324	6	33.47
102	226	6	9.73
106	462	4	12.95
2	1190	8	52.72
107	805	4	17.44
98	2429	5	20.9
2279	12	6	26.54
145	147	31	246.55
98	4552	4	23.24
2444	14	3	7.91
422	106	3	7.59
698	14	10	26.71
98	702	19	89.62
102	2726	3	15.74
114	961	4	27.53
4258	106	4	32.01
105	599	3	7.83
115	227	3	10.46
1300	2783	4	68.22
451	350	6	68.77
280	1076	3	33.05
446	1356	3	37.58
106	210	7	16.49
98	4399	4	23.24
151	121	17	91.95
1621	102	4	19.36
107	856	3	11.59
101	3023	4	22.22
459	161	3	22.21
314	12	9	9.72
176	109	4	6.95
138	484	3	19.67
515	254	3	27.82
992	428	4	50.17
1361	1306	4	61.74
2517	14	4	13.45
101	206	80	500.74
103	3251	3	17.35
5938	2113	3	61.52
110	204	3	5.29
1281	104	5	25.64
749	14	5	6.79
137	101	13	6.42
2	132	15	24.23
102	1144	6	30.44
1301	12	4	8.47
110	109	50	129.8
108	728	4	17.47
379	107	7	28.93
2281	536	4	59.18
141	157	3	10.21
1683	164	3	30.61
7888	105	3	26.04
1457	107	3	14.85
2510	102	3	15.74
98	4384	4	23.24
549	218	3	26.95
98	2464	3	8.32
1687	14	7	27.78
240	101	8	11.89
415	116	3	14.91
102	332	3	4.1
3614	2485	3	55.81
122	2746	3	27.13
152	12	30	25.74
2370	12	6	26.54
282	121	4	19.94
3300	12	3	9.67
109	135	7	11.02
1020	12	7	19.26
101	6494	3	22.32
152	5086	3	36.42
103	1809	3	13.57
14	306	9	7.76
430	853	3	34.55
1604	14	3	5.07
101	1074	7	30.6
224	1487	4	46.5
603	143	3	21.46
4897	106	3	23.26
101	862	17	113.86
6306	111	3	31.63
315	164	5	38.78
149	214	3	14.79
107	7757	3	28.19
181	1922	3	32.25
1981	286	5	68.81
2536	105	5	35.08
101	3412	5	31.85
112	482	6	34.29
101	1632	7	37.87
146	426	3	19.83
129	148	3	7.96
1052	14	7	18.8
644	111	3	13.51
102	2169	6	41.42
710	101	3	5.49
3275	103	3	17.35
1	9	4	15.93
129	580	3	19.65
6268	99	3	17.43
1372	12	4	8.47
706	109	3	13.29
1763	407	4	54.58
16	59	4	22.74
103	1452	8	53.08
1215	425	4	51.74
101	608	8	28.32
108	122	13	16.31
6771	14	3	16.98
102	760	6	25.06
811	110	3	14.2
101	5669	3	22.32
148	1747	3	28.57
13	1516	4	21.38
98	2973	6	34.86
124	1680	3	25.05
102	4478	4	33.57
350	124	8	57.82
6705	14	3	16.98
3587	1896	4	76.46
111	201	3	5.48
854	14	4	4.57
14	2512	5	20.17
12	195	12	5.69
449	319	35	605.75
304	482	10	124.03
113	1987	3	23.2
148	883	7	70.28
5953	616	3	53.5
347	105	9	34.05
101	617	26	193.6
608	124	6	46.51
4722	14	3	12.61
116	2677	6	65.74
1039	14	5	9.77
98	564	25	126.58
135	167	3	11.14
105	136	24	57.01
101	3282	3	14.15
98	861	15	68.07
141	110	13	36.82
200	12	18	19.45
171	306	17	180.42
103	747	6	25.85
7	4087	4	59.03
102	404	6	17.87
679	14	7	12.72
423	13	4	11.06
107	1664	4	23.29
5212	103	3	21.12
106	1564	4	22.71
708	14	6	9.63
272	1383	3	34.24
112	3227	3	24.37
7629	12	3	17.66
118	142	3	5.53
208	105	10	24.92
303	12	12	17.59
7968	105	3	26.04
712	102	3	7.97
13	752	15	106.35
13	601	5	19.18
942	199	3	28.71
158	7266	3	42.08
98	4562	4	23.24
107	851	4	17.86
106	428	12	65.67
401	2232	4	56.95
121	119	5	8.73
98	740	21	114.03
4636	105	4	34.72
1876	12	3	6.85
2971	2112	3	53.2
795	200	5	51.92
2795	102	3	15.74
1253	12	3	4.3
3246	12	5	24.13
101	1201	12	77.93
154	109	4	4.35
4519	4575	4	93.83
125	123	3	3.86
102	109	72	108.3
98	2434	4	14.02
823	320	3	32.38
1109	111	11	98.7
107	2521	3	18.7
2597	14	7	39.63
768	14	4	3.97
98	8046	3	17.43
1453	14	3	4.58
556	117	4	25.04
2	12	145	11.47
98	5704	3	17.43
98	3529	5	29.05
148	135	3	8.82
5539	105	4	34.72
2492	14	3	7.91
501	14	5	3.85
128	330	3	16.28
106	2928	3	19.48
4078	101	3	15.69
1304	101	3	8.77
3449	14	4	15.25
1693	2	9	74.19
98	4354	4	23.24
103	830	5	20.58
12	1123	11	47.79
1665	12	3	5.63
107	2838	3	18.7
321	530	5	55.53
101	1980	3	11.16
101	2056	6	33.34
2479	319	7	115.58
1120	14	7	19.88
585	803	3	36.04
220	172	8	63.36
98	6146	3	17.43
12	2774	4	14.31
139	148	10	53.27
2056	14	3	6.26
12	364	17	45.19
143	505	6	49.73
101	837	6	20.9
98	1527	11	63.92
12	178	13	4.88
123	149	3	6.58
324	2	5	13.51
2158	14	4	12.04
103	1223	3	11.35
1199	1871	8	151.17
659	152	3	22.88
328	14	11	15.1
117	898	8	70.65
101	3661	4	24.81
98	252	66	366.06
110	1674	3	18.42
4442	14	3	12.61
105	553	3	7.43
158	2227	5	59.61
146	442	5	38.74
101	1680	3	10.45
543	152	3	21.68
102	2408	5	31.47
112	582	8	53.82
463	512	3	32.1
2628	12	6	29.69
2835	105	4	25.24
176	1069	3	28.18
2354	102	3	14.74
13	131	14	19.81
1486	12	3	5.14
2233	103	5	32.15
324	9	6	33.47
1412	537	3	39.1
101	1090	9	45.39
1021	103	5	22.39
101	715	16	91.18
155	3864	3	34.47
2449	2111	7	150.34
98	6092	3	17.43
138	940	4	33.91
103	1552	3	12.92
470	12	6	6.66
2461	12	3	8.53
101	2432	4	20.35
649	12	4	3.84
126	107	28	73.12
1012	2	4	17.59
102	946	4	14.93
101	3205	4	22.22
5414	101	3	17.87
105	167	10	18.68
867	127	4	31.79
3629	111	3	24.92
106	262	17	84.16
101	3786	3	15.69
107	1009	3	12.6
1496	14	4	8.34
639	179	3	25.38
566	14	9	18.1
105	2392	3	15.59
5320	470	3	47.31
104	512	3	6.72
2262	12	3	7.62
141	153	4	14.51
2810	344	3	40.36
4382	616	4	71.51
101	207	32	116.98
2025	12	3	6.85
5509	105	4	34.72
143	4226	4	48.66
127	111	7	10.31
1785	14	3	5.62
101	4730	3	17.87
210	101	7	6.42
122	422	3	16
143	630	17	195.57
109	289	4	12.81
4401	3522	3	60.87
101	577	5	12.06
781	293	6	72.63
98	1906	8	40.32
610	184	4	36.46
101	1168	11	64.67
4664	105	4	34.72
98	703	20	98.77
98	636	22	109.86
102	227	5	6.73
106	393	3	7.16
111	3152	4	34.56
5	9	7	44.36
125	204	3	10.79
98	4483	4	23.24
98	2428	6	29.24
98	4551	4	23.24
3393	101	3	14.15
121	163	3	7.96
121	101	18	5.4
1974	12	3	6.85
98	2465	7	40.68
98	4504	3	13.05
145	105	13	19.54
131	682	5	40.39
345	161	4	29.7
125	109	11	18.96
146	2221	4	42.8
102	331	5	11.19
106	414	4	12.09
111	3201	5	47.33
214	2801	4	51.73
931	147	3	24.52
156	816	14	169.38
469	102	7	25
320	110	4	14.11
1318	12	4	8.47
98	1891	6	23.74
115	1144	7	62.72
110	358	3	9.77
7387	106	3	27.74
1608	103	4	19.89
101	308	30	150.39
98	5667	3	17.43
103	2064	3	14.3
515	107	17	117.43
122	135	5	13.21
116	8009	3	35.72
736	164	4	36.28
6555	99	3	17.43
1596	107	4	23.29
272	109	4	12.42
928	111	3	15.56
128	234	3	13.39
1704	14	3	5.62
120	6982	3	36.56
101	1578	10	67.77
3432	103	4	26.53
1573	103	3	12.92
103	287	4	6.65
114	362	3	13.36
710	12	4	4.35
12	1222	5	12.16
121	1062	4	30.87
13	3942	4	30.65
101	607	9	34.27
5047	105	4	34.72
111	505	3	12.01
677	12	5	6.93
111	4870	3	27.14
13	546	15	93.86
98	5969	3	17.43
17	101	4	9.12
2780	101	4	20.35
112	1244	3	18.21
333	14	7	4.73
13	174	7	10.64
101	999	3	7.17
574	109	3	12.09
12	326	22	65.04
123	280	4	20.56
799	12	4	4.94
160	489	5	42.6
1073	102	3	10.13
140	151	4	14.26
4246	105	3	19.36
129	209	4	18.57
98	230	75	411.2
1622	101	3	9.82
98	2927	5	23.76
107	145	23	72.54
301	14	13	18.56
187	160	3	14.68
586	101	4	8.24
107	213	6	13.71
1839	12	7	29.32
101	789	3	5.98
283	257	3	24.12
115	1929	3	24.29
98	1174	13	68.46
2498	198	3	35.3
103	3877	4	29.14
1334	14	3	4.15
470	132	3	18.89
103	1506	8	53.08
648	101	3	5.06
98	6098	3	17.43
101	3283	3	14.15
101	5202	4	29.76
2255	103	3	15.14
1690	109	5	37.65
112	3109	4	35.94
102	2355	3	14.74
2706	302	3	39.26
101	1710	10	74.43
114	107	41	103.9
224	191	7	56.08
121	800	3	19.46
98	2	158	16.87
1815	105	7	48.63
150	14	75	172.32
112	488	3	12.82
116	188	5	18.9
112	412	3	11.98
131	299	3	15.79
98	2896	6	34.86
101	2331	4	18.87
13	248	5	10.17
631	12	6	9.39
1571	12	3	5.63
959	105	14	102.62
234	1060	8	102.81
101	2841	5	28.93
111	629	3	13.27
588	14	8	14.79
1506	14	4	8.34
4480	111	3	27.14
98	665	15	56.43
2307	12	3	7.62
13	1872	5	32.27
98	4457	3	13.05
102	205	7	10.73
1353	1948	3	46.6
1238	12	3	4.3
1114	874	4	56.88
117	121	4	5.14
102	403	3	5.12
98	860	16	76.75
2660	14	3	7.91
121	548	3	17.43
98	920	17	91.19
7594	101	3	22.32
128	115	4	6.77
112	2599	5	46.09
134	467	6	47.28
4335	2162	4	82.74
847	14	6	11.24
110	183	3	4.38
2384	106	3	17.25
434	1056	3	36.01
101	181	14	21.6
1753	103	8	58.29
98	3481	5	29.05
252	3722	3	40.78
98	3565	5	29.05
932	12	5	9.57
137	119	3	5.24
110	123	16	38.02
218	12	9	3.9
110	198	4	8.76
5747	210	3	45.46
101	5064	3	17.87
98	3634	5	29.05
4193	106	3	21.05
403	103	3	5.45
614	551	3	34.22
106	192	8	18.53
272	124	4	20.49
398	190	6	55.21
104	437	3	6.06
111	7771	3	31.63
12	1636	10	52.28
141	123	4	9.73
98	969	5	9.81
120	1059	3	21.18
618	418	3	32.69
104	336	3	4.56
101	1353	5	20.28
5441	102	3	20.71
750	102	8	38.74
3014	99	6	34.86
4241	113	5	57.72
98	4534	4	23.24
2672	898	4	64.72
7014	113	3	34.62
3707	106	4	32.01
101	2684	6	38.96
3804	14	3	10.5
234	905	3	30.11
992	12	4	6.4
388	102	4	8.66
101	584	8	27.65
189	153	3	13.4
275	105	3	3.87
101	532	11	43.37
109	243	3	6.73
508	1286	13	232.15
98	5958	3	17.43
446	650	3	33.29
13	3009	3	18.48
98	1528	10	51.52
166	165	5	28.91
2060	103	5	30.39
165	190	3	15.34
98	325	45	234.39
101	1725	4	16.6
1544	12	4	9.88
131	144	3	7.85
106	1105	3	12.55
101	5685	3	22.32
397	177	3	22.5
98	460	31	160.25
101	1981	4	17.64
108	317	5	16.06
160	275	7	56.33
102	5586	3	20.71
101	633	4	8.81
143	454	3	19.84
101	784	4	10.15
2548	12	3	8.53
7001	105	3	26.04
3908	105	4	29.74
943	200	6	67.1
12	4846	3	13.27
1769	12	3	6.2
183	102	7	8.64
103	4618	3	21.12
108	1989	3	17.45
245	14	11	8.56
1357	14	4	7.69
102	493	4	10.31
3022	1925	4	73.83
106	277	4	8.94
102	343	3	4.3
101	3906	3	15.69
106	328	4	10.32
151	154	3	10.25
791	1444	9	154.35
1324	14	3	4.15
2	13	122	209.33
2243	14	3	7.01
500	101	4	7.02
98	3643	5	29.05
12	2266	3	7.62
124	102	14	9.16
248	593	4	40.65
2336	2008	3	50.06
632	105	5	18.5
12	981	9	30.34
109	107	46	72.38
101	381	34	219.7
483	12	7	9.92
152	21	3	7.58
872	3540	5	93.16
127	167	3	10.08
125	136	3	5.96
7175	111	3	31.63
98	2496	7	40.68
98	4467	4	23.24
1715	108	4	25.05
713	5590	4	72.58
101	1152	8	39.15
98	823	19	102.6
776	4373	3	50.38
623	16	3	18.24
678	155	4	33.36
112	462	3	12.64
106	958	3	11.82
3230	105	3	17.8
3765	13	3	20.04
1518	103	3	12.92
103	2800	4	24.64
129	294	3	15.41
188	345	3	22.26
12	294	21	53.34
238	152	9	67.87
1678	14	3	5.07
13	5197	3	22.25
98	1529	10	51.52
975	101	3	7.17
546	14	8	13.68
109	815	4	20.91
102	3301	3	16.95
674	103	7	31.22
1246	101	4	13.5
98	5745	3	17.43
98	5897	3	17.43
2956	12	4	16.12
1490	107	8	59.98
2221	664	3	43.43
98	6152	3	17.43
101	2492	6	38.96
466	107	3	8.46
101	4547	4	29.76
143	4872	3	35.74
233	369	10	110.43
115	2031	3	24.29
13	4790	3	22.25
428	14	11	21
105	111	40	40.28
1381	14	3	4.15
1654	106	6	40.43
107	366	16	94.17
12	3940	4	18.65
197	109	4	8.28
311	12	12	18.38
112	142	6	11.91
146	105	8	6.32
3298	105	4	27.14
129	383	5	34.41
2213	12	3	7.62
105	123	21	29.35
142	1994	3	28.79
105	198	8	15.43
124	5310	3	32.74
112	297	3	9.73
102	1671	4	19.36
9	132	19	84.7
12	2825	6	29.69
13	352	35	267.93
98	5985	3	17.43
119	159	3	7.29
896	12	4	5.61
119	105	12	6.06
153	128	3	8.11
108	109	42	66.84
98	1183	14	81.36
7949	105	3	26.04
1327	12	3	4.7
12	595	11	29.99
1265	392	3	36.75
108	241	5	12.55
13	2794	3	17.26
102	3384	5	36.59
557	212	5	49.57
12	133	134	446.5
112	1320	5	37.2
480	14	6	5.96
139	497	7	59.3
333	111	4	15.09
2849	14	3	9.03
744	1900	4	60.61
509	14	5	4.08
3410	14	3	9.03
106	995	3	12.17
170	260	3	19.15
1705	14	10	56.62
169	433	3	22.77
98	2963	5	23.76
120	448	3	16.23
140	336	3	17.6
5291	4862	3	63.1
2115	12	3	7.62
1001	12	8	24.56
617	107	5	21.91
98	4572	4	23.24
2157	2158	3	50.93
98	2449	3	8.32
98	4452	4	23.24
576	12	5	5.65
98	4520	4	23.24
4922	353	3	45.7
102	316	4	6.95
721	12	5	7.3
1145	14	4	6.59
2184	236	5	67.47
991	231	8	101.49
152	9	3	4.82
109	320	7	31.76
2303	14	4	12.04
5046	105	4	34.72
851	105	14	97.3
7337	105	3	26.04
98	3476	5	29.05
98	3628	3	10.93
142	317	3	17.53
461	104	3	6.22
12	952	5	9.57
1658	101	8	46.79
109	574	4	18.47
102	6209	3	25.18
158	3671	4	51.12
558	101	4	7.72
12	1662	4	9.88
306	14	14	22.32
618	152	8	77.26
2150	14	7	33.72
200	13	6	9.87
117	286	10	67.9
98	2140	8	46.49
106	6286	3	27.74
228	14	17	20.8
2198	14	3	7.01
205	4544	3	40.59
5936	14	3	16.98
657	101	5	13.17
133	106	7	5.38
2041	2561	3	51.08
249	107	6	16.76
98	4501	3	13.05
6072	12	3	17.66
98	2478	6	29.24
98	4577	3	13.05
101	6102	3	22.32
102	338	6	15.7
129	718	3	20.89
118	1605	3	23.51
12	1999	3	6.85
175	116	3	7.79
1600	101	3	9.82
276	299	4	36.08
321	806	6	74.07
134	201	42	418.32
143	1898	4	41.31
276	103	39	260.32
740	303	3	31.3
1192	14	6	15.82
101	1515	4	15.69
128	103	9	4.29
107	1015	4	19.27
493	12	8	13.7
245	189	9	79.59
98	3601	4	18.35
98	3549	5	29.05
101	2908	6	44.65
2	194	4	3.94
1324	189	3	30.22
3131	106	6	55.49
108	794	3	11.88
101	299	7	12.52
2662	13	3	17.26
2	635	24	206.92
7324	947	3	55.88
98	5978	3	17.43
304	246	5	45.75
101	753	6	19.65
2442	125	4	40.35
1255	105	6	33.17
108	110	27	27.03
120	207	8	42.41
7931	205	3	45.09
756	425	3	33.76
98	427	36	209.29
425	415	7	84.18
261	513	3	28.19
673	14	7	12.72
102	948	5	21.09
131	431	6	45.55
874	3583	3	48.8
635	1198	10	165.85
13	1381	3	12.91
147	2564	3	31.16
406	14	6	4.49
790	103	5	20.05
187	101	7	4.56
109	1976	3	19.48
165	159	3	13.28
4642	105	3	21.57
2450	2121	3	51.96
413	107	17	107.98
4671	105	4	34.72
5731	109	3	30.87
2292	105	3	15.59
569	4075	3	46.3
106	1834	4	23.65
480	122	3	16.7
107	1422	3	14.85
194	146	10	68.39
119	531	3	17.16
116	109	31	95.54
397	161	4	30.89
102	625	3	7.28
106	1089	3	12.55
114	268	6	30.9
1477	103	9	63.37
103	3002	3	17.35
105	156	11	17.85
103	3138	4	26.53
3824	14	3	10.5
372	685	3	32.41
7809	105	3	26.04
98	6027	3	17.43
953	2207	3	45.3
136	561	4	29.74
561	16	3	17.56
439	570	3	32.57
2345	12	6	26.54
9	12	115	159.36
4572	12	3	13.27
1944	3317	3	52.33
733	106	4	16.11
637	14	5	5.72
111	345	4	15.6
102	5602	3	20.71
101	716	4	9.44
2187	106	6	46.53
2	9	12	4.17
98	3514	5	29.05
785	111	3	14.59
106	3887	3	21.05
3494	12	3	11.15
1789	105	10	86.83
98	1713	10	58.11
108	707	3	11.33
98	1864	6	23.74
288	102	5	9.66
102	424	4	9.22
98	4413	4	23.24
3375	14	3	9.03
102	290	8	22.4
98	4490	4	23.24
960	103	16	124.04
4550	14	4	22.65
104	151	25	67.35
101	1233	9	48.98
2670	12	3	8.53
14	3058	3	9.03
3456	171	3	36.65
693	123	3	19.08
518	111	4	18.61
3267	103	4	26.53
210	13	4	4.59
143	962	3	24.05
110	151	7	14.14
112	1981	4	31.23
279	113	3	11.35
3802	2083	3	53.91
4723	2530	3	58.04
314	103	5	11.06
1333	373	6	83.8
106	263	3	4.8
102	539	20	130.08
105	2394	4	23.74
98	4402	4	23.24
1126	106	6	35.48
977	2	4	17.59
101	1423	4	14.88
1534	109	4	26.82
1072	102	5	22.42
98	1040	16	92.99
409	105	3	5.97
104	257	5	9.04
190	305	3	21.14
98	634	24	131.21
1164	344	6	80.07
2062	14	3	6.26
98	2482	3	8.32
844	101	6	20.9
199	14	18	16.54
14	150	52	81.41
101	2765	6	38.96
112	1725	4	30.15
149	672	3	22.73
2182	1378	3	47.47
815	101	3	5.98
111	812	5	29.83
110	401	5	22.55
1521	12	4	9.88
12	818	6	11.82
108	899	4	19.1
103	1347	3	11.82
2354	12	3	7.62
113	1966	3	23.2
136	12	42	44.54
737	164	7	72.59
14	710	5	6.41
12	234	9	4.66
98	1397	12	69.74
603	103	24	186.13
3433	103	5	37.27
98	197	87	408.63
2	3600	3	20.2
101	1782	4	16.6
705	9	3	17.11
131	133	3	7
1817	102	3	13.17
273	109	14	80.05
131	267	5	30.47
103	6595	3	25.59
107	296	6	19.16
1622	212	3	32.78
112	532	3	13.39
397	164	4	31.37
575	534	4	47.31
116	302	10	67.29
107	498	3	8.8
117	827	3	19.31
103	331	10	37.26
106	769	4	16.48
106	717	3	10.32
106	650	3	9.83
114	449	3	14.6
787	299	3	31.6
364	1352	3	36.3
104	903	3	9.52
12	486	17	56.11
12	410	34	175.1
109	932	6	38.97
153	101	12	7.88
2433	667	7	127.4
98	6014	3	17.43
102	1638	3	12.53
1816	5201	4	80.37
14	967	4	5.68
2237	99	6	26.09
139	128	5	16.32
166	383	4	31.61
394	150	3	19.75
293	108	4	10.45
4368	14	3	12.61
101	4518	3	17.87
2	699	19	149.24
104	5595	4	34.19
98	6119	3	17.43
98	5967	3	17.43
3559	113	5	57.72
112	181	4	9.08
103	227	4	4.43
126	204	3	10.82
4156	12	5	29.43
120	210	5	22.18
174	128	3	10.4
134	897	13	147.61
101	2021	6	33.34
710	102	3	7.97
105	216	5	7.37
188	1466	3	30.76
102	4558	4	33.57
114	284	3	11.6
2811	344	4	57.09
108	1132	4	21.2
5319	470	4	69.2
1633	14	5	13.88
504	754	7	95.23
536	14	7	9.83
101	2342	3	11.98
340	738	6	74.49
101	2206	5	26.77
12	3066	5	24.13
13	176	5	5.14
98	5922	3	17.43
289	105	6	15.06
1282	105	13	112.89
108	371	4	12.62
12	207	27	50.76
238	171	4	26.62
122	387	3	15.53
222	271	6	53.48
469	12	11	24.44
13	800	7	35.96
269	102	4	5.77
98	1889	8	40.32
12	835	10	32.23
638	108	3	10.82
1184	14	7	21.07
101	488	19	97.14
2359	14	3	7.01
109	136	8	14.56
101	6573	3	22.32
101	412	4	5.86
468	461	3	31.52
114	615	3	16.42
2134	4404	3	57.02
924	178	3	27.45
107	771	4	17.05
106	416	5	17.56
103	735	3	8.34
98	4385	4	23.24
7416	105	3	26.04
771	12	15	61.55
6892	7403	3	72.1
4106	103	3	18.91
265	14	61	335.53
921	16	4	29.98
176	203	4	24.63
865	107	4	18.3
98	3494	5	29.05
3185	2558	4	76.63
2704	12	6	29.69
101	3049	3	14.15
147	145	8	40.49
105	950	5	22.47
98	819	20	116.24
98	667	4	3.87
525	152	4	31.07
101	1244	4	13.5
98	4515	4	23.24
291	107	4	9.71
98	2460	6	29.24
139	1835	3	27.55
1673	105	7	46.45
340	2	4	9.62
3907	105	3	19.36
1271	14	6	16.88
1400	104	3	12.4
1034	743	10	164.77
1284	103	3	11.82
712	101	3	5.49
110	229	4	10.71
105	2050	3	14.74
7991	103	3	25.59
917	551	4	51.5
506	2450	5	78.95
204	107	4	5.69
138	579	15	160.59
2648	105	6	46.37
98	4380	4	23.24
102	401	6	17.87
112	607	4	21.42
102	505	4	10.31
5364	101	3	17.87
98	922	18	104.61
141	229	3	14.46
104	476	3	6.38
222	1671	6	77.5
4084	105	4	29.74
520	441	3	31.92
8	5607	3	34.81
98	351	40	206.2
13	4065	5	44.55
12	1141	3	3.95
1026	12	4	6.4
105	135	20	40.35
209	147	15	121.4
1232	12	3	4.3
146	1514	4	39.48
101	620	3	4.85
109	1082	5	31.7
8030	14	3	16.98
156	431	11	109.61
98	6100	3	17.43
233	279	30	398.59
784	14	5	7.2
101	2329	3	11.98
131	1363	6	59.97
98	5793	3	17.43
98	5741	3	17.43
12	3077	3	9.67
1740	106	3	15.66
173	484	7	67.56
102	3277	4	25.99
557	149	3	21.54
12	196	13	7.4
101	1712	10	74.43
114	109	9	7.12
140	123	3	5.76
160	1127	3	27.34
4859	12	3	13.27
1865	14	3	6.26
102	711	3	7.97
352	14	14	27.87
131	297	27	275.16
103	2761	5	34.33
7595	101	3	22.32
103	4784	3	21.12
105	422	5	14.94
121	640	3	18.35
813	14	11	34.43
114	204	3	8.46
2087	115	6	60.03
104	693	3	8.15
117	1101	6	51.19
107	221	6	14.58
6495	105	3	26.04
107	119	47	156.17
131	142	3	7.73
116	223	6	28.79
365	362	3	28.6
2168	12	4	12.89
899	110	3	14.83
3053	12	3	9.67
105	4118	3	19.36
98	5960	3	17.43
13	312	3	4.84
98	5892	3	17.43
103	1346	10	71.35
4378	2	4	35.84
116	1565	9	96.85
287	12	8	6.16
696	164	6	59.37
112	1168	4	26.25
98	1526	10	51.52
166	101	10	8.84
12	115	38	6.12
2694	14	3	7.91
120	1137	3	21.6
108	260	3	5.52
1954	1232	4	64.72
3497	1704	3	53.15
2812	14	3	7.91
107	1138	3	13.39
1261	105	9	60.02
98	6149	3	17.43
4770	12	3	13.27
13	394	3	6.41
98	2870	3	9.45
944	109	5	30.33
1084	12	5	10.75
3877	2	3	20.2
126	110	6	5.39
106	639	6	28.31
4752	269	3	43.68
106	698	4	16.11
2422	161	3	32.9
1131	12	3	3.95
2409	14	4	12.04
12	1202	4	7.88
332	101	5	7.24
105	222	6	10.9
2192	152	4	43.5
102	2336	5	31.47
101	2119	5	26.77
102	2200	5	31.47
2077	14	3	6.26
112	715	3	15.03
102	356	3	4.52
171	150	60	651.16
98	4351	3	13.05
145	581	3	21.36
112	2552	6	59.62
1601	12	3	5.63
213	316	3	22.95
98	971	11	42.52
522	12	6	7.56
101	276	15	47.45
101	5170	3	17.87
98	3632	4	18.35
98	3580	3	10.93
98	5703	3	17.43
2338	14	4	12.04
102	1506	4	18.54
743	104	3	8.65
671	152	4	32.99
107	1952	3	16.84
3540	12	3	11.15
101	582	13	58.82
110	377	3	10.18
355	12	8	9.27
368	168	6	52.09
231	107	3	4.13
101	4098	4	24.81
168	122	5	18.95
102	238	4	4.41
113	310	8	47.7
2908	2148	3	53.2
139	2752	4	43.46
474	111	16	123.35
2111	203	3	34.51
98	5743	3	17.43
246	1586	3	34.45
1886	3603	4	76.46
107	1380	3	14.32
424	12	7	8.56
112	1233	5	36.28
116	1556	11	131.16
98	2956	6	34.86
159	102	7	5.6
202	2826	5	66.78
116	184	4	13.16
261	117	4	18.56
165	127	4	15.3
3560	4523	3	60.87
1915	14	5	16.43
3360	106	3	19.48
105	113	39	68.25
98	567	26	136.94
12	1307	9	37.37
105	229	4	4.95
115	672	4	26.11
111	1193	5	34.56
102	4194	4	28.6
98	2873	6	34.86
103	138	20	38.35
5171	12	3	13.27
1674	12	5	14.92
115	3370	3	27.42
98	6074	3	17.43
12	368	6	4.57
98	1278	13	75.55
108	320	4	11.14
111	424	4	17.16
119	148	22	129.83
7956	14	3	16.98
1252	111	4	25.52
3460	103	3	18.91
98	5700	3	17.43
98	3569	4	18.35
2725	275	3	38.93
103	1927	3	14.3
403	13	3	6.41
309	121	10	70.62
230	648	3	28.34
3320	12	5	24.13
103	2621	5	34.33
156	3647	3	35.1
597	2	12	70.82
396	164	3	21.72
141	135	3	7.99
101	5771	3	22.32
529	103	14	78.46
106	330	4	10.32
101	5943	3	22.32
98	4366	3	13.05
2485	14	3	7.91
98	4418	4	23.24
117	124	53	342.02
326	474	3	29.44
1319	104	3	11.88
102	244	44	276.41
98	2498	6	29.24
2639	14	3	7.91
13	1932	4	23.39
392	14	9	12.07
98	2446	3	8.32
113	246	14	92.14
4329	2931	3	59.28
101	1206	3	8.31
98	821	20	116.24
121	128	3	4.39
275	12	8	5.97
109	157	5	8.41
118	235	5	23.94
223	1018	9	116.05
671	258	3	29.62
5505	120	3	32.06
1479	14	3	4.58
318	124	8	55.26
106	4004	3	21.05
124	393	6	40.84
788	14	21	118.92
195	583	4	36.68
2388	102	5	31.47
340	12	6	4.03
2802	1055	4	66.28
98	4574	4	23.24
98	4522	3	13.05
217	105	6	10.78
1644	102	3	12.53
3631	2	5	44.81
2569	14	3	7.91
458	14	13	30.1
1158	101	3	7.9
1653	106	5	31.2
98	668	22	114.33
356	1074	3	34.76
119	1766	5	47.09
107	2377	4	26.57
295	101	5	6.01
2190	1967	3	50.06
200	104	9	18.36
717	14	5	6.41
98	2142	8	46.49
262	119	3	12.6
1009	147	5	47.33
4010	12	3	11.15
103	1946	6	39.81
98	5653	3	17.43
106	1560	3	15.01
193	12	13	7.11
1779	102	3	13.17
435	2033	4	56.35
110	120	7	6.35
101	220	6	5.24
568	2946	4	63.23
102	7938	3	25.18
212	7279	3	45.66
153	276	3	17.51
98	1185	13	68.46
108	107	60	87.3
98	1109	13	63.99
108	155	6	7.29
1762	210	3	33.25
655	12	4	3.84
144	190	3	12.79
997	14	7	17.81
126	136	3	5.99
3325	14	3	9.03
107	445	7	31.27
103	301	4	6.89
106	873	7	39.97
102	645	3	7.5
1358	14	3	4.15
530	101	3	4.14
107	195	4	5.27
98	2909	5	23.76
13	7593	3	26.72
2	3631	5	44.81
1517	924	5	78.63
598	105	3	7.83
156	3805	4	50.79
237	125	3	12.35
492	105	3	6.89
101	1057	9	45.39
1846	12	3	6.2
3290	102	3	16.95
123	102	16	12.67
12	191	82	356.38
98	1516	7	26.71
3124	14	3	9.03
260	103	5	9.09
98	5846	3	17.43
98	5906	3	17.43
1323	14	3	4.15
98	5802	3	17.43
807	12	5	8.11
270	783	3	30.96
102	4288	4	28.6
105	151	9	9.54
2830	105	4	25.24
103	172	9	14.43
98	6032	3	17.43
356	3791	3	43.47
2287	102	3	14.74
177	4706	4	58.17
101	807	12	61.07
12	464	30	152.48
98	1188	9	34.61
215	107	4	6.65
111	214	3	6.33
115	1659	3	22.87
7903	16	3	36.74
3405	14	3	9.03
177	14	31	45.19
1125	14	4	6.59
206	14	24	35.35
650	817	7	99.99
98	2914	5	23.76
107	148	23	75.49
3355	103	3	17.35
6916	14	3	16.98
7322	105	3	26.04
1247	102	7	39.56
1387	105	7	42.98
102	2624	3	15.74
176	1229	3	29.07
221	157	8	59.65
117	357	10	73.62
113	267	15	105.67
5559	105	4	34.72
345	164	5	40.09
121	104	36	74.48
12	1921	3	6.85
478	103	4	10.56
101	1320	8	42.46
857	711	4	52.57
3461	14	3	10.5
2869	14	3	9.03
98	8016	3	17.43
861	101	3	6.53
98	1902	7	31.37
532	14	5	4.31
102	3698	4	28.6
14	3041	3	9.03
3697	106	4	32.01
814	2280	4	62.29
102	3910	3	18.51
5190	214	3	41.43
171	1192	4	41.12
101	2859	4	22.22
14	99	9381	61045.4
98	3599	5	29.05
98	3547	5	29.05
122	123	7	17.49
1339	12	3	4.7
98	3495	4	18.35
2194	12	4	12.89
148	157	16	113.32
2969	1290	5	92.33
1998	12	3	6.85
528	102	3	6.49
1180	105	3	11.78
809	470	7	95.07
775	14	6	10.66
109	449	3	10.76
101	246	5	4.37
661	5755	3	54.02
115	186	3	8.41
14	4068	3	10.5
128	101	26	30.65
98	4396	3	13.05
98	2145	8	46.49
3633	5585	4	88.83
327	110	3	9.16
101	3810	3	15.69
102	4701	3	20.71
668	102	3	7.73
98	1031	15	79.8
106	323	4	10.02
102	372	3	4.75
405	14	39	220.91
98	2160	8	46.49
482	258	3	27.61
2141	104	5	32.24
4797	101	3	17.87
103	845	3	9.16
102	1131	3	10.53
1890	104	4	21.97
157	101	9	4.64
4426	14	3	12.61
820	103	10	57.87
98	3512	5	29.05
427	4920	4	68.72
98	5687	3	17.43
4672	105	4	34.72
98	1715	9	45.91
12	856	4	5.26
465	2681	5	78.29
101	462	6	14.33
111	600	4	19.76
109	110	22	26.38
1256	105	3	11.78
172	12	22	22.23
427	189	15	174
2930	104	3	17.41
1520	14	11	62.28
802	106	3	10.87
235	115	3	10.75
266	1455	3	34.69
210	104	6	9.03
13	702	3	9.38
292	303	21	275.75
1291	192	4	43.36
833	106	4	17.29
685	103	5	18.62
98	2493	6	29.24
1083	12	4	6.85
296	105	3	4.03
203	12	34	78.44
103	2371	3	15.14
3667	105	4	29.74
103	439	9	37.61
612	12	5	6.25
101	3524	3	15.69
4690	2	3	22.41
112	381	4	17.86
98	339	10	13.99
98	264	56	286.91
152	2106	3	30.34
129	165	6	28.06
101	1743	9	60.53
1684	104	3	13.62
98	1408	7	24.94
118	684	4	26.95
109	615	3	12.54
98	5944	3	17.43
555	147	3	21.48
1852	105	3	14.01
102	2079	3	13.9
112	1152	7	55.59
374	12	8	10.19
1431	12	3	5.14
6199	105	3	26.04
102	1643	8	54.35
272	1924	5	68.28
98	1287	12	62.8
101	770	5	14.46
153	160	3	11.58
105	106	86	102.52
184	402	13	142.37
103	338	5	11.98
131	379	12	106.57
101	3208	4	22.22
98	2872	6	34.86
122	2016	5	48.8
131	504	3	19.09
1391	124	3	23.78
106	836	4	17.29
216	13	4	5.2
98	568	8	15.23
5261	105	3	21.57
108	151	7	9.56
407	12	11	21.39
1399	12	3	5.14
2007	102	8	60.91
1060	189	3	28.82
3789	12	3	11.15
162	106	5	5.25
542	101	6	15.8
139	145	4	13.59
58	14	18	39.71
104	3587	4	29.22
3356	103	4	26.53
424	101	6	13.37
1128	14	4	6.59
223	402	4	36.01
12	219	80	439.79
492	1421	3	38.7
98	1414	7	24.94
107	3750	4	32.6
195	940	4	40.56
101	953	3	6.84
6142	12	3	17.66
254	178	3	19.15
12	1441	8	32.25
705	12	5	7.3
598	147	7	64.27
1809	1663	6	107.27
113	806	3	17.51
102	2965	6	50.36
2324	124	4	38.58
1583	14	3	5.07
103	2245	5	32.15
98	820	17	82.23
155	931	9	98.94
337	119	5	29.27
487	107	3	8.63
102	168	8	10.27
106	380	3	7.16
101	2672	5	28.93
1354	105	11	84.4
112	1786	4	30.15
138	12	45	52.66
2380	12	6	26.54
133	124	9	34.75
101	596	4	8.24
1700	5836	3	59.88
146	1730	3	28.2
118	234	3	11.28
109	358	3	9.44
462	1074	5	66.79
103	3385	4	26.53
218	104	6	10.25
142	303	3	17.08
912	162	9	103.5
101	3081	3	14.15
101	5104	4	29.76
262	1543	3	35
1009	105	7	38
7933	105	3	26.04
98	3526	5	29.05
3107	12	3	9.67
106	278	3	5.21
103	6837	3	25.59
376	14	12	21.9
98	973	17	98.8
105	732	3	8.75
1827	14	4	9.91
98	2143	6	26.09
131	7006	3	38.92
101	3752	3	15.69
295	12	7	4.31
619	6180	3	53.5
12	1107	4	6.85
110	223	3	6.29
98	1694	6	21.85
2825	834	4	64.26
118	501	3	16.58
1774	107	7	53.62
2160	12	3	7.62
805	14	5	7.2
98	3629	5	29.05
137	115	4	8
2523	14	3	7.91
101	2988	3	14.15
103	1623	8	55.44
243	642	3	28.83
101	2657	6	38.96
906	111	14	125.91
149	629	4	32.1
12	639	6	9.82
98	1872	4	11.44
468	1139	3	36.8
143	600	4	31.07
111	641	3	13.51
102	3828	4	28.6
133	110	7	11.33
109	153	7	13.73
534	2	5	18.34
2698	102	4	24.1
3610	974	3	49.53
98	669	21	104.31
101	1242	5	19.4
134	322	11	92.26
415	13	3	6.55
119	1325	4	32.73
294	263	4	35.25
3340	14	3	9.03
1219	14	4	7.11
98	248	60	296.52
640	12	6	9.82
112	500	12	88.62
103	494	5	15.67
882	102	6	27.06
287	149	3	17.38
1074	573	4	52.87
156	117	4	10.97
1287	203	3	31.06
304	545	4	42.06
111	188	3	4.94
102	5390	3	20.71
12	130	137	434.27
118	656	4	26.6
4310	124	3	32.74
364	549	5	57.5
133	991	4	34.05
4066	14	4	17.76
2414	111	4	31.12
5170	2988	3	59.28
12	442	16	48
183	326	5	41.08
102	1738	6	37.02
3423	105	5	38.02
98	6058	3	17.43
156	469	12	123.83
102	900	4	14.47
773	12	4	4.63
365	269	3	26.44
475	235	7	75.37
197	151	10	70.5
246	418	4	37.84
171	673	7	72.47
101	2004	3	11.16
3091	103	3	17.35
1341	14	3	4.15
105	275	5	10.73
766	124	18	203.31
135	106	7	5.67
13	4127	4	30.65
103	5082	4	34.12
878	14	4	4.91
315	161	4	28.66
1752	12	3	6.2
821	245	8	99.91
111	215	3	6.39
4660	106	4	36.99
616	321	3	30.82
12	263	14	20.98
2013	106	4	24.72
12	213	10	4.61
123	116	8	19.64
1887	14	3	6.26
98	174	122	645.68
1879	3534	5	102.69
98	292	53	285.14
106	1075	5	26.58
549	942	4	51.5
7045	105	3	26.04
98	2915	6	34.86
107	209	10	31.4
112	117	37	153.13
102	2368	4	22.6
2297	14	3	7.01
115	695	4	26.11
98	426	10	18.5
152	1684	3	28.72
102	3592	3	18.51
101	670	5	13.57
1160	103	4	17.03
1613	120	3	23.7
677	104	3	8.15
98	1187	3	4.12
112	1391	3	19.25
102	1659	5	26.99
107	1170	3	13.39
278	543	3	29.21
176	646	4	36.22
3166	105	5	38.02
98	1699	8	36.7
2746	102	3	15.74
642	103	3	7.86
1561	14	6	19.42
111	4284	3	24.92
1168	578	3	38.02
7080	103	3	25.59
98	2144	7	34.76
102	590	3	7.07
1742	14	3	5.62
245	268	3	23.45
141	243	3	15.08
867	623	3	36.93
1171	162	4	40.21
376	189	5	43.48
147	128	3	7.85
1230	105	11	81.04
2173	110	4	30.59
478	102	3	5.98
4047	12	4	18.65
104	307	3	3.9
2240	12	4	12.89
113	192	5	17.61
98	2477	6	29.24
1474	14	3	4.58
1110	2137	6	106.7
725	14	6	9.63
115	3953	5	59.55
8	101	23	5.81
393	14	15	35.05
982	101	3	7.17
758	14	4	3.97
98	1903	7	31.37
109	198	5	12.41
2405	469	5	76.08
133	157	3	9.81
109	123	8	9.07
2211	12	3	7.62
657	102	3	7.5
305	12	8	6.77
102	1445	3	11.95
138	295	5	32.64
122	434	6	41.09
98	2122	3	7.41
118	283	4	19.63
172	101	15	23.72
837	103	3	9.16
6492	2358	3	61.52
570	13	3	8.24
102	223	6	9.61
1263	12	3	4.3
14	1588	5	13.88
168	109	5	10.2
98	2416	8	46.49
2916	109	6	61.75
113	177	6	21.51
106	207	5	8.49
1113	12	3	3.95
102	473	3	5.98
186	12	21	23.91
1098	12	11	45.43
4520	105	4	34.72
98	4336	4	23.24
1517	190	4	44.62
689	14	7	12.72
322	101	5	6.9
5476	101	3	17.87
98	1716	10	58.11
573	14	5	4.83
334	109	4	14.3
98	3511	4	18.35
5912	3508	3	65.37
459	164	7	65.55
113	1310	4	30.18
108	125	16	28.57
5959	2158	3	61.52
116	4134	3	29
512	12	8	14.18
104	1673	3	12.98
13	378	25	168.49
3960	103	3	18.91
107	1121	4	20.39
3322	14	3	9.03
13	529	3	7.85
2332	14	3	7.01
4701	14	3	12.61
470	104	3	6.22
346	101	7	15.05
1606	124	4	35.27
113	876	16	168.47
105	239	6	11.94
105	107	43	16.59
101	2042	8	53.31
102	2321	3	14.74
5276	105	3	21.57
98	131	255	1322.04
728	12	4	4.35
237	107	3	4.19
361	12	9	12.54
4464	14	4	22.65
98	2930	3	9.45
1233	106	3	13.41
101	3567	5	37.21
2118	41	3	61.52
223	376	8	83.5
101	2361	5	26.77
98	1407	11	57.15
1038	2066	3	45.2
102	5420	3	20.71
125	151	3	6.96
102	184	6	6.17
6377	105	3	26.04
98	2431	5	20.9
326	107	7	26.36
935	14	6	12.51
141	574	4	30.24
1270	14	3	4.15
101	400	22	111.2
330	103	18	90.95
676	101	6	18.54
98	1905	7	31.37
399	120	3	15.57
103	3503	5	42.65
1645	105	9	67.76
3208	3778	3	57.05
1379	105	5	26.29
148	214	3	14.79
138	534	3	20.26
13	7039	3	26.72
314	102	10	34.31
5335	105	4	34.72
98	3510	5	29.05
106	3823	3	21.05
798	101	3	5.98
1107	103	3	10.51
1917	106	3	16.4
108	779	4	18.24
2304	14	3	7.01
1053	14	4	6.11
106	2957	4	29.39
134	373	13	120.14
141	320	3	17.15
98	1041	14	69.53
112	837	3	15.9
2537	105	5	35.08
207	107	7	16.88
6571	99	3	17.43
3334	12	3	9.67
1699	103	7	47.58
107	497	4	13.98
126	156	3	7.84
103	199	6	8.07
2507	14	3	7.91
659	451	3	33.55
503	103	5	15.67
304	323	5	49.26
102	1757	4	20.29
9	104	40	69.39
111	2645	4	32.64
778	13	3	9.92
353	102	10	37.81
1021	12	10	36.59
109	881	3	14.48
102	3610	5	41.97
123	128	6	16.73
123	196	3	10.09
108	385	3	8.11
12	309	13	21.36
98	1398	11	57.15
111	109	19	20.52
289	147	12	104.8
254	12	9	6.21
13	266	3	4.16
1999	104	3	14.35
3937	101	4	24.81
1436	14	4	8.34
126	358	3	15.71
170	227	4	26.11
12	1509	4	9.14
868	12	4	5.61
114	198	14	81.14
140	109	12	30.74
2519	441	3	42.07
98	2924	4	15.83
140	204	3	13.04
114	183	5	17.11
321	104	4	7.6
224	262	4	31.89
448	14	8	10.95
1898	104	3	14.35
103	4841	3	21.12
106	3477	3	21.05
12	249	59	291.6
188	525	3	24.78
123	115	13	43.62
4383	14	3	12.61
1409	14	4	8.34
4979	16	4	48.99
139	366	15	143.94
101	2131	8	59.54
107	7679	3	28.19
2270	105	7	54.77
3363	12	4	16.12
98	6042	3	17.43
111	404	4	16.74
229	204	4	28.48
101	741	13	67.43
329	101	13	42.4
121	1769	9	103.44
1618	14	3	5.07
114	433	10	74.02
13	6182	3	26.72
377	361	3	28.89
107	4877	3	23.7
101	3227	3	14.15
1167	12	3	3.95
103	226	18	69.11
162	3185	3	34.38
633	162	3	24.38
141	107	20	54.41
1234	14	5	11.15
105	2546	3	16.58
98	2159	7	34.76
1213	103	3	11.35
327	122	3	14.31
272	106	4	8.7
106	6253	3	27.74
102	587	13	72.18
220	720	6	66.27
122	188	3	9.32
122	136	4	9.09
2	264	3	4.2
2848	124	4	42.03
5607	9	3	34.81
101	3108	6	44.65
781	519	3	35.17
110	239	3	6.76
473	302	4	40.8
98	1888	8	40.32
170	3248	3	35.06
138	277	3	16.23
359	124	12	98.44
375	104	3	5.24
98	2466	7	40.68
873	14	5	8.11
112	993	3	16.94
107	2617	3	18.7
252	441	3	27.06
1833	12	8	37.3
101	7389	3	22.32
381	12	7	7.68
921	14	5	8.62
98	3616	5	29.05
102	1163	5	23.17
101	3099	4	22.22
299	14	9	7.52
179	2247	3	33.12
14	2845	4	15.25
98	863	19	110.43
103	4565	3	21.12
102	2762	4	24.1
134	390	38	488.76
4556	103	4	34.12
101	3689	3	15.69
660	152	3	22.88
2	1591	3	14.17
130	145	3	7.83
918	592	3	37.05
98	4456	4	23.24
595	108	7	36.66
98	666	23	125.48
823	109	6	37.48
154	107	12	25.87
102	3071	6	50.36
101	1199	4	13.5
188	965	3	28.42
2430	12	3	8.53
111	843	5	30.38
101	482	6	14.68
5838	106	3	27.74
1154	14	5	10.43
502	14	5	3.85
103	4071	4	29.14
12	129	276	1504.15
3281	2578	3	54.22
12	2992	4	16.12
12	3076	6	35.32
4139	4796	3	60.87
1186	12	3	4.3
150	3117	4	46.82
904	101	3	6.53
2856	14	3	9.03
120	192	16	104.35
738	14	4	3.97
1709	13	4	22.31
180	119	3	8.7
325	110	3	9.16
391	239	3	25.55
221	933	4	42.61
169	121	7	31.08
380	161	5	40.73
126	123	6	14.71
103	307	10	34.81
13	1259	4	19.12
107	383	7	29.29
101	2413	5	26.77
1968	12	4	11.72
234	245	4	31.67
1215	550	3	38.27
98	1119	11	46.98
769	14	5	6.79
188	321	3	21.61
339	104	3	4.67
304	330	4	37.8
102	1840	5	28.25
12	432	11	23.15
108	216	4	7.41
209	105	5	6.5
101	787	3	5.98
105	223	4	4.73
12	1305	4	8.47
102	2285	3	14.74
120	177	4	13.65
7604	105	3	26.04
3071	12	4	16.12
1188	1095	3	42.11
98	2871	5	23.76
311	104	3	3.99
112	206	11	51.56
101	3329	4	22.22
13	1485	5	28.41
159	158	7	40.68
246	152	4	24.05
2245	111	5	42.17
2	1693	9	74.19
102	6757	3	25.18
537	14	6	6.86
2291	12	5	19.17
1554	1103	6	99.56
313	648	3	30.83
12	232	59	263.06
98	1525	10	51.52
12	180	126	731.65
4774	99	4	23.24
12	114	497	2620.8
462	298	8	93.56
101	1042	3	7.52
212	1436	3	32.17
111	226	7	26.76
4417	1703	3	55.38
2918	12	3	9.67
98	5809	3	17.43
98	5961	3	17.43
16	141	3	5.52
233	115	3	10.68
360	506	3	30.44
109	167	4	6.61
102	3666	3	18.51
1434	101	4	14.88
7948	103	3	25.59
2323	14	3	7.01
275	13	3	4.4
6939	14	3	16.98
1460	105	12	104.2
199	16	3	9.99
647	12	6	9.82
127	107	7	4.63
859	164	3	26.26
2618	105	6	46.37
112	1091	5	34.67
98	4471	4	23.24
107	680	5	22.76
134	301	10	79.61
103	2250	4	23.14
607	124	9	78.38
107	2403	4	26.57
2092	14	4	10.89
134	417	4	27.31
190	361	4	32.47
2474	101	4	20.35
491	101	5	10.79
1315	14	3	4.15
115	238	3	10.82
98	970	15	75.08
3430	105	3	17.8
106	340	3	6.41
639	105	3	8.27
103	760	8	39.8
1610	105	11	95.51
101	3078	3	14.15
764	12	4	4.63
98	3527	4	18.35
1449	12	3	5.14
124	13	11	7.39
101	328	14	47.92
7022	461	3	51.81
101	277	9	19.32
651	244	5	53.88
1830	124	5	48.24
