7924	1
3764	2
21	3
7582	4
5507	5
3013	6
1383	7
2009	8
170	9
406	10
657	11
2394	12
8237	13
5622	14
2625	15
336	16
4548	17
170	18
7910	19
4541	20
6530	21
2473	22
5693	23
318	24
8238	25
1145	26
3684	27
20	28
8645	29
8059	30
280	31
6079	32
4879	33
7638	34
3964	35
74	36
4597	37
3723	38
563	39
7966	40
5460	41
4015	42
341	43
7036	44
7914	45
4098	46
5305	47
1534	48
2676	49
4128	50
6148	51
8644	52
6766	53
4984	54
5595	55
5782	56
2769	57
3824	58
8972	59
5688	60
5179	61
8500	62
1910	63
8446	64
1149	65
4353	66
6304	67
4291	68
2123	69
5903	70
6145	71
5458	72
636	73
8759	74
4300	75
2131	76
558	77
8321	78
4754	79
5541	80
1084	81
6121	82
47	83
2481	84
7840	85
5481	86
138	87
1722	88
8310	89
5846	90
3496	91
3088	92
1798	93
42	94
185	95
7474	96
4569	97
5899	98
4449	99
4155	100
6192	101
8574	102
569	103
4148	104
7837	105
4794	106
3190	107
4032	108
2907	109
311	110
3571	111
4646	112
2226	113
7222	114
2652	115
3492	116
458	117
6482	118
7860	119
1592	120
8711	121
8734	122
450	123
4677	124
2834	125
4536	126
1856	127
832	128
7954	129
2458	130
1811	131
6494	132
6467	133
8139	134
3504	135
5279	136
3037	137
4129	138
716	139
906	140
5543	141
8965	142
3315	143
6830	144
9024	145
3265	146
7352	147
295	148
459	149
3068	150
5173	151
27	152
3277	153
5309	154
3173	155
4659	156
3687	157
3402	158
1296	159
4506	160
7224	161
168	162
944	163
7290	164
7153	165
1049	166
73	167
1907	168
167	169
4785	170
3822	171
6395	172
1001	173
551	174
4660	175
3105	176
6677	177
169	178
2451	179
2700	180
8240	181
8108	182
3961	183
1932	184
3559	185
3154	186
6597	187
3514	188
2949	189
1259	190
5232	191
7428	192
3326	193
8369	194
2166	195
7046	196
4218	197
6268	198
190	199
3336	200
7964	201
8383	202
6484	203
97	204
7029	205
2171	206
4375	207
8505	208
6062	209
7836	210
3939	211
6632	212
1794	213
1489	214
612	215
6380	216
681	217
7755	218
781	219
3406	220
8313	221
181	222
6052	223
262	224
1904	225
774	226
1598	227
546	228
1713	229
6480	230
8939	231
4028	232
3887	233
4313	234
35	235
3690	236
5216	237
2759	238
3024	239
3551	240
585	241
6436	242
1378	243
847	244
8006	245
1210	246
2871	247
2389	248
8072	249
6453	250
7410	251
1373	252
4048	253
6974	254
3953	255
4761	256
7098	257
4865	258
6626	259
78	260
7650	261
5092	262
519	263
4835	264
3160	265
4013	266
5687	267
7130	268
2928	269
6075	270
3816	271
2121	272
3932	273
7044	274
5000	275
303	276
3994	277
5920	278
7239	279
745	280
111	281
4485	282
6750	283
8296	284
5613	285
4401	286
2372	287
6113	288
2814	289
8780	290
6244	291
2025	292
543	293
7708	294
5646	295
5464	296
8003	297
852	298
7643	299
1081	300
8766	301
747	302
7894	303
8475	304
7535	305
288	306
1979	307
7900	308
7825	309
514	310
8118	311
1086	312
3082	313
3501	314
2617	315
5214	316
4740	317
2717	318
2416	319
4152	320
1927	321
4678	322
6472	323
5702	324
1654	325
3722	326
459	327
4990	328
6055	329
2193	330
6558	331
2566	332
4682	333
1365	334
5811	335
7054	336
1780	337
58	338
2630	339
7877	340
6019	341
5134	342
4420	343
1528	344
1482	345
5996	346
281	347
1447	348
625	349
290	350
715	351
818	352
2420	353
5029	354
6793	355
5973	356
6167	357
5618	358
5103	359
3244	360
7028	361
5597	362
4234	363
8514	364
557	365
7149	366
878	367
3759	368
981	369
3742	370
804	371
450	372
7887	373
693	374
5467	375
2559	376
4983	377
6099	378
4457	379
1687	380
794	381
3147	382
5315	383
917	384
682	385
2899	386
4393	387
8867	388
1	389
4501	390
1885	391
2730	392
52	393
2978	394
862	395
8394	396
7341	397
493	398
8702	399
2576	400
2135	401
2116	402
1601	403
2399	404
5976	405
6123	406
4448	407
5593	408
5226	409
3319	410
6478	411
2234	412
77	413
2282	414
1846	415
8182	416
5890	417
7541	418
7333	419
8385	420
9025	421
538	422
759	423
161	424
3611	425
8934	426
8400	427
3185	428
197	429
7326	430
8248	431
4261	432
2374	433
8406	434
2663	435
4014	436
6763	437
2241	438
3125	439
8312	440
661	441
8865	442
1410	443
125	444
434	445
7	446
5855	447
2257	448
4914	449
4194	450
3650	451
962	452
3940	453
4406	454
6316	455
402	456
5182	457
3337	458
2778	459
6711	460
5003	461
3616	462
8098	463
3184	464
1626	465
7990	466
4417	467
6230	468
2505	469
8611	470
96	471
6150	472
8680	473
1170	474
1025	475
6539	476
589	477
7219	478
3563	479
2623	480
4255	481
5638	482
4298	483
2038	484
7765	485
8686	486
3900	487
7926	488
5263	489
2020	490
5138	491
4833	492
6004	493
3411	494
195	495
5951	496
4030	497
4808	498
1106	499
504	500
6819	501
1229	502
1617	503
1506	504
667	505
4174	506
838	507
5246	508
395	509
6134	510
4550	511
1608	512
3288	513
4911	514
234	515
6080	516
5366	517
1258	518
7113	519
4889	520
7191	521
2330	522
296	523
5520	524
6834	525
4811	526
951	527
3829	528
306	529
1849	530
8851	531
6197	532
6133	533
454	534
5038	535
7698	536
4820	537
4243	538
6514	539
5222	540
3393	541
853	542
7633	543
5128	544
1568	545
845	546
8466	547
6684	548
1189	549
491	550
680	551
4170	552
778	553
8818	554
3162	555
6051	556
5879	557
1480	558
4192	559
1353	560
6893	561
7413	562
7214	563
3171	564
8392	565
4950	566
7105	567
5202	568
1766	569
1999	570
4185	571
4807	572
628	573
3493	574
695	575
324	576
5526	577
3990	578
3334	579
398	580
588	581
8057	582
8515	583
4979	584
7911	585
7581	586
2969	587
231	588
4138	589
579	590
3029	591
2621	592
4607	593
293	594
5240	595
5828	596
3549	597
4311	598
7223	599
4851	600
4624	601
3179	602
1612	603
5493	604
7506	605
35	606
186	607
7956	608
2091	609
586	610
24	611
6232	612
82	613
5045	614
8866	615
8880	616
575	617
8004	618
8595	619
416	620
4177	621
4934	622
3418	623
1518	624
5705	625
8629	626
2351	627
242	628
1203	629
7073	630
2352	631
7531	632
1724	633
882	634
447	635
729	636
7723	637
619	638
6748	639
905	640
420	641
365	642
615	643
819	644
1588	645
69	646
522	647
5022	648
3060	649
3120	650
327	651
529	652
2152	653
5900	654
877	655
1819	656
4345	657
2809	658
4549	659
8419	660
4777	661
8320	662
980	663
1223	664
2053	665
47	666
4996	667
3851	668
4259	669
3475	670
6932	671
5140	672
5553	673
7773	674
6588	675
2122	676
585	677
8573	678
7268	679
2616	680
955	681
2386	682
3696	683
5719	684
8208	685
6804	686
4158	687
6907	688
33	689
1271	690
7750	691
4806	692
5235	693
743	694
1175	695
1711	696
7174	697
830	698
5097	699
162	700
4719	701
1529	702
2854	703
602	704
6854	705
4272	706
3779	707
4503	708
5581	709
600	710
3384	711
1370	712
4320	713
6149	714
9032	715
8113	716
7080	717
2909	718
320	719
1143	720
350	721
4880	722
3839	723
1609	724
7510	725
4670	726
1330	727
542	728
366	729
3340	730
7060	731
265	732
3015	733
5874	734
609	735
8241	736
4338	737
6257	738
1990	739
3933	740
5081	741
6383	742
7792	743
5058	744
6799	745
977	746
3767	747
8234	748
1074	749
768	750
5170	751
3956	752
4924	753
4043	754
3692	755
3176	756
4370	757
7754	758
1141	759
8523	760
4795	761
737	762
8681	763
6354	764
910	765
6430	766
8842	767
6344	768
460	769
4362	770
6144	771
117	772
522	773
8086	774
2022	775
4077	776
3417	777
2659	778
2126	779
5019	780
7525	781
2363	782
7982	783
4277	784
652	785
6516	786
6283	787
8050	788
3526	789
5287	790
6497	791
5862	792
2920	793
6179	794
7522	795
7358	796
6734	797
6026	798
8902	799
968	800
6603	801
3483	802
180	803
3310	804
6707	805
43	806
705	807
5450	808
6358	809
6732	810
8334	811
540	812
6631	813
2844	814
8089	815
1550	816
2597	817
5936	818
8642	819
4786	820
718	821
4941	822
75	823
1368	824
5352	825
2285	826
8444	827
1228	828
3776	829
3433	830
130	831
8502	832
6452	833
8794	834
8549	835
762	836
3594	837
7162	838
642	839
5133	840
4667	841
805	842
3561	843
1421	844
4906	845
5211	846
1579	847
1313	848
1928	849
8907	850
2551	851
4487	852
5445	853
177	854
2524	855
2214	856
515	857
3	858
8073	859
3456	860
704	861
6528	862
6280	863
8528	864
7983	865
8946	866
6693	867
8453	868
5813	869
7579	870
5033	871
3855	872
6091	873
6069	874
1475	875
2648	876
2039	877
4397	878
7789	879
588	880
788	881
916	882
5036	883
7617	884
3199	885
5308	886
8533	887
1460	888
5161	889
7616	890
2742	891
8071	892
4797	893
2120	894
7136	895
8442	896
8029	897
4227	898
6334	899
4497	900
357	901
1740	902
299	903
6674	904
364	905
86	906
4230	907
5656	908
523	909
4802	910
65	911
564	912
2762	913
8806	914
4961	915
8011	916
3632	917
8864	918
8084	919
8081	920
7120	921
93	922
8318	923
1729	924
7537	925
322	926
611	927
1986	928
838	929
8134	930
163	931
1969	932
6844	933
1197	934
5065	935
3755	936
7084	937
182	938
700	939
6733	940
4587	941
8282	942
7164	943
1634	944
227	945
3287	946
2017	947
266	948
4329	949
8632	950
1191	951
1562	952
8708	953
8795	954
8153	955
2480	956
4041	957
4033	958
8782	959
8382	960
810	961
7622	962
5606	963
3625	964
6768	965
2808	966
8152	967
8876	968
6822	969
5897	970
5652	971
3266	972
2653	973
445	974
3699	975
8698	976
8279	977
725	978
2206	979
2810	980
249	981
8438	982
1644	983
8345	984
2093	985
3646	986
3131	987
482	988
4193	989
637	990
1011	991
4839	992
1307	993
5425	994
396	995
9001	996
897	997
4505	998
4159	999
3720	1000
2156	1001
149	1002
7826	1003
355	1004
1753	1005
5476	1006
7056	1007
2918	1008
5378	1009
573	1010
45	1011
584	1012
1606	1013
6157	1014
5076	1015
75	1016
644	1017
2697	1018
2831	1019
8587	1020
7152	1021
2511	1022
2945	1023
5644	1024
1851	1025
2375	1026
7320	1027
5889	1028
348	1029
6132	1030
1633	1031
1581	1032
2428	1033
175	1034
1497	1035
3407	1036
237	1037
127	1038
4566	1039
1750	1040
3869	1041
607	1042
2627	1043
445	1044
8703	1045
5752	1046
5382	1047
508	1048
8755	1049
3891	1050
6778	1051
8477	1052
1150	1053
7803	1054
1882	1055
5989	1056
3376	1057
2987	1058
5009	1059
273	1060
4495	1061
6731	1062
5500	1063
7058	1064
2550	1065
7206	1066
3188	1067
288	1068
228	1069
8070	1070
3078	1071
8038	1072
1746	1073
8915	1074
494	1075
1933	1076
8052	1077
8027	1078
7209	1079
1777	1080
8183	1081
1364	1082
4555	1083
6956	1084
736	1085
2748	1086
1570	1087
109	1088
5208	1089
7364	1090
463	1091
2571	1092
6407	1093
722	1094
484	1095
19	1096
6348	1097
400	1098
1036	1099
694	1100
7184	1101
3596	1102
323	1103
2925	1104
4651	1105
3537	1106
404	1107
7589	1108
7188	1109
7133	1110
4960	1111
4628	1112
66	1113
2061	1114
93	1115
69	1116
13	1117
8094	1118
6206	1119
4972	1120
7816	1121
1567	1122
6331	1123
1038	1124
4600	1125
6189	1126
8103	1127
2516	1128
704	1129
192	1130
452	1131
380	1132
6370	1133
2570	1134
3608	1135
11	1136
8926	1137
6343	1138
5665	1139
763	1140
7706	1141
7486	1142
8588	1143
1873	1144
5338	1145
6777	1146
617	1147
4096	1148
6569	1149
5912	1150
4768	1151
7748	1152
7311	1153
2138	1154
429	1155
316	1156
423	1157
3470	1158
5002	1159
95	1160
591	1161
4724	1162
1278	1163
8294	1164
558	1165
5256	1166
4943	1167
1125	1168
7261	1169
2028	1170
563	1171
215	1172
5929	1173
1619	1174
6936	1175
5851	1176
8346	1177
4004	1178
1019	1179
7316	1180
7167	1181
7940	1182
307	1183
3305	1184
7931	1185
5841	1186
11	1187
8940	1188
8261	1189
2263	1190
784	1191
5537	1192
6261	1193
7438	1194
2827	1195
2249	1196
3520	1197
5488	1198
752	1199
325	1200
4656	1201
697	1202
2858	1203
8886	1204
380	1205
4838	1206
1789	1207
5194	1208
39	1209
5438	1210
5555	1211
6294	1212
343	1213
6226	1214
376	1215
2292	1216
179	1217
8348	1218
5833	1219
7090	1220
7148	1221
454	1222
6885	1223
7682	1224
7519	1225
7560	1226
488	1227
3973	1228
4986	1229
7799	1230
7072	1231
5319	1232
6427	1233
1080	1234
6202	1235
5159	1236
4877	1237
2999	1238
3302	1239
68	1240
8860	1241
4323	1242
6492	1243
7257	1244
279	1245
426	1246
1096	1247
1122	1248
2233	1249
1366	1250
3565	1251
2589	1252
1699	1253
2656	1254
1391	1255
6212	1256
1680	1257
8522	1258
5001	1259
114	1260
4427	1261
831	1262
398	1263
6086	1264
8096	1265
7006	1266
527	1267
2546	1268
7744	1269
5827	1270
1085	1271
203	1272
7470	1273
1180	1274
893	1275
3063	1276
8808	1277
4846	1278
7761	1279
1239	1280
5037	1281
2054	1282
383	1283
4488	1284
6461	1285
7055	1286
2811	1287
8362	1288
3765	1289
4856	1290
772	1291
1102	1292
7885	1293
3462	1294
475	1295
5	1296
3153	1297
3739	1298
429	1299
2716	1300
7093	1301
157	1302
638	1303
3427	1304
553	1305
8570	1306
6649	1307
4594	1308
7299	1309
7308	1310
2826	1311
3963	1312
1348	1313
2693	1314
5567	1315
872	1316
3614	1317
2204	1318
2300	1319
2753	1320
4068	1321
8898	1322
1508	1323
8039	1324
5845	1325
3550	1326
1440	1327
3090	1328
1132	1329
251	1330
6984	1331
2011	1332
244	1333
4	1334
8076	1335
5990	1336
7664	1337
8770	1338
6339	1339
7203	1340
406	1341
258	1342
1880	1343
4954	1344
728	1345
2258	1346
7558	1347
5836	1348
1050	1349
3919	1350
4893	1351
6445	1352
5735	1353
5758	1354
5557	1355
808	1356
7935	1357
8529	1358
3604	1359
3508	1360
3512	1361
2825	1362
8620	1363
744	1364
2495	1365
3528	1366
3672	1367
293	1368
2857	1369
3840	1370
7812	1371
8092	1372
1821	1373
2829	1374
350	1375
5480	1376
4117	1377
8567	1378
386	1379
8112	1380
3467	1381
393	1382
6599	1383
8280	1384
290	1385
184	1386
3192	1387
693	1388
3857	1389
5521	1390
6185	1391
842	1392
2998	1393
632	1394
7674	1395
921	1396
7154	1397
2875	1398
2673	1399
1663	1400
408	1401
2181	1402
8758	1403
4916	1404
6762	1405
8093	1406
5875	1407
6630	1408
7798	1409
5509	1410
5013	1411
3472	1412
6805	1413
388	1414
5914	1415
4903	1416
3255	1417
7271	1418
2884	1419
1771	1420
7429	1421
5265	1422
5227	1423
1657	1424
278	1425
6364	1426
3628	1427
7867	1428
6251	1429
1006	1430
183	1431
255	1432
3577	1433
7635	1434
6217	1435
7334	1436
5392	1437
334	1438
139	1439
4800	1440
8000	1441
5330	1442
6757	1443
1356	1444
6749	1445
3489	1446
3989	1447
4948	1448
676	1449
2539	1450
1894	1451
7228	1452
638	1453
54	1454
7668	1455
5430	1456
554	1457
5109	1458
59	1459
8151	1460
141	1461
7281	1462
619	1463
4248	1464
8219	1465
3468	1466
2950	1467
1549	1468
2514	1469
85	1470
7686	1471
2996	1472
121	1473
7848	1474
631	1475
6275	1476
5823	1477
6187	1478
5260	1479
8252	1480
3299	1481
391	1482
122	1483
6205	1484
1172	1485
6658	1486
7013	1487
3621	1488
3647	1489
4232	1490
3874	1491
635	1492
1224	1493
8723	1494
7102	1495
256	1496
4036	1497
1360	1498
409	1499
428	1500
7809	1501
302	1502
329	1503
51	1504
3323	1505
550	1506
3705	1507
3455	1508
7591	1509
7648	1510
6986	1511
688	1512
5795	1513
4489	1514
4890	1515
762	1516
6741	1517
1512	1518
7251	1519
4429	1520
2674	1521
340	1522
957	1523
2253	1524
8190	1525
691	1526
5607	1527
3665	1528
480	1529
8322	1530
4822	1531
750	1532
5738	1533
8014	1534
5864	1535
2680	1536
3089	1537
5054	1538
8370	1539
4854	1540
9008	1541
5110	1542
8298	1543
2756	1544
519	1545
4692	1546
3477	1547
379	1548
5731	1549
5249	1550
572	1551
6944	1552
7094	1553
54	1554
3047	1555
3877	1556
4165	1557
81	1558
4727	1559
4619	1560
4631	1561
377	1562
605	1563
1793	1564
3955	1565
7407	1566
3076	1567
1297	1568
767	1569
7834	1570
420	1571
3205	1572
1795	1573
850	1574
8975	1575
359	1576
919	1577
6020	1578
6176	1579
1552	1580
4219	1581
5195	1582
9004	1583
549	1584
4722	1585
5554	1586
5965	1587
8591	1588
1866	1589
25	1590
240	1591
8822	1592
637	1593
133	1594
1613	1595
4180	1596
5082	1597
8204	1598
3361	1599
892	1600
5959	1601
4460	1602
297	1603
6583	1604
309	1605
466	1606
4133	1607
3381	1608
3121	1609
3524	1610
7794	1611
8437	1612
105	1613
8350	1614
1128	1615
1234	1616
541	1617
8828	1618
4220	1619
7909	1620
4978	1621
6440	1622
3106	1623
6810	1624
506	1625
76	1626
5649	1627
1351	1628
1104	1629
25	1630
8535	1631
7450	1632
6645	1633
85	1634
6317	1635
7705	1636
2563	1637
7241	1638
2013	1639
3104	1640
7785	1641
4662	1642
4850	1643
7695	1644
6826	1645
2679	1646
2459	1647
1996	1648
1266	1649
7550	1650
8626	1651
623	1652
7929	1653
109	1654
8754	1655
8610	1656
4759	1657
5669	1658
363	1659
3246	1660
1003	1661
6790	1662
566	1663
6934	1664
8834	1665
5651	1666
1678	1667
3686	1668
2324	1669
769	1670
6460	1671
2490	1672
3544	1673
8742	1674
3238	1675
671	1676
7385	1677
5560	1678
1599	1679
1165	1680
8174	1681
6899	1682
1543	1683
78	1684
3161	1685
330	1686
2686	1687
6577	1688
2662	1689
8538	1690
1341	1691
3452	1692
1369	1693
8281	1694
2369	1695
5922	1696
728	1697
2356	1698
2341	1699
3836	1700
1469	1701
5399	1702
4462	1703
8068	1704
425	1705
1265	1706
3380	1707
4694	1708
510	1709
9006	1710
5533	1711
5190	1712
4591	1713
8805	1714
5781	1715
209	1716
1276	1717
6177	1718
5774	1719
2817	1720
4435	1721
80	1722
2888	1723
6315	1724
6831	1725
4419	1726
2639	1727
4543	1728
7169	1729
2279	1730
4368	1731
5017	1732
4609	1733
4828	1734
1630	1735
1659	1736
3174	1737
4918	1738
257	1739
3785	1740
6136	1741
8100	1742
3947	1743
1249	1744
614	1745
4801	1746
821	1747
7790	1748
2734	1749
8839	1750
2016	1751
443	1752
3875	1753
829	1754
2976	1755
1395	1756
3348	1757
8352	1758
6739	1759
178	1760
1675	1761
774	1762
4517	1763
246	1764
282	1765
7548	1766
4241	1767
993	1768
1929	1769
855	1770
1280	1771
6088	1772
657	1773
5826	1774
4196	1775
1618	1776
926	1777
5125	1778
342	1779
88	1780
715	1781
5231	1782
2179	1783
4017	1784
3660	1785
5971	1786
938	1787
5755	1788
4305	1789
1733	1790
5882	1791
649	1792
2877	1793
8032	1794
789	1795
7776	1796
8449	1797
2972	1798
1961	1799
5457	1800
4832	1801
1580	1802
1426	1803
7049	1804
4437	1805
1954	1806
6285	1807
5796	1808
8986	1809
4383	1810
4167	1811
574	1812
4367	1813
6720	1814
655	1815
7466	1816
5935	1817
3760	1818
4297	1819
2316	1820
3651	1821
5245	1822
7830	1823
873	1824
7828	1825
105	1826
143	1827
5157	1828
2521	1829
5859	1830
4321	1831
4371	1832
376	1833
7262	1834
690	1835
8288	1836
5636	1837
1470	1838
5633	1839
8713	1840
7774	1841
5635	1842
1069	1843
464	1844
8543	1845
3233	1846
856	1847
7951	1848
5289	1849
2313	1850
7753	1851
1689	1852
3146	1853
8034	1854
8671	1855
1194	1856
4527	1857
167	1858
631	1859
5166	1860
780	1861
473	1862
106	1863
9	1864
2887	1865
4938	1866
5876	1867
837	1868
4310	1869
5067	1870
791	1871
3811	1872
6519	1873
2593	1874
617	1875
7733	1876
49	1877
2467	1878
6237	1879
3680	1880
4085	1881
8938	1882
4861	1883
7907	1884
7530	1885
1334	1886
2453	1887
6659	1888
91	1889
8272	1890
3022	1891
7101	1892
6403	1893
2646	1894
1457	1895
272	1896
1718	1897
6792	1898
2908	1899
11	1900
5842	1901
2951	1902
4458	1903
8906	1904
7395	1905
1578	1906
2922	1907
3673	1908
5428	1909
8158	1910
7975	1911
381	1912
3356	1913
7494	1914
299	1915
5255	1916
3465	1917
3304	1918
6465	1919
6568	1920
2281	1921
319	1922
125	1923
2503	1924
8470	1925
2106	1926
5660	1927
1117	1928
5653	1929
3317	1930
722	1931
3164	1932
8253	1933
273	1934
3230	1935
5572	1936
567	1937
3895	1938
1796	1939
1600	1940
7355	1941
2544	1942
1052	1943
5491	1944
3461	1945
5171	1946
2107	1947
6863	1948
4007	1949
7814	1950
1911	1951
884	1952
7231	1953
4982	1954
79	1955
4075	1956
6003	1957
4047	1958
3942	1959
14	1960
198	1961
5498	1962
2423	1963
4389	1964
5807	1965
5733	1966
1998	1967
1799	1968
596	1969
8991	1970
6313	1971
6044	1972
2799	1973
3793	1974
2118	1975
5234	1976
3630	1977
483	1978
688	1979
3747	1980
470	1981
6524	1982
3610	1983
7142	1984
3403	1985
7310	1986
5909	1987
5672	1988
4720	1989
7670	1990
7968	1991
858	1992
3574	1993
7430	1994
1767	1995
668	1996
5049	1997
3264	1998
561	1999
2198	2000
525	2001
5933	2002
6871	2003
479	2004
3408	2005
45	2006
8150	2007
6108	2008
4939	2009
413	2010
8690	2011
2513	2012
8663	2013
8740	2014
4897	2015
321	2016
1396	2017
7386	2018
1021	2019
4977	2020
5484	2021
7254	2022
6412	2023
4703	2024
2348	2025
3905	2026
2866	2027
386	2028
1727	2029
5988	2030
2836	2031
5158	2032
4748	2033
8465	2034
675	2035
3110	2036
5307	2037
4641	2038
8217	2039
302	2040
6005	2041
29	2042
7651	2043
539	2044
214	2045
3292	2046
5923	2047
2027	2048
8058	2049
2966	2050
3065	2051
3328	2052
4726	2053
230	2054
2269	2055
521	2056
5658	2057
48	2058
6685	2059
341	2060
6381	2061
2672	2062
6786	2063
7367	2064
2373	2065
7047	2066
5659	2067
4242	2068
5183	2069
453	2070
173	2071
8378	2072
1094	2073
2275	2074
250	2075
345	2076
1877	2077
314	2078
124	2079
7699	2080
594	2081
2212	2082
6598	2083
237	2084
4445	2085
5368	2086
1113	2087
1359	2088
4868	2089
3278	2090
3826	2091
5094	2092
4231	2093
245	2094
3583	2095
8124	2096
1922	2097
4535	2098
2388	2099
1677	2100
799	2101
12	2102
5958	2103
3239	2104
3510	2105
5354	2106
81	2107
8800	2108
3570	2109
8192	2110
1415	2111
869	2112
8022	2113
5169	2114
354	2115
4953	2116
1879	2117
4111	2118
3833	2119
1732	2120
2564	2121
3169	2122
4989	2123
5715	2124
5048	2125
3580	2126
1179	2127
6808	2128
4552	2129
4713	2130
284	2131
2530	2132
8467	2133
4172	2134
3545	2135
7584	2136
3640	2137
7240	2138
7110	2139
6006	2140
2538	2141
4686	2142
3439	2143
235	2144
1688	2145
828	2146
7375	2147
2714	2148
5657	2149
161	2150
918	2151
2219	2152
3794	2153
4266	2154
8736	2155
8418	2156
89	2157
8146	2158
3193	2159
426	2160
4296	2161
6225	2162
1018	2163
4816	2164
416	2165
2867	2166
6345	2167
158	2168
6219	2169
6366	2170
3234	2171
7361	2172
1071	2173
1981	2174
2870	2175
2780	2176
4638	2177
8830	2178
2270	2179
5852	2180
4882	2181
3586	2182
9009	2183
2310	2184
8455	2185
6860	2186
4500	2187
4214	2188
3354	2189
7127	2190
4736	2191
1770	2192
4860	2193
3374	2194
8395	2195
1738	2196
2641	2197
405	2198
2622	2199
8427	2200
5274	2201
7819	2202
3597	2203
1318	2204
3590	2205
8580	2206
3691	2207
6220	2208
4618	2209
7480	2210
4741	2211
989	2212
5028	2213
104	2214
4602	2215
3096	2216
526	2217
56	2218
8460	2219
7091	2220
5505	2221
1088	2222
26	2223
6795	2224
8540	2225
6511	2226
658	2227
3072	2228
387	2229
1704	2230
7863	2231
1655	2232
7595	2233
8390	2234
4418	2235
2948	2236
4123	2237
4508	2238
5164	2239
361	2240
3593	2241
3883	2242
5429	2243
1790	2244
3941	2245
3327	2246
5822	2247
846	2248
5253	2249
8489	2250
8176	2251
210	2252
3215	2253
5619	2254
147	2255
499	2256
6417	2257
6470	2258
3711	2259
4507	2260
6382	2261
2567	2262
5661	2263
352	2264
3675	2265
6228	2266
575	2267
5184	2268
415	2269
7707	2270
1490	2271
5204	2272
621	2273
6292	2274
1956	2275
7205	2276
8637	2277
7294	2278
6282	2279
6670	2280
1089	2281
1474	2282
8786	2283
3318	2284
6241	2285
7575	2286
3948	2287
260	2288
597	2289
8803	2290
8618	2291
2203	2292
4524	2293
820	2294
2555	2295
3535	2296
3606	2297
6163	2298
331	2299
5538	2300
903	2301
6848	2302
5347	2303
6418	2304
8214	2305
45	2306
8649	2307
5676	2308
8599	2309
526	2310
4199	2311
708	2312
2572	2313
91	2314
8772	2315
1182	2316
34	2317
8285	2318
8175	2319
1207	2320
251	2321
7498	2322
5726	2323
3344	2324
4538	2325
4461	2326
6698	2327
8249	2328
8461	2329
5584	2330
5104	2331
4019	2332
4769	2333
5248	2334
3979	2335
3965	2336
644	2337
7919	2338
7131	2339
8267	2340
7628	2341
6973	2342
8657	2343
5041	2344
3497	2345
6555	2346
5947	2347
7984	2348
4655	2349
6096	2350
7439	2351
8215	2352
738	2353
6308	2354
3805	2355
3810	2356
4483	2357
370	2358
2163	2359
1596	2360
506	2361
2358	2362
4236	2363
5780	2364
5677	2365
3519	2366
8297	2367
2208	2368
5424	2369
7109	2370
7463	2371
1889	2372
7062	2373
5228	2374
3245	2375
2344	2376
6397	2377
4197	2378
3177	2379
7095	2380
1455	2381
3903	2382
3719	2383
6787	2384
1485	2385
8555	2386
5112	2387
6033	2388
2786	2389
4542	2390
4521	2391
8425	2392
5426	2393
1204	2394
7168	2395
3212	2396
6496	2397
7465	2398
4484	2399
274	2400
8875	2401
2805	2402
8341	2403
1700	2404
30	2405
5130	2406
547	2407
292	2408
6738	2409
8450	2410
2231	2411
5984	2412
8719	2413
3097	2414
120	2415
7916	2416
394	2417
942	2418
5291	2419
4247	2420
6234	2421
2006	2422
9012	2423
2177	2424
8700	2425
4312	2426
8099	2427
13	2428
846	2429
3	2430
5237	2431
1291	2432
1343	2433
60	2434
1201	2435
2213	2436
1060	2437
3800	2438
2350	2439
8804	2440
194	2441
3181	2442
8942	2443
5732	2444
594	2445
87	2446
5351	2447
5126	2448
1218	2449
3027	2450
572	2451
165	2452
8243	2453
374	2454
7226	2455
2687	2456
4459	2457
3175	2458
3453	2459
271	2460
6390	2461
1215	2462
6596	2463
7172	2464
4054	2465
710	2466
6679	2467
2237	2468
2896	2469
5073	2470
6832	2471
1481	2472
8593	2473
703	2474
5684	2475
5129	2476
5970	2477
1611	2478
185	2479
6063	2480
7238	2481
850	2482
1217	2483
2601	2484
7684	2485
6178	2486
4135	2487
2475	2488
1252	2489
5386	2490
950	2491
4665	2492
451	2493
4876	2494
5349	2495
2689	2496
948	2497
6623	2498
3613	2499
6692	2500
879	2501
8428	2502
5941	2503
1462	2504
4616	2505
746	2506
8210	2507
6556	2508
8775	2509
510	2510
486	2511
1591	2512
8912	2513
2549	2514
8890	2515
8	2516
397	2517
7011	2518
2306	2519
98	2520
3656	2521
4318	2522
3222	2523
6691	2524
3280	2525
5016	2526
3797	2527
4468	2528
8731	2529
5078	2530
1801	2531
758	2532
2266	2533
1093	2534
2518	2535
8380	2536
694	2537
4910	2538
7009	2539
5100	2540
6017	2541
326	2542
630	2543
2209	2544
2669	2545
536	2546
126	2547
5420	2548
7764	2549
140	2550
4175	2551
7137	2552
1551	2553
8899	2554
837	2555
5895	2556
7832	2557
531	2558
8947	2559
128	2560
8797	2561
1670	2562
4885	2563
2244	2564
8556	2565
8659	2566
1720	2567
4114	2568
1346	2569
1739	2570
3261	2571
8537	2572
3165	2573
7022	2574
8891	2575
2647	2576
2889	2577
4452	2578
6124	2579
9003	2580
4810	2581
996	2582
4052	2583
4235	2584
812	2585
60	2586
3710	2587
2417	2588
8024	2589
6779	2590
5790	2591
5843	2592
4530	2593
8869	2594
8814	2595
4848	2596
4372	2597
6291	2598
6954	2599
8846	2600
6388	2601
1964	2602
4985	2603
4046	2604
2738	2605
8149	2606
1363	2607
1959	2608
4647	2609
5474	2610
1314	2611
8633	2612
659	2613
7751	2614
1347	2615
7905	2616
792	2617
7146	2618
4374	2619
202	2620
1776	2621
6047	2622
4922	2623
3818	2624
391	2625
1505	2626
2157	2627
3838	2628
7610	2629
8790	2630
580	2631
2168	2632
5123	2633
1487	2634
6386	2635
2795	2636
7077	2637
4644	2638
3846	2639
7895	2640
2632	2641
8650	2642
7354	2643
2130	2644
5916	2645
69	2646
5102	2647
674	2648
5318	2649
528	2650
3016	2651
6512	2652
7078	2653
1681	2654
8080	2655
7944	2656
8615	2657
4233	2658
351	2659
1760	2660
1565	2661
2860	2662
706	2663
2041	2664
4750	2665
7321	2666
590	2667
6701	2668
1786	2669
8007	2670
1	2671
4648	2672
1181	2673
7139	2674
4361	2675
3056	2676
770	2677
1092	2678
333	2679
6115	2680
6	2681
6758	2682
1960	2683
2542	2684
40	2685
5212	2686
616	2687
5588	2688
1791	2689
4404	2690
5317	2691
464	2692
8694	2693
8988	2694
1392	2695
5367	2696
8548	2697
835	2698
4513	2699
6229	2700
7265	2701
2095	2702
2476	2703
7211	2704
483	2705
763	2706
481	2707
641	2708
2466	2709
6641	2710
2462	2711
6939	2712
8704	2713
5052	2714
5024	2715
4831	2716
6303	2717
4836	2718
826	2719
1715	2720
556	2721
3028	2722
7199	2723
5475	2724
2148	2725
1982	2726
6518	2727
240	2728
94	2729
61	2730
5671	2731
8005	2732
1652	2733
2315	2734
3014	2735
5355	2736
5869	2737
868	2738
1155	2739
7059	2740
7544	2741
3298	2742
8082	2743
1970	2744
4598	2745
324	2746
407	2747
849	2748
176	2749
8840	2750
785	2751
3631	2752
1694	2753
2861	2754
7767	2755
41	2756
511	2757
8777	2758
6924	2759
2094	2760
1055	2761
3734	2762
5750	2763
6869	2764
4663	2765
7442	2766
4776	2767
2479	2768
4020	2769
6240	2770
2034	2771
146	2772
7556	2773
7740	2774
8631	2775
5441	2776
6943	2777
8338	2778
4976	2779
144	2780
263	2781
7804	2782
689	2783
348	2784
5938	2785
6972	2786
46	2787
392	2788
972	2789
6352	2790
1684	2791
7757	2792
3	2793
5575	2794
5206	2795
1037	2796
7250	2797
8275	2798
7161	2799
8868	2800
1193	2801
2846	2802
4780	2803
7980	2804
6041	2805
5872	2806
6889	2807
7414	2808
8820	2809
3057	2810
7196	2811
3396	2812
1878	2813
7447	2814
3658	2815
3240	2816
5393	2817
250	2818
6032	2819
4509	2820
4942	2821
6	2822
8291	2823
8020	2824
8106	2825
7609	2826
2732	2827
2763	2828
7329	2829
379	2830
4866	2831
5609	2832
4416	2833
1498	2834
1865	2835
1053	2836
140	2837
6329	2838
1448	2839
6175	2840
5785	2841
3226	2842
773	2843
4079	2844
1015	2845
7527	2846
447	2847
6207	2848
3186	2849
2938	2850
72	2851
3582	2852
1905	2853
1843	2854
4562	2855
7829	2856
1516	2857
4267	2858
7346	2859
2436	2860
2537	2861
5678	2862
8771	2863
217	2864
7018	2865
7871	2866
8302	2867
2471	2868
7662	2869
7822	2870
8117	2871
4302	2872
6867	2873
609	2874
8422	2875
7693	2876
3241	2877
5716	2878
780	2879
503	2880
2246	2881
2060	2882
7014	2883
1453	2884
3981	2885
6420	2886
2267	2887
1267	2888
2991	2889
7692	2890
6914	2891
6873	2892
5718	2893
2723	2894
963	2895
2552	2896
3032	2897
2433	2898
3733	2899
4209	2900
5856	2901
1477	2902
88	2903
5187	2904
3498	2905
3503	2906
3158	2907
5359	2908
264	2909
2307	2910
7490	2911
1900	2912
5896	2913
2146	2914
8490	2915
6042	2916
4498	2917
3736	2918
5722	2919
4568	2920
7862	2921
62	2922
7452	2923
1308	2924
3141	2925
6681	2926
3007	2927
448	2928
6756	2929
6384	2930
199	2931
1423	2932
1870	2933
7295	2934
7882	2935
634	2936
635	2937
2807	2938
4825	2939
3762	2940
7501	2941
8178	2942
670	2943
8114	2944
4334	2945
3360	2946
6915	2947
2221	2948
3368	2949
4108	2950
7588	2951
3768	2952
7667	2953
50	2954
6628	2955
2977	2956
2964	2957
267	2958
2701	2959
3300	2960
4930	2961
6400	2962
8074	2963
8408	2964
603	2965
7360	2966
312	2967
2403	2968
3636	2969
7195	2970
5870	2971
164	2972
463	2973
5599	2974
1045	2975
2932	2976
2541	2977
414	2978
5798	2979
4898	2980
874	2981
3216	2982
2793	2983
444	2984
2721	2985
1628	2986
226	2987
7327	2988
4151	2989
1279	2990
3938	2991
242	2992
2345	2993
3861	2994
790	2995
117	2996
2	2997
5769	2998
7363	2999
7943	3000
2726	3001
1697	3002
2606	3003
200	3004
7524	3005
4623	3006
791	3007
4700	3008
6540	3009
7284	3010
6784	3011
1205	3012
7235	3013
268	3014
2298	3015
1115	3016
949	3017
5114	3018
597	3019
36	3020
252	3021
1896	3022
8730	3023
8819	3024
6151	3025
8474	3026
1379	3027
7048	3028
3382	3029
5707	3030
7710	3031
612	3032
6544	3033
2851	3034
3530	3035
4265	3036
2584	3037
4314	3038
532	3039
6442	3040
2971	3041
9030	3042
2698	3043
8697	3044
7336	3045
7947	3046
6509	3047
6998	3048
5997	3049
5454	3050
7357	3051
5604	3052
466	3053
6314	3054
8211	3055
1303	3056
5101	3057
6488	3058
632	3059
6368	3060
7937	3061
567	3062
1075	3063
6985	3064
3074	3065
2100	3066
108	3067
3195	3068
37	3069
7532	3070
8845	3071
1693	3072
3055	3073
8930	3074
3306	3075
7555	3076
5300	3077
3507	3078
1913	3079
1240	3080
418	3081
8895	3082
3859	3083
8101	3084
8852	3085
1114	3086
1631	3087
6913	3088
5706	3089
7552	3090
7666	3091
2079	3092
5286	3093
2461	3094
4002	3095
5200	3096
17	3097
6881	3098
1312	3099
7741	3100
1691	3101
1409	3102
7928	3103
8203	3104
1211	3105
138	3106
8752	3107
3997	3108
1214	3109
8900	3110
1146	3111
1875	3112
4466	3113
4657	3114
6015	3115
82	3116
2353	3117
3437	3118
7089	3119
503	3120
2055	3121
8564	3122
4949	3123
322	3124
3262	3125
1478	3126
1059	3127
8767	3128
1898	3129
5007	3130
6128	3131
8932	3132
5447	3133
6886	3134
2936	3135
518	3136
6960	3137
7258	3138
3202	3139
2321	3140
2626	3141
568	3142
2574	3143
5313	3144
49	3145
6281	3146
7655	3147
425	3148
2072	3149
2036	3150
6868	3151
927	3152
3623	3153
4295	3154
8306	3155
4163	3156
3451	3157
6379	3158
1751	3159
7627	3160
6258	3161
3370	3162
2720	3163
1651	3164
1921	3165
1068	3166
1876	3167
7562	3168
3795	3169
5027	3170
2974	3171
823	3172
3295	3173
6764	3174
4438	3175
6754	3176
658	3177
5628	3178
36	3179
3657	3180
5849	3181
7659	3182
8012	3183
7856	3184
1881	3185
414	3186
2992	3187
4385	3188
4674	3189
2955	3190
711	3191
4643	3192
271	3193
711	3194
730	3195
9027	3196
6662	3197
5680	3198
3935	3199
1450	3200
4070	3201
1703	3202
1587	3203
676	3204
7528	3205
2404	3206
8200	3207
7646	3208
8954	3209
3960	3210
5225	3211
148	3212
6675	3213
5905	3214
8582	3215
6414	3216
444	3217
241	3218
839	3219
501	3220
2180	3221
1706	3222
576	3223
3208	3224
6450	3225
5943	3226
5005	3227
457	3228
8120	3229
920	3230
6082	3231
8739	3232
214	3233
2439	3234
1800	3235
4540	3236
8837	3237
6127	3238
6365	3239
2592	3240
6221	3241
8	3242
2487	3243
2289	3244
2506	3245
133	3246
2882	3247
5744	3248
7365	3249
932	3250
8469	3251
2822	3252
3373	3253
1965	3254
3708	3255
6064	3256
2690	3257
7992	3258
5589	3259
5219	3260
3513	3261
4436	3262
8787	3263
6322	3264
8982	3265
887	3266
1119	3267
5050	3268
7012	3269
2670	3270
5068	3271
7735	3272
2449	3273
818	3274
6076	3275
4959	3276
3152	3277
5743	3278
5756	3279
7970	3280
7987	3281
2515	3282
979	3283
7069	3284
666	3285
1638	3286
8844	3287
363	3288
5412	3289
569	3290
540	3291
6046	3292
446	3293
7823	3294
6613	3295
1768	3296
4632	3297
60	3298
8145	3299
537	3300
3059	3301
5356	3302
530	3303
448	3304
5904	3305
5088	3306
1095	3307
2114	3308
225	3309
8827	3310
145	3311
5721	3312
231	3313
2655	3314
6697	3315
280	3316
147	3317
645	3318
441	3319
509	3320
4881	3321
8002	3322
1251	3323
4453	3324
2238	3325
2099	3326
8067	3327
470	3328
7939	3329
2766	3330
4080	3331
6	3332
8721	3333
6625	3334
6829	3335
6538	3336
8161	3337
6541	3338
3421	3339
4474	3340
1221	3341
1815	3342
534	3343
3912	3344
3155	3345
7625	3346
3999	3347
2961	3348
1	3349
253	3350
7608	3351
5839	3352
2276	3353
6288	3354
4473	3355
5433	3356
7019	3357
6993	3358
8513	3359
7690	3360
8662	3361
758	3362
8586	3363
4491	3364
4388	3365
2631	3366
8491	3367
4350	3368
4344	3369
844	3370
7376	3371
5290	3372
2397	3373
817	3374
472	3375
5462	3376
5398	3377
8955	3378
346	3379
7986	3380
7549	3381
4617	3382
2573	3383
2172	3384
330	3385
8643	3386
1268	3387
8896	3388
384	3389
31	3390
7213	3391
801	3392
1432	3393
3775	3394
3885	3395
749	3396
7815	3397
469	3398
6130	3399
3584	3400
653	3401
4179	3402
2096	3403
2207	3404
3653	3405
3548	3406
5306	3407
1658	3408
6194	3409
100	3410
642	3411
4725	3412
3005	3413
4287	3414
6058	3415
3227	3416
6022	3417
6537	3418
6716	3419
6994	3420
6196	3421
707	3422
8544	3423
7323	3424
5831	3425
128	3426
6204	3427
5720	3428
7927	3429
512	3430
3944	3431
4515	3432
4423	3433
1260	3434
7433	3435
33	3436
278	3437
3343	3438
8862	3439
8315	3440
1491	3441
7387	3442
3732	3443
2430	3444
6557	3445
5641	3446
1087	3447
1987	3448
4441	3449
7432	3450
5840	3451
1705	3452
4023	3453
654	3454
1838	3455
7119	3456
2821	3457
6012	3458
1874	3459
1198	3460
614	3461
2	3462
822	3463
2718	3464
3761	3465
4817	3466
2360	3467
254	3468
7917	3469
6059	3470
3837	3471
3832	3472
2605	3473
4088	3474
88	3475
8137	3476
4166	3477
4126	3478
8911	3479
3870	3480
3600	3481
5627	3482
8331	3483
5815	3484
21	3485
3445	3486
4650	3487
1486	3488
5808	3489
8677	3490
3831	3491
4403	3492
1576	3493
1641	3494
1200	3495
7762	3496
4551	3497
8458	3498
8913	3499
7017	3500
3738	3501
1337	3502
6446	3503
7688	3504
2070	3505
4668	3506
3187	3507
2500	3508
166	3509
2637	3510
6800	3511
8534	3512
8140	3513
79	3514
871	3515
2532	3516
5666	3517
804	3518
3136	3519
86	3520
630	3521
5452	3522
5802	3523
2014	3524
3744	3525
2842	3526
2613	3527
1248	3528
653	3529
2463	3530
1763	3531
5061	3532
6971	3533
4634	3534
6639	3535
3704	3536
6721	3537
4349	3538
7288	3539
4150	3540
5316	3541
3804	3542
2797	3543
4561	3544
8824	3545
4306	3546
3431	3547
4738	3548
2367	3549
766	3550
7569	3551
651	3552
4909	3553
983	3554
6635	3555
5358	3556
430	3557
5771	3558
1431	3559
5499	3560
4745	3561
176	3562
672	3563
189	3564
5302	3565
8440	3566
6028	3567
6811	3568
2905	3569
4633	3570
5917	3571
1809	3572
339	3573
6870	3574
6199	3575
112	3576
8314	3577
7340	3578
3952	3579
6654	3580
6622	3581
4688	3582
6930	3583
4400	3584
4095	3585
2050	3586
7843	3587
5686	3588
673	3589
4143	3590
6595	3591
3064	3592
3004	3593
6347	3594
1124	3595
1483	3596
742	3597
3042	3598
613	3599
7721	3600
6652	3601
5268	3602
5515	3603
460	3604
7252	3605
6357	3606
2287	3607
766	3608
3191	3609
2371	3610
6967	3611
3281	3612
8977	3613
8967	3614
7373	3615
13	3616
4888	3617
7657	3618
5592	3619
7454	3620
116	3621
749	3622
666	3623
4109	3624
359	3625
684	3626
865	3627
8340	3628
277	3629
8706	3630
2259	3631
5794	3632
3052	3633
3067	3634
5059	3635
2335	3636
1272	3637
1817	3638
2167	3639
5342	3640
6836	3641
3689	3642
5952	3643
5944	3644
7642	3645
662	3646
3587	3647
7368	3648
769	3649
267	3650
5074	3651
3041	3652
1134	3653
7192	3654
4921	3655
710	3656
7175	3657
3624	3658
5501	3659
2629	3660
115	3661
6713	3662
1966	3663
5139	3664
7756	3665
3322	3666
5518	3667
7639	3668
8245	3669
4904	3670
5645	3671
2528	3672
4967	3673
761	3674
5674	3675
881	3676
65	3677
8160	3678
3438	3679
5075	3680
401	3681
5773	3682
6437	3683
1467	3684
6824	3685
488	3686
2557	3687
5405	3688
8956	3689
5113	3690
3669	3691
662	3692
7052	3693
3533	3694
7645	3695
8396	3696
7513	3697
1350	3698
48	3699
111	3700
8609	3701
6644	3702
1992	3703
168	3704
1156	3705
4009	3706
4635	3707
6561	3708
4481	3709
5407	3710
16	3711
2078	3712
2554	3713
7833	3714
5348	3715
822	3716
911	3717
123	3718
561	3719
5701	3720
4463	3721
7301	3722
5806	3723
4997	3724
6917	3725
3807	3726
3200	3727
3251	3728
2984	3729
8737	3730
1032	3731
5320	3732
3085	3733
7419	3734
6633	3735
925	3736
4201	3737
6355	3738
1495	3739
3539	3740
8647	3741
4031	3742
8123	3743
2745	3744
4444	3745
5977	3746
2583	3747
1834	3748
291	3749
8651	3750
1178	3751
7897	3752
886	3753
5788	3754
2068	3755
1935	3756
7441	3757
5621	3758
7092	3759
3392	3760
1344	3761
6802	3762
5283	3763
1621	3764
2418	3765
9020	3766
8716	3767
2894	3768
384	3769
7869	3770
4510	3771
6273	3772
5439	3773
2668	3774
5223	3775
472	3776
2581	3777
6031	3778
2520	3779
2265	3780
1242	3781
5040	3782
639	3783
6760	3784
8903	3785
696	3786
3398	3787
2635	3788
4413	3789
2703	3790
3070	3791
3132	3792
1100	3793
2037	3794
123	3795
263	3796
6582	3797
1972	3798
8958	3799
564	3800
121	3801
5556	3802
3509	3803
4499	3804
3134	3805
6562	3806
4784	3807
5695	3808
264	3809
1930	3810
8263	3811
4398	3812
3490	3813
5376	3814
474	3815
2196	3816
9022	3817
5294	3818
3555	3819
7229	3820
5421	3821
2959	3822
5266	3823
7641	3824
309	3825
1941	3826
1361	3827
3223	3828
1725	3829
230	3830
5561	3831
1010	3832
4029	3833
2806	3834
5534	3835
578	3836
4834	3837
8636	3838
2119	3839
2523	3840
834	3841
6543	3842
357	3843
3609	3844
1897	3845
9014	3846
2985	3847
3254	3848
6780	3849
2062	3850
6927	3851
4276	3852
1583	3853
3339	3854
2760	3855
8691	3856
38	3857
6849	3858
712	3859
733	3860
7778	3861
5784	3862
7736	3863
2357	3864
2970	3865
3364	3866
2125	3867
1253	3868
2248	3869
3228	3870
6416	3871
5955	3872
6498	3873
8821	3874
4001	3875
6988	3876
5948	3877
6584	3878
5091	3879
1824	3880
7475	3881
5577	3882
2	3883
1158	3884
8046	3885
5570	3886
8289	3887
6559	3888
6895	3889
9018	3890
833	3891
7872	3892
573	3893
1997	3894
1891	3895
784	3896
1869	3897
1079	3898
4089	3899
6961	3900
5548	3901
5608	3902
1841	3903
4803	3904
3441	3905
4264	3906
5789	3907
16	3908
7547	3909
8920	3910
933	3911
3458	3912
6938	3913
10	3914
4421	3915
6940	3916
3474	3917
6360	3918
30	3919
4100	3920
6405	3921
1144	3922
1985	3923
6709	3924
8131	3925
319	3926
8008	3927
9002	3928
7396	3929
7233	3930
3480	3931
2	3932
1496	3933
493	3934
6551	3935
8506	3936
3917	3937
5471	3938
1220	3939
2898	3940
7129	3941
2783	3942
7103	3943
2409	3944
5122	3945
2188	3946
8652	3947
7787	3948
6951	3949
1354	3950
3985	3951
7898	3952
8729	3953
3454	3954
5918	3955
5443	3956
6410	3957
7082	3958
4479	3959
5259	3960
5437	3961
6942	3962
6922	3963
3572	3964
1397	3965
577	3966
2784	3967
5080	3968
3867	3969
6245	3970
116	3971
6767	3972
4493	3973
1616	3974
707	3975
8056	3976
8339	3977
362	3978
5311	3979
4293	3980
3642	3981
172	3982
1563	3983
3405	3984
8451	3985
4027	3986
8802	3987
648	3988
2488	3989
2575	3990
5446	3991
5379	3992
4153	3993
6525	3994
8159	3995
6945	3996
4037	3997
8878	3998
1446	3999
5331	4000
5877	4001
7423	4002
3601	4003
8653	4004
5999	4005
257	4006
5832	4007
5587	4008
1274	4009
1273	4010
6433	4011
663	4012
6629	4013
3721	4014
517	4015
71	4016
748	4017
5057	4018
480	4019
5325	4020
449	4021
4849	4022
8801	4023
6025	4024
834	4025
5824	4026
4704	4027
3293	4028
1110	4029
2804	4030
3925	4031
6060	4032
254	4033
2103	4034
4812	4035
456	4036
85	4037
6542	4038
3958	4039
6888	4040
3799	4041
2833	4042
2283	4043
2775	4044
954	4045
8189	4046
6483	4047
8871	4048
1943	4049
2757	4050
1464	4051
1669	4052
248	4053
3546	4054
8009	4055
2791	4056
283	4057
7892	4058
8197	4059
5713	4060
4325	4061
8349	4062
5323	4063
885	4064
1995	4065
8944	4066
6471	4067
987	4068
434	4069
622	4070
66	4071
1813	4072
608	4073
8403	4074
6929	4075
7543	4076
4671	4077
2923	4078
3969	4079
8088	4080
6513	4081
7858	4082
5799	4083
1323	4084
7359	4085
191	4086
3144	4087
5901	4088
3084	4089
8563	4090
2425	4091
3599	4092
1707	4093
2162	4094
2222	4095
587	4096
5881	4097
5683	4098
2354	4099
8381	4100
1039	4101
3552	4102
8484	4103
4091	4104
6852	4105
6367	4106
7626	4107
8048	4108
3419	4109
8859	4110
6643	4111
898	4112
2553	4113
8042	4114
5536	4115
3397	4116
7717	4117
7566	4118
8561	4119
4447	4120
5218	4121
4770	4122
446	4123
6485	4124
4545	4125
2798	4126
2960	4127
8361	4128
1046	4129
1664	4130
9015	4131
1845	4132
3521	4133
6634	4134
7266	4135
3049	4136
5312	4137
2997	4138
498	4139
7904	4140
68	4141
973	4142
7603	4143
668	4144
8001	4145
5295	4146
8327	4147
2338	4148
130	4149
3992	4150
2722	4151
7559	4152
3888	4153
2273	4154
669	4155
859	4156
8487	4157
296	4158
3718	4159
4653	4160
7868	4161
8559	4162
2327	4163
8569	4164
2638	4165
673	4166
8798	4167
1775	4168
356	4169
336	4170
8996	4171
6898	4172
2913	4173
4144	4174
8634	4175
2019	4176
8147	4177
5334	4178
843	4179
6553	4180
5883	4181
3002	4182
4547	4183
2202	4184
2562	4185
3413	4186
4557	4187
5512	4188
35	4189
6247	4190
6270	4191
4051	4192
3972	4193
1901	4194
3268	4195
6391	4196
4603	4197
1040	4198
8748	4199
270	4200
461	4201
2509	4202
8410	4203
761	4204
5967	4205
2560	4206
7176	4207
2215	4208
6976	4209
8572	4210
5495	4211
7404	4212
3086	4213
3789	4214
3156	4215
8254	4216
4215	4217
8122	4218
2048	4219
41	4220
3092	4221
7631	4222
3138	4223
8883	4224
5389	4225
7366	4226
6110	4227
6200	4228
4522	4229
3355	4230
9	4231
5602	4232
6084	4233
800	4234
554	4235
5816	4236
516	4237
3619	4238
1597	4239
6627	4240
627	4241
6325	4242
5801	4243
5727	4244
2956	4245
5791	4246
5764	4247
4926	4248
2427	4249
8278	4250
3143	4251
5748	4252
7337	4253
4260	4254
3743	4255
223	4256
8853	4257
8309	4258
713	4259
22	4260
6983	4261
3008	4262
7016	4263
475	4264
2105	4265
1515	4266
6510	4267
3206	4268
825	4269
3908	4270
6861	4271
5	4272
3400	4273
3655	4274
7946	4275
3204	4276
5763	4277
6987	4278
7728	4279
354	4280
3130	4281
5180	4282
28	4283
4529	4284
8171	4285
4134	4286
3910	4287
5051	4288
2294	4289
3542	4290
433	4291
3562	4292
8434	4293
5147	4294
8760	4295
8813	4296
8156	4297
4714	4298
5021	4299
3201	4300
5136	4301
6361	4302
6611	4303
6477	4304
1083	4305
6678	4306
4246	4307
7318	4308
5829	4309
8431	4310
233	4311
4746	4312
305	4313
8884	4314
3446	4315
2603	4316
2326	4317
5363	4318
5766	4319
2304	4320
114	4321
6753	4322
1902	4323
524	4324
5506	4325
8456	4326
8328	4327
5530	4328
6982	4329
142	4330
8935	4331
8503	4332
6688	4333
6602	4334
285	4335
6164	4336
661	4337
5465	4338
44	4339
389	4340
4299	4341
724	4342
2455	4343
4290	4344
3681	4345
5668	4346
802	4347
793	4348
5513	4349
224	4350
590	4351
1978	4352
5276	4353
541	4354
8832	4355
18	4356
370	4357
7504	4358
4958	4359
5887	4360
8379	4361
7253	4362
6227	4363
6423	4364
6398	4365
6683	4366
7725	4367
4012	4368
7752	4369
4929	4370
8607	4371
1648	4372
8111	4373
6393	4374
7287	4375
3044	4376
41	4377
6887	4378
4841	4379
453	4380
64	4381
6574	4382
5550	4383
3988	4384
4496	4385
2173	4386
7156	4387
4092	4388
8358	4389
6078	4390
8276	4391
1743	4392
6712	4393
3294	4394
1925	4395
153	4396
3685	4397
900	4398
262	4399
281	4400
8504	4401
5545	4402
2301	4403
3802	4404
2413	4405
1864	4406
6030	4407
175	4408
581	4409
7208	4410
785	4411
3011	4412
7567	4413
952	4414
5143	4415
205	4416
1975	4417
6578	4418
4537	4419
8951	4420
3378	4421
8128	4422
2591	4423
4355	4424
373	4425
3117	4426
5981	4427
3937	4428
1286	4429
7685	4430
4348	4431
6565	4432
8557	4433
3957	4434
163	4435
1577	4436
7051	4437
6695	4438
358	4439
3950	4440
5762	4441
4611	4442
4957	4443
5643	4444
4779	4445
1492	4446
3920	4447
4482	4448
5333	4449
509	4450
3847	4451
6109	4452
5046	4453
6647	4454
1109	4455
1574	4456
624	4457
8144	4458
433	4459
2931	4460
7163	4461
92	4462
7771	4463
5760	4464
2065	4465
4951	4466
1442	4467
63	4468
7540	4469
6253	4470
7772	4471
680	4472
8705	4473
880	4474
8127	4475
939	4476
5995	4477
3069	4478
3203	4479
4256	4480
7431	4481
748	4482
12	4483
7747	4484
1184	4485
70	4486
98	4487
1951	4488
2529	4489
2444	4490
4183	4491
8571	4492
7086	4493
1017	4494
328	4495
5044	4496
5154	4497
8612	4498
3581	4499
656	4500
923	4501
129	4502
8305	4503
3276	4504
958	4505
6812	4506
5542	4507
2750	4508
5835	4509
8749	4510
8577	4511
4645	4512
9021	4513
1690	4514
1989	4515
7138	4516
1466	4517
6651	4518
565	4519
5854	4520
6154	4521
7421	4522
566	4523
8999	4524
7166	4525
4063	4526
3716	4527
6667	4528
65	4529
3892	4530
675	4531
5647	4532
6823	4533
5345	4534
3290	4535
2445	4536
6235	4537
1054	4538
3210	4539
4328	4540
6821	4541
1988	4542
6968	4543
2176	4544
866	4545
5042	4546
5740	4547
7132	4548
3139	4549
6029	4550
6464	4551
3207	4552
2771	4553
3257	4554
1476	4555
6489	4556
959	4557
5915	4558
5615	4559
2890	4560
8164	4561
3099	4562
2891	4563
4254	4564
6068	4565
640	4566
6243	4567
8497	4568
119	4569
10	4570
3232	4571
7995	4572
7004	4573
4933	4574
8066	4575
5239	4576
2819	4577
649	4578
6350	4579
5749	4580
5585	4581
3860	4582
1560	4583
5280	4584
7042	4585
8581	4586
8148	4587
7886	4588
471	4589
1406	4590
4360	4591
6371	4592
2139	4593
836	4594
399	4595
435	4596
6456	4597
6576	4598
1595	4599
502	4600
5156	4601
6604	4602
34	4603
835	4604
4228	4605
7694	4606
4586	4607
595	4608
4093	4609
3389	4610
4749	4611
4309	4612
1342	4613
4627	4614
71	4615
521	4616
5335	4617
5463	4618
4842	4619
7145	4620
7526	4621
6883	4622
8715	4623
1435	4624
772	4625
3676	4626
4066	4627
701	4628
646	4629
23	4630
4244	4631
6665	4632
7906	4633
7030	4634
3715	4635
1176	4636
8635	4637
4782	4638
2378	4639
6321	4640
1698	4641
7546	4642
3271	4643
3040	4644
605	4645
5993	4646
6438	4647
211	4648
8157	4649
5131	4650
52	4651
99	4652
423	4653
6775	4654
4867	4655
5455	4656
259	4657
2531	4658
2824	4659
7621	4660
6894	4661
8619	4662
2075	4663
5181	4664
8498	4665
7760	4666
4188	4667
6676	4668
6067	4669
4121	4670
6815	4671
8411	4672
5751	4673
5654	4674
7827	4675
7458	4676
4492	4677
3974	4678
1339	4679
1747	4680
940	4681
6905	4682
2291	4683
7269	4684
8121	4685
1748	4686
584	4687
4574	4688
3031	4689
7190	4690
7687	4691
4872	4692
4987	4693
8017	4694
1452	4695
596	4696
5786	4697
1895	4698
4705	4699
5193	4700
6295	4701
2464	4702
3038	4703
485	4704
5871	4705
4083	4706
7422	4707
531	4708
1398	4709
5603	4710
1757	4711
484	4712
751	4713
5396	4714
5968	4715
508	4716
4149	4717
6353	4718
6773	4719
6455	4720
6083	4721
5844	4722
8733	4723
53	4724
7066	4725
811	4726
6201	4727
2390	4728
3677	4729
160	4730
3225	4731
734	4732
1403	4733
4411	4734
6037	4735
3763	4736
912	4737
5551	4738
2441	4739
5148	4740
1893	4741
4789	4742
5919	4743
5387	4744
3931	4745
5640	4746
47	4747
2803	4748
4010	4749
1695	4750
8601	4751
4281	4752
7380	4753
1919	4754
6147	4755
7672	4756
5950	4757
6609	4758
904	4759
8043	4760
4207	4761
598	4762
4455	4763
6837	4764
2200	4765
5137	4766
7821	4767
5568	4768
2973	4769
2165	4770
8976	4771
4472	4772
1710	4773
6209	4774
6493	4775
967	4776
6165	4777
7573	4778
8242	4779
8384	4780
387	4781
2031	4782
2862	4783
4844	4784
1499	4785
268	4786
298	4787
8984	4788
4386	4789
1931	4790
670	4791
5105	4792
1105	4793
3126	4794
6718	4795
4968	4796
72	4797
6856	4798
368	4799
677	4800
4857	4801
6690	4802
5115	4803
6039	4804
4446	4805
5053	4806
2986	4807
7259	4808
5108	4809
7282	4810
2	4811
5201	4812
2236	4813
8292	4814
546	4815
3693	4816
3970	4817
7159	4818
2331	4819
606	4820
5418	4821
5043	4822
4995	4823
6040	4824
4576	4825
8132	4826
8815	4827
5894	4828
692	4829
9019	4830
438	4831
1787	4832
44	4833
4652	4834
8901	4835
7553	4836
3627	4837
6053	4838
6862	4839
1912	4840
2820	4841
6023	4842
1091	4843
213	4844
7853	4845
1281	4846
4798	4847
2405	4848
7400	4849
2482	4850
400	4851
6550	4852
164	4853
5893	4854
2561	4855
505	4856
5576	4857
4113	4858
2729	4859
159	4860
7263	4861
3231	4862
2683	4863
241	4864
1393	4865
2320	4866
8918	4867
5020	4868
1072	4869
3801	4870
8971	4871
8682	4872
5470	4873
4204	4874
896	4875
794	4876
1438	4877
7275	4878
1479	4879
6290	4880
2032	4881
4526	4882
844	4883
152	4884
5805	4885
3884	4886
2699	4887
8227	4888
180	4889
2504	4890
4887	4891
410	4892
6222	4893
3180	4894
4723	4895
3018	4896
8919	4897
308	4898
2519	4899
4408	4900
5546	4901
8959	4902
759	4903
436	4904
375	4905
5663	4906
6330	4907
2886	4908
4477	4909
3409	4910
26	4911
3010	4912
1413	4913
7160	4914
6592	4915
6501	4916
4356	4917
1868	4918
3109	4919
620	4920
4676	4921
6744	4922
5390	4923
4110	4924
3471	4925
4702	4926
5297	4927
8060	4928
4115	4929
1009	4930
33	4931
659	4932
8435	4933
6216	4934
4709	4935
2343	4936
8247	4937
550	4938
6546	4939
7057	4940
6021	4941
5974	4942
6619	4943
3071	4944
4229	4945
8685	4946
8520	4947
77	4948
1298	4949
665	4950
6508	4951
3865	4952
8165	4953
145	4954
2741	4955
4613	4956
7866	4957
716	4958
2812	4959
593	4960
7020	4961
3066	4962
7106	4963
8480	4964
132	4965
5326	4966
6736	4967
131	4968
3168	4969
7324	4970
2161	4971
5435	4972
3435	4973
5350	4974
1661	4975
2007	4976
4168	4977
7274	4978
6589	4979
4753	4980
4534	4981
3924	4982
992	4983
2419	4984
3362	4985
626	4986
1269	4987
7202	4988
985	4989
6904	4990
6252	4991
5911	4992
1160	4993
6424	4994
2493	4995
1439	4996
8452	4997
961	4998
7630	4999
2915	5000
6432	5001
7227	5002
1676	5003
212	5004
1135	5005
5655	5006
1468	5007
2227	5008
4154	5009
1066	5010
1504	5011
6105	5012
4206	5013
709	5014
4965	5015
760	5016
3792	5017
5605	5018
8648	5019
8696	5020
8656	5021
5015	5022
5985	5023
5340	5024
7390	5025
3569	5026
4271	5027
4469	5028
5026	5029
2323	5030
2768	5031
7230	5032
2902	5033
8256	5034
337	5035
549	5036
6567	5037
8994	5038
6459	5039
2736	5040
2274	5041
2073	5042
3873	5043
4053	5044
8590	5045
427	5046
3159	5047
664	5048
4396	5049
8136	5050
5165	5051
134	5052
482	5053
533	5054
2005	5055
5337	5056
6825	5057
3379	5058
2657	5059
2609	5060
3966	5061
2832	5062
1590	5063
7759	5064
4661	5065
6310	5066
689	5067
3834	5068
7786	5069
5517	5070
7941	5071
8746	5072
720	5073
90	5074
789	5075
3444	5076
845	5077
7296	5078
8459	5079
5402	5080
3741	5081
8625	5082
5757	5083
410	5084
6169	5085
1070	5086
8888	5087
1401	5088
6404	5089
4969	5090
4855	5091
8575	5092
8355	5093
3728	5094
9026	5095
1290	5096
216	5097
1692	5098
7604	5099
5410	5100
3714	5101
8826	5102
6928	5103
8811	5104
848	5105
2883	5106
2645	5107
7712	5108
7715	5109
8789	5110
8133	5111
14	5112
2927	5113
7453	5114
2731	5115
314	5116
8831	5117
3977	5118
5878	5119
401	5120
7678	5121
6146	5122
6466	5123
4409	5124
5812	5125
8439	5126
3289	5127
860	5128
890	5129
2159	5130
8054	5131
439	5132
4171	5133
1199	5134
321	5135
8943	5136
2040	5137
5011	5138
994	5139
2926	5140
3701	5141
5867	5142
6761	5143
1236	5144
1765	5145
8180	5146
7339	5147
4284	5148
4590	5149
7554	5150
7718	5151
2577	5152
8743	5153
1934	5154
6341	5155
4221	5156
7436	5157
5963	5158
2859	5159
7418	5160
7249	5161
746	5162
487	5163
7267	5164
5868	5165
431	5166
1336	5167
901	5168
48	5169
6479	5170
5747	5171
2510	5172
468	5173
8519	5174
7023	5175
6073	5176
6949	5177
578	5178
4518	5179
8922	5180
5639	5181
8344	5182
4486	5183
3814	5184
8110	5185
476	5186
6001	5187
4191	5188
4	5189
4636	5190
3598	5191
8205	5192
6874	5193
1459	5194
3554	5195
3778	5196
6256	5197
8744	5198
3803	5199
8983	5200
3122	5201
2588	5202
3748	5203
3756	5204
6011	5205
352	5206
604	5207
455	5208
6774	5209
7586	5210
4873	5211
6527	5212
4814	5213
1717	5214
7881	5215
4763	5216
7691	5217
2962	5218
3133	5219
6735	5220
8300	5221
304	5222
7298	5223
4886	5224
3209	5225
221	5226
1275	5227
7140	5228
8119	5229
372	5230
4040	5231
1041	5232
7967	5233
5	5234
8796	5235
3464	5236
725	5237
7713	5238
767	5239
5186	5240
1867	5241
4377	5242
5626	5243
8516	5244
739	5245
2582	5246
3247	5247
1111	5248
3484	5249
5964	5250
8728	5251
6729	5252
3709	5253
2719	5254
2030	5255
599	5256
2370	5257
7221	5258
285	5259
3	5260
6093	5261
8531	5262
3019	5263
5724	5264
2160	5265
8720	5266
8712	5267
4837	5268
8778	5269
8333	5270
4476	5271
1862	5272
8597	5273
686	5274
5648	5275
1136	5276
5942	5277
7045	5278
2225	5279
8863	5280
4240	5281
6813	5282
812	5283
390	5284
8045	5285
5737	5286
307	5287
2558	5288
4582	5289
8854	5290
1526	5291
5284	5292
8924	5293
86	5294
752	5295
5106	5296
3214	5297
6506	5298
245	5299
2608	5300
1827	5301
7734	5302
1635	5303
74	5304
4516	5305
667	5306
222	5307
1944	5308
5573	5309
7420	5310
4514	5311
331	5312
2133	5313
8521	5314
3882	5315
8785	5316
430	5317
2385	5318
5712	5319
777	5320
43	5321
8699	5322
6705	5323
2178	5324
6287	5325
5685	5326
3639	5327
9031	5328
1243	5329
3386	5330
5793	5331
6415	5332
304	5333
6717	5334
6785	5335
4863	5336
7437	5337
7315	5338
6726	5339
6614	5340
8472	5341
8095	5342
4896	5343
2600	5344
8107	5345
5610	5346
2735	5347
4294	5348
1953	5349
2728	5350
742	5351
793	5352
1016	5353
1650	5354
8481	5355
5817	5356
3260	5357
9005	5358
556	5359
7899	5360
7714	5361
7001	5362
5580	5363
5282	5364
8202	5365
7619	5366
7234	5367
4422	5368
6351	5369
1284	5370
6880	5371
8424	5372
6515	5373
2242	5374
7256	5375
3103	5376
7763	5377
5189	5378
5662	5379
760	5380
1640	5381
7481	5382
7032	5383
3491	5384
5696	5385
7784	5386
8064	5387
6158	5388
783	5389
2362	5390
820	5391
1062	5392
8129	5393
8420	5394
5527	5395
5552	5396
3620	5397
719	5398
8925	5399
12	5400
174	5401
7611	5402
4936	5403
390	5404
1716	5405
604	5406
4669	5407
8738	5408
6847	5409
7976	5410
8496	5411
8126	5412
8835	5413
4105	5414
750	5415
1527	5416
849	5417
6457	5418
8233	5419
3000	5420
7309	5421
2232	5422
825	5423
395	5424
1973	5425
4005	5426
699	5427
95	5428
2046	5429
7068	5430
1946	5431
6338	5432
4430	5433
8600	5434
1958	5435
3729	5436
2640	5437
1042	5438
1571	5439
6864	5440
3702	5441
402	5442
3648	5443
647	5444
889	5445
8670	5446
8539	5447
6000	5448
7974	5449
6118	5450
5957	5451
4301	5452
736	5453
2340	5454
1918	5455
7076	5456
5357	5457
3352	5458
1915	5459
5329	5460
8492	5461
2224	5462
1649	5463
6104	5464
4087	5465
3809	5466
3045	5467
154	5468
8135	5469
7374	5470
404	5471
7248	5472
4900	5473
2535	5474
5203	5475
1525	5476
7515	5477
7953	5478
7079	5479
63	5480
16	5481
7434	5482
4107	5483
6876	5484
4339	5485
7720	5486
1762	5487
7793	5488
6980	5489
8688	5490
2	5491
773	5492
8259	5493
3774	5494
7957	5495
8829	5496
8732	5497
2092	5498
8375	5499
5272	5500
6481	5501
2074	5502
743	5503
7	5504
8049	5505
1709	5506
6507	5507
6449	5508
6373	5509
3457	5510
5395	5511
4471	5512
1603	5513
8283	5514
1283	5515
5830	5516
59	5517
1302	5518
582	5519
857	5520
2940	5521
4847	5522
4	5523
7770	5524
6896	5525
8764	5526
6908	5527
8931	5528
112	5529
8163	5530
7087	5531
4532	5532
149	5533
633	5534
2864	5535
6682	5536
6038	5537
1422	5538
4316	5539
7505	5540
1808	5541
4157	5542
1257	5543
323	5544
7654	5545
6789	5546
5079	5547
3440	5548
6473	5549
3921	5550
5866	5551
8666	5552
87	5553
1035	5554
4931	5555
5590	5556
3652	5557
7212	5558
313	5559
282	5560
4119	5561
908	5562
4450	5563
4721	5564
2849	5565
70	5566
6168	5567
1428	5568
5365	5569
535	5570
650	5571
821	5572
3481	5573
3353	5574
3934	5575
6853	5576
6909	5577
2624	5578
1672	5579
7538	5580
6267	5581
3516	5582
8933	5583
3922	5584
8945	5585
1569	5586
1858	5587
1082	5588
3479	5589
2412	5590
5321	5591
5547	5592
6963	5593
247	5594
2223	5595
1389	5596
8235	5597
1293	5598
5301	5599
2182	5600
8979	5601
4065	5602
7039	5603
440	5604
4340	5605
328	5606
3124	5607
8109	5608
3845	5609
3585	5610
2586	5611
8594	5612
1745	5613
4039	5614
2010	5615
775	5616
4531	5617
6318	5618
6772	5619
4608	5620
7417	5621
726	5622
4519	5623
6502	5624
8083	5625
5931	5626
4279	5627
3898	5628
8914	5629
1190	5630
5264	5631
660	5632
3575	5633
4394	5634
5594	5635
2901	5636
7507	5637
79	5638
5819	5639
2277	5640
7279	5641
4395	5642
7580	5643
7218	5644
1322	5645
6669	5646
7726	5647
3827	5648
9007	5649
8622	5650
8665	5651
5699	5652
4625	5653
3476	5654
6730	5655
800	5656
6554	5657
8030	5658
1213	5659
477	5660
4708	5661
187	5662
1305	5663
4698	5664
848	5665
7791	5666
4257	5667
6615	5668
20	5669
1804	5670
3615	5671
5885	5672
377	5673
7499	5674
3758	5675
1615	5676
580	5677
6845	5678
2142	5679
6664	5680
7379	5681
7576	5682
316	5683
4533	5684
3605	5685
3312	5686
4559	5687
1147	5688
7278	5689
97	5690
8953	5691
663	5692
1412	5693
1523	5694
664	5695
6049	5696
332	5697
249	5698
4122	5699
152	5700
8142	5701
3242	5702
4289	5703
964	5704
1159	5705
8654	5706
7663	5707
1493	5708
42	5709
7565	5710
3618	5711
8873	5712
7509	5713
4137	5714
3167	5715
2855	5716
8402	5717
6387	5718
6376	5719
7903	5720
2916	5721
24	5722
929	5723
3515	5724
481	5725
2043	5726
3463	5727
2124	5728
3531	5729
7991	5730
1532	5731
7403	5732
1833	5733
7845	5734
7236	5735
1835	5736
53	5737
1288	5738
2288	5739
2361	5740
2548	5741
8221	5742
4042	5743
3473	5744
8273	5745
412	5746
2770	5747
8270	5748
703	5749
1408	5750
1402	5751
537	5752
3149	5753
8833	5754
717	5755
301	5756
1332	5757
4630	5758
4319	5759
6855	5760
8545	5761
8579	5762
8415	5763
730	5764
796	5765
421	5766
3773	5767
4988	5768
7583	5769
3841	5770
535	5771
1533	5772
289	5773
4739	5774
258	5775
1730	5776
6593	5777
4840	5778
516	5779
15	5780
4195	5781
8616	5782
362	5783
3560	5784
451	5785
2658	5786
4025	5787
6751	5788
361	5789
1666	5790
7305	5791
2379	5792
4711	5793
870	5794
6535	5795
536	5796
6788	5797
8823	5798
7201	5799
3050	5800
6362	5801
1345	5802
6504	5803
6817	5804
1418	5805
8592	5806
813	5807
2801	5808
2910	5809
1465	5810
110	5811
3505	5812
443	5813
3670	5814
3945	5815
1326	5816
1774	5817
210	5818
232	5819
110	5820
9033	5821
7876	5822
6694	5823
9011	5824
7745	5825
4783	5826
1855	5827
2837	5828
6600	5829
2333	5830
8138	5831
1022	5832
276	5833
1614	5834
8627	5835
1376	5836
5514	5837
5247	5838
1502	5839
5473	5840
3663	5841
5230	5842
3279	5843
6231	5844
1984	5845
4504	5846
8265	5847
137	5848
518	5849
8849	5850
6087	5851
7551	5852
4788	5853
765	5854
57	5855
55	5856
2438	5857
4072	5858
770	5859
1909	5860
36	5861
2129	5862
55	5863
5759	5864
5344	5865
779	5866
5199	5867
3369	5868
8343	5869
3556	5870
4021	5871
3469	5872
6089	5873
5860	5874
6591	5875
63	5876
5346	5877
388	5878
4684	5879
4920	5880
3968	5881
8170	5882
8861	5883
6259	5884
317	5885
204	5886
29	5887
7026	5888
633	5889
4520	5890
3918	5891
7870	5892
5030	5893
975	5894
2933	5895
8143	5896
1829	5897
4263	5898
8371	5899
6057	5900
3235	5901
1103	5902
4804	5903
465	5904
8091	5905
3500	5906
2587	5907
3881	5908
286	5909
577	5910
4743	5911
207	5912
7398	5913
7599	5914
21	5915
7999	5916
717	5917
5969	5918
7118	5919
7973	5920
512	5921
102	5922
6955	5923
4402	5924
7024	5925
4376	5926
23	5927
83	5928
7493	5929
8041	5930
2175	5931
5821	5932
7111	5933
1857	5934
2941	5935
8990	5936
8087	5937
1632	5938
5177	5939
2134	5940
4558	5941
7696	5942
6324	5943
1607	5944
6648	5945
6162	5946
3645	5947
7915	5948
4781	5949
672	5950
6531	5951
6703	5952
720	5953
827	5954
194	5955
513	5956
1823	5957
286	5958
9034	5959
1759	5960
1399	5961
1883	5962
7649	5963
1188	5964
7585	5965
629	5966
2339	5967
6575	5968
496	5969
497	5970
1682	5971
7855	5972
741	5973
6532	5974
3706	5975
913	5976
6663	5977
555	5978
5251	5979
5888	5980
5489	5981
4173	5982
5529	5983
3943	5984
8417	5985
1742	5986
8445	5987
5723	5988
3717	5989
4612	5990
1586	5991
7491	5992
3033	5993
7908	5994
3754	5995
740	5996
2708	5997
562	5998
5994	5999
8376	6000
477	6001
4384	6002
2952	6003
3902	6004
4147	6005
2018	6006
724	6007
3853	6008
5213	6009
2154	6010
345	6011
3633	6012
2684	6013
7652	6014
8115	6015
8928	6016
1582	6017
1977	6018
3094	6019
3868	6020
7347	6021
602	6022
8229	6023
1517	6024
2145	6025
6990	6026
5303	6027
3886	6028
7612	6029
5192	6030
4771	6031
8468	6032
3825	6033
6333	6034
94	6035
4200	6036
5362	6037
6191	6038
1945	6039
824	6040
625	6041
58	6042
6002	6043
8090	6044
7923	6045
7932	6046
4363	6047
1133	6048
7464	6049
2127	6050
32	6051
551	6052
2897	6053
5394	6054
3909	6055
4940	6056
3349	6057
107	6058
8836	6059
895	6060
8316	6061
1642	6062
7338	6063
71	6064
947	6065
4210	6066
1637	6067
5539	6068
2049	6069
1014	6070
3740	6071
3270	6072
2636	6073
3781	6074
2483	6075
6284	6076
5174	6077
803	6078
8166	6079
7700	6080
4821	6081
7961	6082
5907	6083
790	6084
8230	6085
2794	6086
2247	6087
8509	6088
101	6089
969	6090
2772	6091
8351	6092
435	6093
8255	6094
1374	6095
6791	6096
2628	6097
6007	6098
6116	6099
3039	6100
1051	6101
8356	6102
422	6103
1254	6104
5803	6105
213	6106
2885	6107
6451	6108
6620	6109
6439	6110
4074	6111
136	6112
6638	6113
6617	6114
5172	6115
7921	6116
1433	6117
4269	6118
6803	6119
1377	6120
6503	6121
4579	6122
3252	6123
1375	6124
8675	6125
5949	6126
734	6127
960	6128
3486	6129
6421	6130
1355	6131
5332	6132
2643	6133
1289	6134
183	6135
7007	6136
7849	6137
7217	6138
5729	6139
7100	6140
2788	6141
3284	6142
2740	6143
4675	6144
6737	6145
5940	6146
8727	6147
7796	6148
7681	6149
5703	6150
700	6151
8551	6152
5116	6153
4273	6154
1524	6155
5098	6156
4084	6157
7912	6158
520	6159
570	6160
6714	6161
4003	6162
1839	6163
8224	6164
6119	6165
6264	6166
6970	6167
8488	6168
1338	6169
2218	6170
7401	6171
6349	6172
721	6173
7578	6174
4336	6175
1061	6176
5691	6177
1610	6178
7820	6179
2508	6180
5637	6181
2779	6182
2619	6183
9029	6184
2143	6185
669	6186
7468	6187
5631	6188
2963	6189
1434	6190
2547	6191
797	6192
4778	6193
2852	6194
3731	6195
1177	6196
4428	6197
188	6198
5767	6199
1388	6200
8286	6201
1241	6202
7817	6203
2939	6204
452	6205
732	6206
7292	6207
4464	6208
7709	6209
3893	6210
5910	6211
300	6212
1521	6213
1714	6214
6814	6215
695	6216
1065	6217
5516	6218
8603	6219
2497	6220
96	6221
7675	6222
3100	6223
2705	6224
1031	6225
3135	6226
3307	6227
7831	6228
2876	6229
5456	6230
4414	6231
7996	6232
89	6233
3263	6234
4410	6235
6992	6236
3330	6237
8799	6238
4262	6239
355	6240
6706	6241
1507	6242
5339	6243
6765	6244
6394	6245
6239	6246
7325	6247
5262	6248
7383	6249
2400	6250
7187	6251
87	6252
3871	6253
574	6254
5064	6255
7332	6256
3654	6257
3211	6258
62	6259
2715	6260
6016	6261
8526	6262
2058	6263
995	6264
3395	6265
8838	6266
1685	6267
6857	6268
7157	6269
5800	6270
6161	6271
6279	6272
5960	6273
1285	6274
5031	6275
4387	6276
431	6277
7989	6278
1749	6279
5	6280
1126	6281
3786	6282
403	6283
8033	6284
7372	6285
8377	6286
3978	6287
6798	6288
3817	6289
723	6290
6610	6291
4766	6292
2097	6293
73	6294
3828	6295
2302	6296
7561	6297
50	6298
7808	6299
66	6300
5411	6301
1779	6302
5070	6303
6580	6304
8172	6305
2491	6306
4511	6307
8881	6308
1473	6309
7112	6310
621	6311
5018	6312
3424	6313
7394	6314
3282	6315
5598	6316
1736	6317
4364	6318
4112	6319
3448	6320
8271	6321
3876	6322
3450	6323
1513	6324
113	6325
3051	6326
7270	6327
7577	6328
4050	6329
3	6330
289	6331
5559	6332
864	6333
4925	6334
7624	6335
497	6336
5215	6337
757	6338
7304	6339
6385	6340
909	6341
3946	6342
5524	6343
7960	6344
4734	6345
5632	6346
3540	6347
413	6348
2090	6349
8218	6350
2255	6351
8191	6352
7050	6353
2787	6354
2137	6355
6107	6356
8916	6357
6409	6358
218	6359
7564	6360
3603	6361
3420	6362
4292	6363
7570	6364
1938	6365
765	6366
2880	6367
686	6368
8023	6369
5496	6370
513	6371
1696	6372
4131	6373
1208	6374
1558	6375
27	6376
560	6377
3982	6378
7683	6379
153	6380
2164	6381
4528	6382
3991	6383
8695	6384
6653	6385
7602	6386
831	6387
6816	6388
507	6389
7511	6390
1547	6391
4685	6392
1127	6393
8471	6394
530	6395
1924	6396
3	6397
6122	6398
6129	6399
7805	6400
3459	6401
8206	6402
8701	6403
4687	6404
5494	6405
8430	6406
4567	6407
7392	6408
4407	6409
7861	6410
2311	6411
465	6412
841	6413
5144	6414
4164	6415
5510	6416
191	6417
6013	6418
1950	6419
6872	6420
5205	6421
6891	6422
6174	6423
3030	6424
6180	6425
6262	6426
3880	6427
8244	6428
861	6429
6190	6430
3115	6431
148	6432
2533	6433
8992	6434
8077	6435
6637	6436
5725	6437
4470	6438
7913	6439
3198	6440
4125	6441
196	6442
8061	6443
3443	6444
6159	6445
3971	6446
274	6447
727	6448
7408	6449
1073	6450
4146	6451
4852	6452
171	6453
181	6454
8258	6455
2815	6456
7933	6457
5117	6458
643	6459
2580	6460
3111	6461
5096	6462
473	6463
2408	6464
7601	6465
7313	6466
1023	6467
8130	6468
3929	6469
1509	6470
1602	6471
842	6472
8605	6473
2525	6474
2706	6475
7345	6476
6965	6477
7243	6478
6034	6479
4640	6480
2141	6481
8783	6482
8307	6483
6048	6484
2325	6485
5739	6486
5086	6487
6435	6488
5072	6489
3907	6490
8436	6491
2102	6492
7730	6493
7150	6494
2782	6495
8717	6496
4818	6497
6413	6498
1721	6499
6335	6500
485	6501
7677	6502
200	6503
5141	6504
6797	6505
6448	6506
6458	6507
2545	6508
6563	6509
7344	6510
4697	6511
7534	6512
6608	6513
2454	6514
4751	6515
1238	6516
867	6517
51	6518
7593	6519
5528	6520
6293	6521
378	6522
4870	6523
3506	6524
7653	6525
5850	6526
678	6527
3753	6528
1306	6529
2874	6530
618	6531
4130	6532
2758	6533
7701	6534
424	6535
1166	6536
5670	6537
2967	6538
8784	6539
4069	6540
14	6541
3821	6542
4895	6543
2414	6544
883	6545
3923	6546
3196	6547
3095	6548
8807	6549
4539	6550
2704	6551
8962	6552
1806	6553
6842	6554
126	6555
2365	6556
5404	6557
2785	6558
708	6559
8628	6560
502	6561
369	6562
5987	6563
4307	6564
2440	6565
5145	6566
195	6567
1427	6568
4680	6569
144	6570
8236	6571
5408	6572
424	6573
6801	6574
5787	6575
1542	6576
8638	6577
3983	6578
6429	6579
2761	6580
1033	6581
3541	6582
1778	6583
5119	6584
4556	6585
8735	6586
3048	6587
5257	6588
891	6589
2217	6590
7402	6591
721	6592
3568	6593
7994	6594
3998	6595
1484	6596
966	6597
14	6598
7008	6599
3698	6600
2085	6601
8589	6602
8689	6603
8614	6604
8957	6605
1429	6606
1531	6607
5168	6608
436	6609
4589	6610
32	6611
3894	6612
2994	6613
7918	6614
2377	6615
5285	6616
8687	6617
5236	6618
179	6619
2411	6620
7948	6621
5210	6622
4082	6623
7388	6624
4182	6625
3783	6626
8683	6627
595	6628
2383	6629
5966	6630
3913	6631
6708	6632
6725	6633
7594	6634
4679	6635
6095	6636
1871	6637
1247	6638
1955	6639
22	6640
171	6641
367	6642
157	6643
4735	6644
7081	6645
1708	6646
4278	6647
2767	6648
8386	6649
1420	6650
4202	6651
7521	6652
4693	6653
603	6654
598	6655
84	6656
8476	6657
5983	6658
8295	6659
4303	6660
8079	6661
4434	6662
8	6663
83	6664
6529	6665
3332	6666
3682	6667
5745	6668
375	6669
7777	6670
1233	6671
7658	6672
3770	6673
3830	6674
403	6675
4324	6676
107	6677
808	6678
4577	6679
499	6680
343	6681
4283	6682
5980	6683
2169	6684
6999	6685
3901	6686
660	6687
275	6688
7503	6689
3735	6690
4008	6691
4762	6692
6356	6693
1783	6694
1773	6695
6884	6696
5558	6697
5328	6698
8623	6699
3635	6700
3314	6701
1886	6702
534	6703
7343	6704
7660	6705
2958	6706
2149	6707
5761	6708
735	6709
5197	6710
332	6711
4162	6712
4160	6713
7925	6714
5664	6715
907	6716
6085	6717
3529	6718
6958	6719
339	6720
2879	6721
7246	6722
1451	6723
2816	6724
7661	6725
2384	6726
80	6727
2633	6728
568	6729
3727	6730
342	6731
2569	6732
7472	6733
5132	6734
5077	6735
5135	6736
3275	6737
6369	6738
7180	6739
2828	6740
6374	6741
610	6742
6661	6743
4937	6744
7117	6745
6	6746
8679	6747
4116	6748
6444	6749
8774	6750
7415	6751
1572	6752
4249	6753
7469	6754
253	6755
7950	6756
4081	6757
8964	6758
640	6759
8250	6760
7124	6761
5717	6762
4654	6763
4250	6764
1255	6765
2245	6766
7264	6767
1728	6768
8413	6769
2477	6770
1138	6771
988	6772
5667	6773
500	6774
2634	6775
8373	6776
4993	6777
1367	6778
3777	6779
7384	6780
5714	6781
8847	6782
3752	6783
8287	6784
7647	6785
6152	6786
4086	6787
4546	6788
787	6789
5142	6790
4883	6791
2737	6792
1624	6793
606	6794
2260	6795
1671	6796
5244	6797
6170	6798
1299	6799
3848	6800
2914	6801
3423	6802
6523	6803
5623	6804
699	6805
4169	6806
583	6807
1140	6808
9000	6809
7704	6810
6447	6811
8485	6812
8980	6813
8187	6814
8776	6815
206	6816
3341	6817
7455	6818
3357	6819
7488	6820
4332	6821
4902	6822
4132	6823
6517	6824
8354	6825
1559	6826
2502	6827
3229	6828
7123	6829
6866	6830
2527	6831
1131	6832
7854	6833
2342	6834
1456	6835
5934	6836
3429	6837
5229	6838
3700	6839
4946	6840
1653	6841
1026	6842
681	6843
3835	6844
2382	6845
6406	6846
7703	6847
1309	6848
5364	6849
854	6850
2664	6851
4728	6852
7835	6853
2946	6854
134	6855
3730	6856
373	6857
8251	6858
7719	6859
3769	6860
592	6861
4621	6862
7134	6863
4103	6864
2677	6865
2881	6866
8274	6867
8169	6868
102	6869
2614	6870
2443	6871
6114	6872
934	6873
4604	6874
487	6875
5062	6876
8416	6877
4742	6878
7572	6879
813	6880
6796	6881
6434	6882
2184	6883
28	6884
507	6885
490	6886
8877	6887
4864	6888
2346	6889
8812	6890
4391	6891
2376	6892
626	6893
203	6894
1118	6895
2526	6896
8714	6897
6311	6898
2953	6899
7074	6900
143	6901
4106	6902
1553	6903
127	6904
1744	6905
757	6906
489	6907
7729	6908
2568	6909
4858	6910
582	6911
2830	6912
504	6913
1196	6914
7462	6915
5162	6916
1231	6917
4018	6918
8874	6919
999	6920
6323	6921
334	6922
2906	6923
4908	6924
7949	6925
129	6926
7724	6927
6746	6928
2051	6929
1007	6930
8167	6931
6722	6932
3566	6933
199	6934
246	6935
437	6936
7477	6937
2585	6938
7514	6939
652	6940
8747	6941
7839	6942
5902	6943
3296	6944
6188	6945
5071	6946
8547	6947
3856	6948
73	6949
8336	6950
190	6951
3916	6952
2359	6953
7518	6954
5360	6955
7516	6956
1044	6957
7198	6958
2671	6959
6820	6960
6723	6961
2387	6962
5160	6963
7319	6964
5055	6965
8969	6966
7844	6967
8473	6968
3128	6969
527	6970
3309	6971
3145	6972
5093	6973
511	6974
6363	6975
2084	6976
533	6977
3273	6978
7426	6979
914	6980
3782	6981
3054	6982
349	6983
3842	6984
4502	6985
356	6986
7122	6987
974	6988
3573	6989
7300	6990
3079	6991
2033	6992
4952	6993
7952	6994
270	6995
5436	6996
7237	6997
8550	6998
3862	6999
1316	7000
2150	7001
1993	7002
6977	7003
2543	7004
3311	7005
236	7006
6401	7007
202	7008
3178	7009
7449	7010
7000	7011
2069	7012
6742	7013
6431	7014
7307	7015
524	7016
8672	7017
8510	7018
3926	7019
1028	7020
2045	7021
851	7022
8463	7023
6111	7024
2921	7025
8566	7026
385	7027
187	7028
201	7029
2484	7030
8893	7031
5434	7032
3745	7033
3638	7034
3197	7035
6996	7036
1962	7037
4478	7038
5776	7039
1837	7040
6066	7041
6827	7042
4090	7043
90	7044
1604	7045
8299	7046
4956	7047
7467	7048
8154	7049
702	7050
7517	7051
2696	7052
37	7053
2151	7054
4101	7055
875	7056
1983	7057
7901	7058
829	7059
2512	7060
1116	7061
5459	7062
8761	7063
6215	7064
5006	7065
7873	7066
3157	7067
8443	7068
6186	7069
754	7070
7874	7071
3694	7072
6840	7073
4733	7074
3823	7075
8387	7076
953	7077
8388	7078
6699	7079
172	7080
318	7081
683	7082
80	7083
8970	7084
4871	7085
2602	7086
3249	7087
252	7088
7457	7089
8368	7090
965	7091
113	7092
2746	7093
6850	7094
4357	7095
651	7096
3303	7097
888	7098
4765	7099
7353	7100
78	7101
3683	7102
4142	7103
364	7104
6925	7105
7697	7106
764	7107
3976	7108
77	7109
8848	7110
192	7111
3080	7112
2115	7113
5304	7114
2579	7115
593	7116
2261	7117
6454	7118
623	7119
1980	7120
3333	7121
8892	7122
4963	7123
3217	7124
57	7125
8260	7126
2919	7127
2112	7128
739	7129
2980	7130
1686	7131
2450	7132
3224	7133
8578	7134
3904	7135
8762	7136
26	7137
6918	7138
2681	7139
46	7140
8753	7141
5012	7142
5858	7143
7571	7144
8329	7145
4475	7146
685	7147
4258	7148
775	7149
5191	7150
4102	7151
247	7152
2937	7153
2596	7154
4308	7155
4184	7156
826	7157
731	7158
8781	7159
2000	7160
1237	7161
7902	7162
7405	7163
5381	7164
2485	7165
6636	7166
2556	7167
1020	7168
8078	7169
8374	7170
6402	7171
5612	7172
294	7173
8710	7174
4923	7175
6686	7176
5198	7177
6952	7178
6572	7179
4683	7180
8198	7181
5629	7182
7330	7183
5925	7184
4140	7185
428	7186
4057	7187
8363	7188
3602	7189
5163	7190
778	7191
571	7192
2612	7193
5562	7194
5152	7195
476	7196
1968	7197
4252	7198
8102	7199
7121	7200
5853	7201
8324	7202
515	7203
4758	7204
139	7205
4805	7206
8927	7207
8216	7208
229	7209
1405	7210
2682	7211
5254	7212
7393	7213
1101	7214
1884	7215
599	7216
685	7217
8684	7218
3035	7219
7711	7220
135	7221
1645	7222
7920	7223
8335	7224
7852	7225
4932	7226
3899	7227
2319	7228
6210	7229
7038	7230
6238	7231
2942	7232
6657	7233
6660	7234
5956	7235
4764	7236
3749	7237
2110	7238
4826	7239
5614	7240
5519	7241
4415	7242
5574	7243
7216	7244
3377	7245
8511	7246
7500	7247
4268	7248
3852	7249
8870	7250
1920	7251
560	7252
7738	7253
5252	7254
1974	7255
611	7256
1012	7257
1381	7258
2293	7259
2604	7260
8604	7261
389	7262
2268	7263
313	7264
3142	7265
5624	7266
1349	7267
2140	7268
6671	7269
201	7270
2661	7271
4563	7272
8366	7273
4581	7274
5690	7275
1416	7276
8756	7277
2599	7278
3843	7279
517	7280
3394	7281
3220	7282
1639	7283
2850	7284
1063	7285
81	7286
827	7287
4928	7288
2104	7289
233	7290
7075	7291
806	7292
2873	7293
1573	7294
1325	7295
753	7296
4390	7297
2128	7298
8330	7299
108	7300
2469	7301
735	7302
6266	7303
2012	7304
3183	7305
6935	7306
3410	7307
8998	7308
1250	7309
3383	7310
3967	7311
4695	7312
7220	7313
2199	7314
1554	7315
7998	7316
4971	7317
7349	7318
2743	7319
5188	7320
5089	7321
4161	7322
8757	7323
39	7324
6594	7325
771	7326
7637	7327
3858	7328
6184	7329
4431	7330
1169	7331
7818	7332
8044	7333
5692	7334
696	7335
5063	7336
1812	7337
3637	7338
7492	7339
6142	7340
788	7341
1594	7342
4190	7343
209	7344
2688	7345
7289	7346
2755	7347
7033	7348
5468	7349
1557	7350
665	7351
279	7352
3399	7353
5406	7354
4327	7355
971	7356
2594	7357
1226	7358
8674	7359
1820	7360
4757	7361
5196	7362
8423	7363
7542	7364
441	7365
311	7366
2066	7367
7979	7368
458	7369
782	7370
5930	7371
7189	7372
1067	7373
7096	7374
4049	7375
7247	7376
6242	7377
4076	7378
18	7379
7183	7380
8693	7381
931	7382
1842	7383
956	7384
6978	7385
7178	7386
1263	7387
3671	7388
7207	7389
8168	7390
2460	7391
2456	7392
8725	7393
1859	7394
6319	7395
7303	7396
4869	7397
2250	7398
4346	7399
3863	7400
4425	7401
7587	7402
4451	7403
936	7404
4359	7405
8621	7406
5569	7407
1530	7408
7381	7409
4120	7410
7824	7411
478	7412
4365	7413
8405	7414
226	7415
2407	7416
381	7417
3129	7418
4412	7419
1854	7420
55	7421
5937	7422
492	7423
315	7424
4055	7425
7962	7426
1137	7427
43	7428
5772	7429
6260	7430
8195	7431
3359	7432
6547	7433
6828	7434
4999	7435
7427	7436
4136	7437
25	7438
1139	7439
4755	7440
6702	7441
7	7442
7479	7443
2802	7444
991	7445
67	7446
4226	7447
1090	7448
1235	7449
6255	7450
3046	7451
2725	7452
3329	7453
3643	7454
169	7455
3808	7456
2712	7457
6307	7458
1222	7459
7884	7460
6910	7461
4304	7462
29	7463
945	7464
809	7465
4	7466
5269	7467
7732	7468
8317	7469
471	7470
1784	7471
2474	7472
8923	7473
2878	7474
166	7475
7568	7476
3043	7477
2086	7478
5451	7479
2692	7480
8391	7481
4819	7482
6327	7483
56	7484
3819	7485
3607	7486
3006	7487
2220	7488
2615	7489
2251	7490
624	7491
571	7492
7397	7493
1013	7494
146	7495
7306	7496
7416	7497
6585	7498
3815	7499
5880	7500
1861	7501
7272	7502
4859	7503
1976	7504
3320	7505
589	7506
310	7507
8565	7508
7399	7509
6618	7510
150	7511
8293	7512
3087	7513
3914	7514
2426	7515
9023	7516
3930	7517
4973	7518
8104	7519
7563	7520
8995	7521
327	7522
367	7523
1503	7524
2765	7525
7665	7526
3494	7527
7689	7528
1514	7529
8342	7530
5241	7531
5630	7532
8179	7533
2278	7534
193	7535
1769	7536
2752	7537
5111	7538
5221	7539
3025	7540
6851	7541
3679	7542
823	7543
1830	7544
5388	7545
2856	7546
613	7547
3285	7548
305	7549
7716	7550
698	7551
5611	7552
6666	7553
5023	7554
5765	7555
439	7556
1472	7557
5066	7558
4187	7559
1814	7560
1539	7561
8193	7562
6605	7563
70	7564
6526	7565
4998	7566
1292	7567
6045	7568
1756	7569
8232	7570
3107	7571
3351	7572
5620	7573
5770	7574
4380	7575
498	7576
4274	7577
7126	7578
6346	7579
2739	7580
3021	7581
2711	7582
1164	7583
374	7584
1948	7585
6487	7586
5834	7587
3975	7588
8857	7589
636	7590
4716	7591
4981	7592
6621	7593
690	7594
72	7595
4354	7596
417	7597
7412	7598
6920	7599
2813	7600
6650	7601
5566	7602
1501	7603
2349	7604
1899	7605
7598	7606
7859	7607
6522	7608
5380	7609
6571	7610
553	7611
671	7612
3579	7613
5847	7614
490	7615
5310	7616
2790	7617
8277	7618
1246	7619
4935	7620
277	7621
2026	7622
1802	7623
1679	7624
1660	7625
2764	7626
119	7627
982	7628
924	7629
7880	7630
5	7631
7456	7632
677	7633
2644	7634
8558	7635
1295	7636
303	7637
3850	7638
23	7639
2256	7640
7071	7641
2990	7642
2944	7643
7002	7644
6198	7645
4224	7646
4251	7647
64	7648
5730	7649
5884	7650
5427	7651
1161	7652
6495	7653
2796	7654
5413	7655
5625	7656
6326	7657
19	7658
3812	7659
8664	7660
3713	7661
7010	7662
2598	7663
5361	7664
7779	7665
4011	7666
747	7667
3791	7668
12	7669
7065	7670
2117	7671
6728	7672
3820	7673
2853	7674
3151	7675
7842	7676
5928	7677
755	7678
8960	7679
8765	7680
4945	7681
7959	7682
8063	7683
723	7684
4970	7685
461	7686
1168	7687
397	7688
1548	7689
7634	7690
62	7691
8162	7692
7435	7693
1752	7694
7083	7695
7676	7696
6552	7697
787	7698
7795	7699
928	7700
2398	7701
7977	7702
8512	7703
8617	7704
6462	7705
6102	7706
2230	7707
1826	7708
1212	7709
224	7710
6989	7711
335	7712
5095	7713
3737	7714
5482	7715
8793	7716
6740	7717
3488	7718
6474	7719
4875	7720
4337	7721
1004	7722
2147	7723
8692	7724
6545	7725
639	7726
7003	7727
2381	7728
2486	7729
6673	7730
1832	7731
1142	7732
3325	7733
4718	7734
449	7735
1270	7736
8841	7737
1277	7738
7348	7739
124	7740
5483	7741
13	7742
6289	7743
5448	7744
2329	7745
3442	7746
8499	7747
7512	7748
3854	7749
83	7750
816	7751
207	7752
7158	7753
7972	7754
2406	7755
437	7756
7806	7757
2934	7758
8527	7759
7409	7760
8021	7761
3172	7762
8372	7763
221	7764
5741	7765
8718	7766
392	7767
1319	7768
1488	7769
754	7770
2132	7771
1335	7772
3387	7773
5616	7774
2694	7775
1536	7776
1425	7777
3436	7778
37	7779
1123	7780
419	7781
814	7782
7424	7783
1575	7784
5327	7785
576	7786
4712	7787
2494	7788
6172	7789
432	7790
6320	7791
2498	7792
7034	7793
7043	7794
7783	7795
51	7796
4156	7797
6203	7798
1187	7799
8433	7800
1667	7801
1282	7802
3532	7803
351	7804
7210	7805
6120	7806
8816	7807
3707	7808
4673	7809
6250	7810
3626	7811
2187	7812
798	7813
17	7814
8889	7815
9028	7816
5217	7817
4827	7818
369	7819
2754	7820
260	7821
5372	7822
3936	7823
2989	7824
2111	7825
2489	7826
4217	7827
8105	7828
805	7829
2109	7830
3449	7831
7255	7832
5150	7833
1556	7834
1329	7835
6035	7836
5167	7837
8019	7838
346	7839
8047	7840
442	7841
719	7842
6328	7843
344	7844
7508	7845
6276	7846
3335	7847
2665	7848
92	7849
6182	7850
6486	7851
8669	7852
212	7853
3499	7854
4078	7855
3864	7856
4094	7857
57	7858
38	7859
4285	7860
3703	7861
1949	7862
815	7863
4672	7864
8985	7865
3460	7866
1952	7867
5375	7868
2108	7869
7031	7870
6964	7871
7165	7872
4944	7873
217	7874
294	7875
6070	7876
2835	7877
5151	7878
1192	7879
2792	7880
1758	7881
2781	7882
7037	7883
7495	7884
7460	7885
2303	7886
7590	7887
456	7888
2492	7889
8791	7890
922	7891
1174	7892
1805	7893
1939	7894
3466	7895
5522	7896
2312	7897
7151	7898
4760	7899
58	7900
5409	7901
2076	7902
6018	7903
4994	7904
421	7905
5818	7906
6054	7907
338	7908
3527	7909
4790	7910
2965	7911
6745	7912
8177	7913
4253	7914
6995	7915
457	7916
6549	7917
4035	7918
8367	7919
8393	7920
6475	7921
5469	7922
50	7923
101	7924
2243	7925
6139	7926
1340	7927
1627	7928
3726	7929
3189	7930
38	7931
810	7932
1024	7933
3259	7934
6833	7935
4913	7936
4216	7937
4787	7938
5343	7939
7035	7940
2201	7941
5583	7942
6794	7943
5783	7944
3091	7945
3750	7946
5578	7947
817	7948
8751	7949
1315	7950
8212	7951
5711	7952
1029	7953
4343	7954
5442	7955
4915	7956
32	7957
411	7958
2210	7959
7291	7960
3879	7961
3525	7962
255	7963
505	7964
2366	7965
325	7966
4223	7967
4813	7968
3588	7969
2666	7970
3036	7971
5809	7972
4439	7973
6278	7974
427	7975
1589	7976
3757	7977
8872	7978
7746	7979
1034	7980
7128	7981
4490	7982
2911	7983
2101	7984
8	7985
8726	7986
5207	7987
4593	7988
7993	7989
5792	7990
8483	7991
8817	7992
15	7993
5032	7994
3844	7995
2975	7996
5873	7997
7574	7998
783	7999
5779	8000
6441	8001
7891	8002
1424	8003
1327	8004
5600	8005
3414	8006
2749	8007
5571	8008
2158	8009
4772	8010
1385	8011
61	8012
7473	8013
396	8014
6950	8015
292	8016
491	8017
7731	8018
3062	8019
2434	8020
1937	8021
3447	8022
8209	8023
3267	8024
3390	8025
5697	8026
8228	8027
1656	8028
31	8029
5564	8030
3522	8031
6009	8032
4369	8033
544	8034
5374	8035
7476	8036
2536	8037
5768	8038
8053	8039
3123	8040
4791	8041
5898	8042
5039	8043
3416	8044
3023	8045
6476	8046
3712	8047
67	8048
3751	8049
819	8050
894	8051
5243	8052
771	8053
5270	8054
5982	8055
1585	8056
495	8057
1844	8058
5314	8059
2924	8060
4213	8061
3866	8062
6656	8063
2470	8064
7797	8065
1887	8066
8457	8067
2501	8068
3612	8069
67	8070
474	8071
3558	8072
5992	8073
5978	8074
6372	8075
189	8076
1419	8077
28	8078
2611	8079
1076	8080
3148	8081
2153	8082
3993	8083
3113	8084
3668	8085
1445	8086
2192	8087
6859	8088
1301	8089
1555	8090
1892	8091
8226	8092
2695	8093
5700	8094
4433	8095
3798	8096
4592	8097
4912	8098
2968	8099
4578	8100
5511	8101
8035	8102
7851	8103
8412	8104
6426	8105
586	8106
8554	8107
272	8108
5175	8109
548	8110
7632	8111
525	8112
8239	8113
2240	8114
4878	8115
832	8116
6781	8117
2295	8118
7391	8119
2355	8120
5689	8121
2929	8122
8013	8123
6254	8124
11	8125
2678	8126
1836	8127
6208	8128
5271	8129
2993	8130
656	8131
5296	8132
4701	8133
4454	8134
407	8135
5083	8136
17	8137
3678	8138
1230	8139
5146	8140
6579	8141
3695	8142
4426	8143
5814	8144
5176	8145
6818	8146
3478	8147
1294	8148
6916	8149
4799	8150
1906	8151
6249	8152
8646	8153
5939	8154
841	8155
8257	8156
1386	8157
1120	8158
368	8159
4286	8160
5431	8161
1831	8162
5532	8163
7810	8164
7945	8165
2290	8166
1971	8167
544	8168
360	8169
3674	8170
7155	8171
6050	8172
6933	8173
1561	8174
6607	8175
5322	8176
786	8177
2015	8178
76	8179
1183	8180
3911	8181
2650	8182
3697	8183
7314	8184
5544	8185
745	8186
3101	8187
5353	8188
8658	8189
353	8190
196	8191
4525	8192
5383	8193
1400	8194
7769	8195
19	8196
622	8197
182	8198
5953	8199
6919	8200
3962	8201
244	8202
601	8203
4443	8204
2954	8205
358	8206
337	8207
1244	8208
7260	8209
5472	8210
7896	8211
6536	8212
320	8213
7286	8214
8213	8215
501	8216
5209	8217
6389	8218
1741	8219
899	8220
5682	8221
1963	8222
6056	8223
2995	8224
6991	8225
4884	8226
7487	8227
4270	8228
2651	8229
6140	8230
2800	8231
455	8232
6336	8233
2654	8234
4658	8235
9035	8236
3543	8237
317	8238
641	8239
2848	8240
34	8241
1734	8242
7171	8243
1916	8244
256	8245
7545	8246
3137	8247
8887	8248
801	8249
3077	8250
678	8251
2710	8252
4565	8253
4212	8254
2211	8255
7283	8256
142	8257
941	8258
6195	8259
1129	8260
1620	8261
4731	8262
600	8263
8905	8264
2396	8265
6077	8266
2264	8267
990	8268
744	8269
220	8270
8478	8271
5121	8272
6586	8273
8641	8274
2113	8275
3075	8276
5579	8277
1807	8278
6422	8279
3182	8280
6211	8281
4666	8282
2328	8283
1840	8284
8667	8285
6715	8286
2305	8287
6564	8288
422	8289
297	8290
1310	8291
2465	8292
6103	8293
1754	8294
627	8295
4351	8296
7107	8297
412	8298
8065	8299
5886	8300
3578	8301
7936	8302
4222	8303
8448	8304
1077	8305
802	8306
5563	8307
830	8308
1261	8309
1890	8310
8908	8311
1810	8312
3517	8313
6900	8314
4026	8315
8552	8316
7067	8317
3346	8318
7846	8319
5525	8320
692	8321
276	8322
462	8323
6646	8324
1668	8325
3345	8326
8660	8327
3667	8328
4034	8329
4917	8330
7440	8331
1163	8332
75	8333
1643	8334
6166	8335
3591	8336
1008	8337
1792	8338
4189	8339
4512	8340
718	8341
2709	8342
6010	8343
4732	8344
648	8345
4614	8346
7215	8347
702	8348
4071	8349
6947	8350
6490	8351
6534	8352
1112	8353
8613	8354
2747	8355
6771	8356
7600	8357
4358	8358
1702	8359
106	8360
7356	8361
1	8362
3987	8363
682	8364
7620	8365
223	8366
5837	8367
1564	8368
4099	8369
7193	8370
3662	8371
1673	8372
193	8373
4599	8374
3576	8375
5954	8376
2308	8377
6809	8378
468	8379
6505	8380
6912	8381
6548	8382
1772	8383
7879	8384
7497	8385
1430	8386
618	8387
8262	8388
6027	8389
104	8390
1264	8391
7801	8392
6926	8393
3112	8394
4341	8395
4595	8396
6901	8397
3485	8398
4874	8399
225	8400
5975	8401
7629	8402
8792	8403
3771	8404
154	8405
7141	8406
2724	8407
532	8408
2872	8409
7958	8410
654	8411
5403	8412
1154	8413
7053	8414
8606	8415
3286	8416
6392	8417
4118	8418
300	8419
8524	8420
5275	8421
8207	8422
1262	8423
5298	8424
2052	8425
3081	8426
7780	8427
706	8428
2410	8429
1414	8430
6306	8431
6156	8432
4553	8433
5946	8434
6606	8435
27	8436
6138	8437
6892	8438
943	8439
8676	8440
8347	8441
3118	8442
7302	8443
1629	8444
1173	8445
3644	8446
6098	8447
8188	8448
353	8449
643	8450
6135	8451
3649	8452
7743	8453
2982	8454
394	8455
8961	8456
8026	8457
6277	8458
824	8459
8426	8460
5035	8461
726	8462
4000	8463
3163	8464
8937	8465
3017	8466
6296	8467
607	8468
5742	8469
8332	8470
3250	8471
738	8472
5010	8473
796	8474
7125	8475
7782	8476
347	8477
732	8478
8337	8479
1186	8480
3766	8481
6193	8482
4907	8483
6274	8484
4044	8485
1647	8486
5492	8487
2080	8488
7938	8489
3996	8490
1352	8491
7775	8492
3375	8493
6911	8494
2774	8495
3365	8496
7669	8497
6468	8498
5341	8499
8303	8500
1788	8501
7244	8502
5060	8503
8989	8504
132	8505
6839	8506
4176	8507
6081	8508
1202	8509
20	8510
7557	8511
3980	8512
753	8513
2235	8514
777	8515
2067	8516
8608	8517
559	8518
360	8519
997	8520
4456	8521
6642	8522
6094	8523
56	8524
2332	8525
6696	8526
1723	8527
6520	8528
7351	8529
6743	8530
7930	8531
729	8532
6752	8533
815	8534
1957	8535
1227	8536
7170	8537
2869	8538
2904	8539
2947	8540
6616	8541
6269	8542
8040	8543
52	8544
1665	8545
559	8546
1321	8547
3897	8548
7478	8549
4775	8550
6953	8551
4793	8552
261	8553
1852	8554
4198	8555
283	8556
5242	8557
82	8558
15	8559
5972	8560
8668	8561
7963	8562
3083	8563
705	8564
5502	8565
5056	8566
4717	8567
7878	8568
5863	8569
3194	8570
1520	8571
5503	8572
1755	8573
335	8574
1056	8575
7607	8576
930	8577
809	8578
8389	8579
8246	8580
7297	8581
3026	8582
8941	8583
5371	8584
2001	8585
2478	8586
186	8587
4097	8588
100	8589
8432	8590
4145	8591
4211	8592
8897	8593
8194	8594
4572	8595
741	8596
9013	8597
1219	8598
2195	8599
7922	8600
8779	8601
5582	8602
4570	8603
248	8604
562	8605
5397	8606
6342	8607
399	8608
5377	8609
42	8610
1535	8611
5673	8612
3788	8613
3659	8614
8856	8615
4062	8616
2540	8617
798	8618
3316	8619
3363	8620
4706	8621
6214	8622
3849	8623
141	8624
1781	8625
1387	8626
2057	8627
7679	8628
7802	8629
4756	8630
5422	8631
4585	8632
54	8633
3784	8634
9010	8635
2691	8636
5825	8637
4465	8638
8069	8639
8486	8640
4059	8641
7369	8642
1382	8643
7293	8644
1245	8645
727	8646
4203	8647
4730	8648
2789	8649
238	8650
5865	8651
2432	8652
7406	8653
7328	8654
7942	8655
978	8656
494	8657
7841	8658
5734	8659
6223	8660
646	8661
16	8662
674	8663
8015	8664
7099	8665
7444	8666
5453	8667
3984	8668
4809	8669
4282	8670
5401	8671
349	8672
570	8673
7838	8674
4966	8675
1444	8676
8353	8677
3371	8678
3426	8679
7147	8680
731	8681
84	8682
5945	8683
1947	8684
7680	8685
479	8686
6612	8687
8493	8688
6700	8689
6570	8690
8401	8691
382	8692
6340	8693
198	8694
409	8695
8196	8696
7934	8697
3595	8698
103	8699
4629	8700
5400	8701
7781	8702
7061	8703
756	8704
3391	8705
620	8706
1510	8707
5477	8708
160	8709
7445	8710
5777	8711
3073	8712
6573	8713
1818	8714
4347	8715
5540	8716
4715	8717
548	8718
84	8719
2845	8720
3872	8721
6959	8722
7722	8723
764	8724
583	8725
4480	8726
3366	8727
2205	8728
5258	8729
1522	8730
76	8731
6286	8732
6300	8733
4601	8734
4424	8735
5535	8736
4980	8737
6903	8738
5127	8739
8769	8740
7850	8741
1828	8742
1936	8743
5034	8744
500	8745
8560	8746
64	8747
6090	8748
4710	8749
8763	8750
552	8751
840	8752
4067	8753
3338	8754
1782	8755
799	8756
7285	8757
4752	8758
418	8759
1047	8760
4045	8761
7245	8762
1797	8763
3404	8764
8879	8765
3321	8766
5461	8767
8525	8768
8010	8769
2595	8770
4208	8771
4991	8772
8181	8773
3567	8774
329	8775
1171	8776
2228	8777
4016	8778
5523	8779
4901	8780
679	8781
2183	8782
2024	8783
1331	8784
347	8785
5908	8786
592	8787
1764	8788
8661	8789
2089	8790
806	8791
3248	8792
2649	8793
8325	8794
6782	8795
1357	8796
986	8797
9	8798
4544	8799
243	8800
3114	8801
3119	8802
3108	8803
1731	8804
7443	8805
8397	8806
4696	8807
8097	8808
8596	8809
8398	8810
312	8811
2299	8812
6065	8813
2935	8814
7116	8815
1546	8816
7520	8817
3959	8818
645	8819
1078	8820
7204	8821
8360	8822
8304	8823
1853	8824
8062	8825
3951	8826
4955	8827
6770	8828
2496	8829
4	8830
4649	8831
1225	8832
8075	8833
7144	8834
8359	8835
8788	8836
215	8837
7981	8838
4073	8839
4024	8840
687	8841
4596	8842
5709	8843
6841	8844
4992	8845
232	8846
2446	8847
5370	8848
4322	8849
976	8850
2776	8851
6875	8852
7242	8853
8974	8854
3634	8855
9	8856
1622	8857
2071	8858
601	8859
4275	8860
17	8861
3003	8862
4744	8863
4060	8864
3061	8865
4927	8866
7985	8867
7070	8868
6921	8869
2415	8870
3297	8871
1623	8872
4691	8873
4288	8874
7135	8875
5415	8876
7377	8877
7104	8878
218	8879
5025	8880
7496	8881
8904	8882
2733	8883
1287	8884
1311	8885
3617	8886
5681	8887
6719	8888
5419	8889
2448	8890
5921	8891
103	8892
7115	8893
2431	8894
495	8895
155	8896
1511	8897
3422	8898
1058	8899
188	8900
5449	8901
6755	8902
6008	8903
6587	8904
7186	8905
2044	8906
4523	8907
6302	8908
2083	8909
2318	8910
6941	8911
5261	8912
7768	8913
5754	8914
1097	8915
239	8916
4381	8917
3098	8918
8414	8919
7063	8920
902	8921
2081	8922
5838	8923
3291	8924
7179	8925
1162	8926
2823	8927
2840	8928
2317	8929
7177	8930
208	8931
2364	8932
792	8933
3954	8934
5694	8935
6838	8936
405	8937
8568	8938
2252	8939
7502	8940
8724	8941
3906	8942
1407	8943
4964	8944
3502	8945
5797	8946
7605	8947
8768	8948
1991	8949
4639	8950
2957	8951
5746	8952
3518	8953
5892	8954
6640	8955
6687	8956
8185	8957
2077	8958
1803	8959
3283	8960
6560	8961
8978	8962
698	8963
3237	8964
1646	8965
7085	8966
462	8967
5417	8968
713	8969
382	8970
2865	8971
7644	8972
751	8973
44	8974
378	8975
1064	8976
7742	8977
8630	8978
7322	8979
836	8980
7800	8981
5848	8982
1566	8983
1449	8984
5679	8985
1785	8986
5497	8987
5486	8988
6312	8989
6724	8990
8326	8991
6879	8992
7875	8993
2021	8994
8584	8995
5586	8996
5778	8997
545	8998
8966	8999
3688	9000
7737	9001
1206	9002
5979	9003
3495	9004
7425	9005
5508	9006
6463	9007
8517	9008
5250	9009
7	9010
1816	9011
204	9012
8036	9013
2401	9014
776	9015
385	9016
2262	9017
5601	9018
7276	9019
4058	9020
2334	9021
6265	9022
7615	9023
8055	9024
4637	9025
1000	9026
3009	9027
7539	9028
8810	9029
2064	9030
7025	9031
2297	9032
8429	9033
6566	9034
2229	9035
7883	9036
173	9037
4622	9038
6469	9039
3927	9040
118	9041
2029	9042
89	9043
2395	9044
7232	9045
7182	9046
1942	9047
8929	9048
3219	9049
6305	9050
6890	9051
372	9052
5704	9053
8750	9054
1454	9055
8948	9056
2216	9057
3534	9058
7758	9059
5708	9060
8639	9061
4919	9062
8678	9063
8284	9064
712	9065
1625	9066
3790	9067
3053	9068
1850	9069
7471	9070
7483	9071
7749	9072
4573	9073
2186	9074
2170	9075
1209	9076
131	9077
4061	9078
236	9079
3367	9080
8968	9081
628	9082
5391	9083
4681	9084
2422	9085
7489	9086
1584	9087
8745	9088
616	9089
156	9090
4588	9091
8518	9092
5324	9093
5014	9094
4342	9095
1541	9096
756	9097
1593	9098
4205	9099
8987	9100
6601	9101
295	9102
581	9103
5913	9104
2685	9105
3385	9106
1461	9107
4366	9108
5090	9109
4186	9110
478	9111
4664	9112
265	9113
2042	9114
53	9115
216	9116
5085	9117
8553	9118
2895	9119
7529	9120
1304	9121
6171	9122
489	9123
6153	9124
4796	9125
31	9126
68	9127
5440	9128
1121	9129
5998	9130
6125	9131
259	9132
4239	9133
2254	9134
7064	9135
5047	9136
2618	9137
5986	9138
7971	9139
8037	9140
4038	9141
174	9142
235	9143
591	9144
2314	9145
6160	9146
2271	9147
7606	9148
814	9149
155	9150
1167	9151
2393	9152
3986	9153
6213	9154
2098	9155
6443	9156
1683	9157
6043	9158
6997	9159
3482	9160
1436	9161
9016	9162
4333	9163
6378	9164
4899	9165
608	9166
3813	9167
344	9168
8479	9169
6126	9170
308	9171
543	9172
162	9173
2023	9174
228	9175
714	9176
2347	9177
6246	9178
3995	9179
8031	9180
2981	9181
4238	9182
2979	9183
1914	9184
7181	9185
4707	9186
545	9187
3547	9188
2917	9189
3213	9190
1394	9191
8220	9192
4737	9193
6865	9194
6962	9195
4620	9196
8576	9197
8186	9198
740	9199
795	9200
935	9201
786	9202
3001	9203
6835	9204
7673	9205
136	9206
2727	9207
40	9208
8495	9209
6957	9210
6931	9211
6807	9212
90	9213
587	9214
275	9215
5185	9216
1148	9217
2620	9218
6783	9219
2517	9220
3116	9221
2194	9222
2777	9223
18	9224
5155	9225
1404	9226
970	9227
4382	9228
4830	9229
7194	9230
1358	9231
8266	9232
1926	9233
5857	9234
7618	9235
8949	9236
2838	9237
1726	9238
5423	9239
768	9240
39	9241
2322	9242
4699	9243
1362	9244
8950	9245
6377	9246
7865	9247
5634	9248
8464	9249
6906	9250
5432	9251
6581	9252
1863	9253
340	9254
6975	9255
7088	9256
7021	9257
1994	9258
287	9259
7636	9260
1390	9261
8809	9262
211	9263
8850	9264
3256	9265
178	9266
6533	9267
5490	9268
411	9269
8016	9270
7459	9271
776	9272
99	9273
701	9274
2565	9275
8447	9276
8952	9277
6183	9278
3592	9279
833	9280
298	9281
839	9282
8184	9283
1443	9284
6672	9285
557	9286
2082	9287
6969	9288
3889	9289
2309	9290
4379	9291
6299	9292
3553	9293
610	9294
6181	9295
3331	9296
4280	9297
8825	9298
863	9299
306	9300
5385	9301
7350	9302
5485	9303
4774	9304
7613	9305
7173	9306
915	9307
5466	9308
467	9309
6173	9310
6263	9311
2144	9312
2063	9313
8319	9314
4467	9315
8722	9316
7273	9317
30	9318
2468	9319
2610	9320
7523	9321
4317	9322
4554	9323
2296	9324
3401	9325
2008	9326
1437	9327
8741	9328
24	9329
4824	9330
3388	9331
4056	9332
6074	9333
2189	9334
6137	9335
4124	9336
1538	9337
1384	9338
1417	9339
2185	9340
5299	9341
2713	9342
3258	9343
3430	9344
3664	9345
4891	9346
6428	9347
3301	9348
6143	9349
46	9350
156	9351
1888	9352
8530	9353
3511	9354
4326	9355
1005	9356
1043	9357
8507	9358
4378	9359
7362	9360
5961	9361
8917	9362
6236	9363
219	9364
7225	9365
634	9366
2424	9367
135	9368
4892	9369
6298	9370
3432	9371
2437	9372
3949	9373
2892	9374
4405	9375
2660	9376
5927	9377
266	9378
1735	9379
238	9380
4104	9381
496	9382
8542	9383
5932	9384
4006	9385
6966	9386
523	9387
5924	9388
492	9389
1185	9390
5004	9391
3890	9392
7640	9393
5178	9394
1320	9395
469	9396
8997	9397
7955	9398
3915	9399
1825	9400
2391	9401
5650	9402
847	9403
115	9404
333	9405
5233	9406
4064	9407
7997	9408
3350	9409
984	9410
2607	9411
5008	9412
650	9413
6399	9414
6747	9415
4127	9416
755	9417
4315	9418
1130	9419
8482	9420
6425	9421
291	9422
8365	9423
1712	9424
440	9425
4245	9426
2818	9427
1	9428
2059	9429
6843	9430
2174	9431
6097	9432
3523	9433
7978	9434
7671	9435
6112	9436
539	9437
2421	9438
5906	9439
7389	9440
366	9441
6979	9442
7811	9443
8602	9444
227	9445
3308	9446
7889	9447
1737	9448
3020	9449
1152	9450
687	9451
4642	9452
8894	9453
8843	9454
7965	9455
8141	9456
4905	9457
2380	9458
49	9459
1027	9460
2239	9461
2004	9462
5373	9463
1099	9464
2903	9465
8225	9466
5753	9467
4690	9468
6776	9469
6878	9470
1195	9471
1545	9472
6846	9473
6590	9474
326	9475
4022	9476
3557	9477
4331	9478
4564	9479
3140	9480
8541	9481
5288	9482
8441	9483
365	9484
4894	9485
2272	9486
3058	9487
4767	9488
2197	9489
4823	9490
4862	9491
4843	9492
1048	9493
8051	9494
6500	9495
5479	9496
1519	9497
8981	9498
4352	9499
315	9500
1157	9501
1030	9502
7335	9503
3127	9504
3236	9505
8494	9506
2675	9507
220	9508
261	9509
3243	9510
2286	9511
8624	9512
165	9513
2702	9514
6521	9515
6101	9516
579	9517
5149	9518
6937	9519
547	9520
6655	9521
8028	9522
5278	9523
338	9524
8707	9525
2499	9526
1701	9527
7027	9528
2047	9529
2284	9530
5414	9531
5487	9532
3725	9533
5087	9534
8910	9535
4181	9536
1098	9537
8501	9538
2744	9539
371	9540
6408	9541
287	9542
6301	9543
3928	9544
5962	9545
4584	9546
6375	9547
4689	9548
8231	9549
615	9550
5277	9551
3412	9552
1151	9553
4335	9554
2773	9555
269	9556
6727	9557
4975	9558
8583	9559
8268	9560
3166	9561
284	9562
6272	9563
1232	9564
1500	9565
8709	9566
7788	9567
8364	9568
946	9569
5107	9570
816	9571
4440	9572
2900	9573
74	9574
8116	9575
301	9576
4330	9577
5444	9578
8308	9579
1463	9580
269	9581
5336	9582
122	9583
8301	9584
2847	9585
8858	9586
8311	9587
4853	9588
8199	9589
5675	9590
383	9591
3012	9592
8223	9593
2190	9594
1057	9595
6624	9596
4626	9597
629	9598
542	9599
3666	9600
7597	9601
5099	9602
6769	9603
8993	9604
4225	9605
5220	9606
6297	9607
1847	9608
1107	9609
5926	9610
697	9611
2590	9612
714	9613
8462	9614
6806	9615
137	9616
5710	9617
3102	9618
6106	9619
467	9620
8025	9621
2707	9622
2368	9623
206	9624
7411	9625
7533	9626
7739	9627
177	9628
8404	9629
5810	9630
7197	9631
4729	9632
2912	9633
4432	9634
840	9635
3150	9636
8222	9637
8936	9638
7342	9639
22	9640
8399	9641
3796	9642
803	9643
1324	9644
7988	9645
1002	9646
520	9647
876	9648
197	9649
2402	9650
3218	9651
5293	9652
1674	9653
4947	9654
3787	9655
5861	9656
5118	9657
538	9658
486	9659
1108	9660
442	9661
120	9662
1380	9663
3806	9664
40	9665
6071	9666
8855	9667
2868	9668
7847	9669
4583	9670
5504	9671
5698	9672
2507	9673
159	9674
6100	9675
3170	9676
2087	9677
7108	9678
5596	9679
10	9680
2155	9681
2191	9682
417	9683
2280	9684
3347	9685
1333	9686
7382	9687
7005	9688
3641	9689
2442	9690
3538	9691
3274	9692
1256	9693
8640	9694
8290	9695
1967	9696
6309	9697
1872	9698
5736	9699
239	9700
6332	9701
8598	9702
684	9703
655	9704
3896	9705
4392	9706
438	9707
419	9708
310	9709
6923	9710
8773	9711
679	9712
6680	9713
5069	9714
781	9715
2002	9716
415	9717
647	9718
6882	9719
683	9720
1662	9721
7969	9722
937	9723
2136	9724
8357	9725
7370	9726
8508	9727
6224	9728
7041	9729
2642	9730
234	9731
1860	9732
4610	9733
7378	9734
2088	9735
7485	9736
4815	9737
8882	9738
61	9739
1372	9740
5891	9741
1761	9742
2667	9743
8264	9744
3878	9745
5804	9746
8921	9747
6396	9748
7484	9749
6141	9750
243	9751
7185	9752
5292	9753
7813	9754
6689	9755
7200	9756
10	9757
2839	9758
9017	9759
8963	9760
6902	9761
7040	9762
6337	9763
222	9764
5281	9765
795	9766
5124	9767
7656	9768
2035	9769
7727	9770
5120	9771
7482	9772
7371	9773
1216	9774
7451	9775
1636	9776
5238	9777
219	9778
3622	9779
7596	9780
5591	9781
4399	9782
5267	9783
8125	9784
2003	9785
3772	9786
2337	9787
151	9788
2336	9789
3034	9790
709	9791
552	9792
4615	9793
6072	9794
1458	9795
1	9796
7446	9797
1317	9798
7331	9799
4560	9800
8655	9801
7461	9802
8454	9803
6248	9804
565	9805
2843	9806
4237	9807
1903	9808
1441	9809
4571	9810
7766	9811
8562	9812
2943	9813
1328	9814
3269	9815
3428	9816
3093	9817
5153	9818
8155	9819
7857	9820
1300	9821
150	9822
2056	9823
7280	9824
6897	9825
3272	9826
6155	9827
8018	9828
737	9829
7317	9830
998	9831
3358	9832
3487	9833
5549	9834
7893	9835
6704	9836
6946	9837
5991	9838
6491	9839
5531	9840
3564	9841
2435	9842
4773	9843
4494	9844
6036	9845
5084	9846
1371	9847
4178	9848
7536	9849
2893	9850
2429	9851
8085	9852
4747	9853
2392	9854
2983	9855
2863	9856
5617	9857
7807	9858
3221	9859
8409	9860
5728	9861
7448	9862
3324	9863
1940	9864
6710	9865
691	9866
4141	9867
3746	9868
1848	9869
393	9870
1917	9871
4829	9872
733	9873
7864	9874
3313	9875
205	9876
229	9877
1719	9878
6271	9879
184	9880
3724	9881
555	9882
4962	9883
3253	9884
2930	9885
529	9886
807	9887
8536	9888
3661	9889
6131	9890
5565	9891
811	9892
8973	9893
5369	9894
6948	9895
1605	9896
3629	9897
6419	9898
6014	9899
8585	9900
4139	9901
3536	9902
4442	9903
4575	9904
4580	9905
6981	9906
6218	9907
3434	9908
7312	9909
7592	9910
208	9911
797	9912
118	9913
2534	9914
432	9915
2472	9916
1411	9917
3372	9918
2447	9919
2522	9920
6759	9921
782	9922
1537	9923
843	9924
1908	9925
1540	9926
7015	9927
8673	9928
4606	9929
7114	9930
7702	9931
3415	9932
8173	9933
4373	9934
7097	9935
8909	9936
7614	9937
8532	9938
151	9939
7143	9940
5820	9941
3425	9942
4974	9943
6092	9944
8885	9945
1471	9946
5478	9947
5642	9948
514	9949
8269	9950
6411	9951
807	9952
528	9953
8201	9954
4845	9955
6024	9956
1822	9957
6499	9958
158	9959
6668	9960
6233	9961
5775	9962
3589	9963
8546	9964
4792	9965
8407	9966
3342	9967
2452	9968
5416	9969
2457	9970
2841	9971
5224	9972
7888	9973
5384	9974
779	9975
6858	9976
4605	9977
15	9978
1544	9979
6359	9980
1153	9981
59	9982
8421	9983
3780	9984
408	9985
828	9986
371	9987
2751	9988
8323	9989
7890	9990
1494	9991
7623	9992
6117	9993
2578	9994
5273	9995
7277	9996
6061	9997
1923	9998
6877	9999
2988	10000
