5394	1
3416	2
1212	3
381	4
870	5
5232	6
4331	7
847	8
7978	9
4933	10
6310	11
6056	12
5712	13
278	14
5548	15
4601	16
4713	17
7359	18
6773	19
1122	20
815	21
6824	22
4214	23
5992	24
5350	25
3505	26
8351	27
485	28
3764	29
7200	30
260	31
4270	32
6025	33
5360	34
5518	35
2517	36
8207	37
173	38
4259	39
6175	40
7265	41
6571	42
4535	43
5015	44
189	45
3951	46
5283	47
261	48
475	49
6471	50
1031	51
4570	52
2758	53
848	54
7009	55
211	56
1438	57
479	58
6920	59
7881	60
608	61
258	62
7066	63
3281	64
5708	65
4183	66
570	67
712	68
70	69
5677	70
7085	71
3543	72
4736	73
6317	74
325	75
458	76
300	77
4361	78
7379	79
1390	80
1095	81
3300	82
8154	83
2491	84
5432	85
35	86
4654	87
4649	88
6107	89
939	90
4981	91
1786	92
1019	93
929	94
124	95
1569	96
110	97
1792	98
4349	99
3644	100
217	101
113	102
46	103
2902	104
5800	105
3567	106
163	107
3763	108
5537	109
1674	110
8052	111
8228	112
4033	113
7409	114
1041	115
854	116
5234	117
36	118
33	119
5990	120
5922	121
3596	122
696	123
6436	124
5846	125
4111	126
8288	127
442	128
15	129
6057	130
1302	131
309	132
5836	133
5634	134
5781	135
5495	136
7069	137
2467	138
87	139
1029	140
184	141
74	142
110	143
186	144
3880	145
7688	146
5295	147
46	148
1105	149
3706	150
974	151
6848	152
7993	153
318	154
7988	155
2028	156
148	157
7854	158
5136	159
447	160
22	161
7281	162
7475	163
1678	164
1774	165
1659	166
6033	167
773	168
8083	169
3756	170
1778	171
418	172
4253	173
4811	174
5028	175
2381	176
2523	177
3705	178
5930	179
1063	180
534	181
6417	182
6075	183
5753	184
8218	185
771	186
160	187
8020	188
762	189
6821	190
6303	191
862	192
1506	193
5946	194
1675	195
1862	196
6166	197
2773	198
628	199
374	200
1418	201
2170	202
8396	203
4817	204
6779	205
6647	206
1082	207
6005	208
6994	209
923	210
2048	211
4463	212
55	213
6115	214
5258	215
3083	216
2846	217
1838	218
4768	219
5795	220
5175	221
3406	222
6953	223
7070	224
1831	225
3447	226
2831	227
5901	228
81	229
739	230
281	231
812	232
1053	233
4175	234
2750	235
8375	236
955	237
4688	238
791	239
1076	240
5920	241
1072	242
5942	243
6942	244
538	245
8343	246
1068	247
1597	248
7655	249
7180	250
5796	251
3408	252
2108	253
4078	254
2299	255
1673	256
6497	257
5636	258
2384	259
6853	260
688	261
246	262
835	263
34	264
727	265
4988	266
2672	267
321	268
7709	269
354	270
158	271
132	272
1901	273
6982	274
354	275
901	276
7706	277
861	278
73	279
2128	280
3745	281
3885	282
8177	283
3852	284
105	285
7648	286
866	287
503	288
5055	289
916	290
2488	291
252	292
1818	293
1571	294
7643	295
2762	296
7140	297
7465	298
186	299
8322	300
7334	301
623	302
657	303
1127	304
1050	305
75	306
4778	307
469	308
349	309
8007	310
1499	311
668	312
6791	313
227	314
388	315
47	316
6427	317
630	318
61	319
7801	320
860	321
178	322
2679	323
3311	324
6430	325
5809	326
1324	327
7	328
255	329
209	330
7693	331
4103	332
567	333
16	334
970	335
1948	336
2036	337
1652	338
2063	339
5100	340
82	341
212	342
3600	343
2410	344
3193	345
1773	346
746	347
2667	348
1477	349
2669	350
3305	351
3608	352
5069	353
197	354
2509	355
136	356
6459	357
881	358
5132	359
1159	360
2164	361
2413	362
2896	363
621	364
17	365
557	366
86	367
1587	368
1987	369
7907	370
1153	371
6091	372
130	373
3836	374
776	375
7526	376
6201	377
899	378
4958	379
1698	380
3459	381
721	382
3958	383
203	384
729	385
5642	386
1250	387
5628	388
3697	389
1441	390
6664	391
5286	392
341	393
5077	394
378	395
7402	396
8393	397
823	398
5187	399
5814	400
6839	401
7498	402
7838	403
5194	404
1430	405
51	406
4959	407
2600	408
8256	409
3340	410
7755	411
334	412
1053	413
169	414
1009	415
651	416
7640	417
1044	418
3858	419
2723	420
1583	421
8060	422
6078	423
1262	424
6414	425
1224	426
7815	427
6751	428
4455	429
6836	430
3189	431
4780	432
6688	433
5397	434
2360	435
5022	436
2631	437
1668	438
2513	439
3730	440
885	441
755	442
5593	443
2204	444
4812	445
1366	446
1897	447
169	448
8024	449
4635	450
3139	451
1103	452
2694	453
38	454
5606	455
3242	456
7814	457
1796	458
3268	459
730	460
3262	461
4519	462
62	463
1940	464
2597	465
865	466
32	467
1676	468
535	469
7666	470
224	471
2612	472
850	473
8338	474
2617	475
5	476
1020	477
1415	478
5702	479
3116	480
632	481
6777	482
394	483
31	484
3983	485
2070	486
345	487
5215	488
6845	489
2463	490
1892	491
2024	492
5664	493
2950	494
4783	495
1811	496
8027	497
6504	498
7316	499
1502	500
4106	501
7585	502
1237	503
4453	504
56	505
1151	506
4510	507
4761	508
7561	509
2893	510
107	511
6973	512
1085	513
6370	514
382	515
245	516
5237	517
426	518
6275	519
227	520
4567	521
3779	522
6118	523
6787	524
7371	525
2937	526
6871	527
559	528
6522	529
234	530
461	531
3337	532
3933	533
5057	534
1028	535
289	536
650	537
2182	538
5216	539
6974	540
5679	541
2352	542
3233	543
6969	544
364	545
3147	546
5691	547
2319	548
7488	549
139	550
8428	551
711	552
799	553
6620	554
528	555
7300	556
4015	557
5369	558
204	559
2149	560
3427	561
3444	562
54	563
1876	564
3995	565
5950	566
6278	567
4265	568
10	569
1604	570
6485	571
1349	572
2321	573
120	574
191	575
1078	576
5254	577
32	578
6088	579
5071	580
5782	581
5650	582
6340	583
1172	584
2972	585
7787	586
7065	587
8164	588
77	589
6054	590
433	591
4348	592
5717	593
2315	594
1638	595
6447	596
1294	597
5336	598
4552	599
4193	600
6415	601
2687	602
704	603
1493	604
6931	605
4728	606
1716	607
5987	608
7363	609
7730	610
7727	611
8277	612
371	613
4623	614
7095	615
6329	616
783	617
545	618
7536	619
3691	620
705	621
7382	622
532	623
756	624
6888	625
1120	626
2969	627
73	628
716	629
369	630
3302	631
6095	632
6218	633
2903	634
5218	635
215	636
3946	637
8279	638
5656	639
2824	640
1889	641
180	642
4595	643
1642	644
5241	645
4868	646
2734	647
857	648
8211	649
6481	650
6860	651
1679	652
53	653
1750	654
5553	655
830	656
5931	657
8178	658
4922	659
6908	660
3863	661
4690	662
7337	663
6952	664
1804	665
2741	666
7846	667
1605	668
874	669
5868	670
4893	671
5525	672
2912	673
5669	674
4853	675
728	676
5042	677
3744	678
54	679
7136	680
3782	681
3220	682
1996	683
456	684
3230	685
7330	686
7783	687
3931	688
7262	689
897	690
2074	691
551	692
633	693
4995	694
3712	695
3668	696
3316	697
625	698
2035	699
741	700
1027	701
925	702
3351	703
91	704
5370	705
685	706
1027	707
164	708
2844	709
569	710
3823	711
266	712
5863	713
6802	714
6292	715
4493	716
7005	717
6499	718
5424	719
5826	720
6549	721
332	722
1934	723
3497	724
483	725
788	726
3162	727
149	728
7142	729
1800	730
7399	731
7740	732
26	733
2993	734
7898	735
2243	736
6590	737
314	738
7216	739
7982	740
2053	741
2526	742
7006	743
8414	744
1313	745
6534	746
97	747
6533	748
7902	749
2364	750
5457	751
764	752
4507	753
868	754
3724	755
5682	756
4339	757
5008	758
477	759
5276	760
5390	761
632	762
3312	763
8129	764
6547	765
1681	766
3095	767
7075	768
7071	769
4966	770
719	771
5481	772
481	773
1492	774
157	775
2971	776
2802	777
1869	778
2403	779
3512	780
1670	781
6243	782
2075	783
5535	784
2366	785
823	786
8031	787
2550	788
1136	789
5471	790
7649	791
2264	792
1662	793
7125	794
7623	795
2077	796
6857	797
2594	798
5473	799
4814	800
5244	801
4998	802
3881	803
6788	804
4646	805
6061	806
3026	807
6138	808
619	809
3176	810
2447	811
30	812
1004	813
707	814
7521	815
5640	816
4188	817
6411	818
7597	819
6294	820
8204	821
1375	822
5595	823
2935	824
3895	825
2832	826
5139	827
2710	828
738	829
573	830
2235	831
7440	832
1098	833
3371	834
7117	835
5938	836
2424	837
8305	838
7939	839
1852	840
2851	841
1687	842
170	843
3148	844
7721	845
700	846
1261	847
8116	848
4	849
1132	850
1145	851
7191	852
8068	853
4996	854
979	855
3056	856
7650	857
642	858
2081	859
4895	860
7922	861
189	862
5051	863
7476	864
372	865
2005	866
3285	867
956	868
8395	869
2623	870
7246	871
6884	872
3125	873
8082	874
3937	875
577	876
3397	877
2901	878
3601	879
3044	880
2185	881
6105	882
84	883
909	884
2981	885
1081	886
6583	887
28	888
195	889
526	890
55	891
5052	892
4939	893
802	894
7826	895
921	896
2126	897
3659	898
4878	899
5876	900
7050	901
3487	902
8152	903
3382	904
1894	905
80	906
146	907
7381	908
1849	909
152	910
8220	911
7532	912
481	913
5039	914
4263	915
7489	916
1731	917
3916	918
1034	919
443	920
6793	921
2106	922
4156	923
1345	924
7230	925
4665	926
2448	927
8435	928
226	929
3834	930
5265	931
8394	932
2103	933
276	934
1230	935
2465	936
3225	937
2543	938
3462	939
5200	940
581	941
188	942
6330	943
6697	944
5955	945
2376	946
3787	947
4593	948
1451	949
7057	950
2154	951
5270	952
133	953
3666	954
1293	955
3372	956
4220	957
2671	958
5581	959
1060	960
334	961
1259	962
5095	963
6472	964
6671	965
2788	966
468	967
6762	968
5227	969
6894	970
5242	971
7542	972
4889	973
4370	974
409	975
6655	976
2241	977
124	978
18	979
5845	980
10	981
864	982
185	983
1548	984
5249	985
6820	986
841	987
5083	988
7303	989
1730	990
1833	991
5192	992
480	993
4202	994
775	995
777	996
6599	997
7731	998
6630	999
3533	1000
4231	1001
2143	1002
101	1003
2165	1004
117	1005
3402	1006
3632	1007
4484	1008
8000	1009
6490	1010
438	1011
8234	1012
60	1013
5442	1014
363	1015
7146	1016
5321	1017
6389	1018
2761	1019
7711	1020
496	1021
1139	1022
772	1023
2363	1024
450	1025
2228	1026
5296	1027
2968	1028
1725	1029
571	1030
801	1031
270	1032
1104	1033
6891	1034
2948	1035
2539	1036
1008	1037
3815	1038
7438	1039
1576	1040
249	1041
122	1042
194	1043
916	1044
1728	1045
7388	1046
4732	1047
235	1048
5513	1049
5248	1050
5476	1051
5160	1052
1150	1053
269	1054
4751	1055
7948	1056
764	1057
4684	1058
1036	1059
211	1060
3322	1061
763	1062
49	1063
176	1064
262	1065
7031	1066
7539	1067
8048	1068
116	1069
44	1070
4830	1071
300	1072
24	1073
4852	1074
3737	1075
759	1076
347	1077
3735	1078
515	1079
6714	1080
5953	1081
1176	1082
3008	1083
4619	1084
6959	1085
1471	1086
3209	1087
1516	1088
7940	1089
4832	1090
4697	1091
2581	1092
5751	1093
3355	1094
5300	1095
252	1096
7522	1097
1508	1098
6910	1099
2078	1100
4520	1101
5056	1102
2917	1103
568	1104
7320	1105
4230	1106
432	1107
7933	1108
2383	1109
8135	1110
3805	1111
7708	1112
4196	1113
980	1114
7713	1115
566	1116
5500	1117
2176	1118
7434	1119
593	1120
4327	1121
7336	1122
2541	1123
3439	1124
3011	1125
6260	1126
7164	1127
235	1128
444	1129
4319	1130
7341	1131
4757	1132
2365	1133
405	1134
670	1135
6137	1136
4083	1137
3693	1138
1664	1139
695	1140
890	1141
1038	1142
785	1143
6987	1144
7880	1145
6121	1146
5399	1147
283	1148
3631	1149
6737	1150
1101	1151
4401	1152
8380	1153
1046	1154
2051	1155
706	1156
4491	1157
39	1158
116	1159
5198	1160
4490	1161
5837	1162
75	1163
5912	1164
3206	1165
2031	1166
1530	1167
8323	1168
3022	1169
1719	1170
5161	1171
274	1172
3871	1173
240	1174
486	1175
5438	1176
4049	1177
7450	1178
3019	1179
2657	1180
7654	1181
4091	1182
7842	1183
661	1184
7851	1185
4246	1186
45	1187
7669	1188
4154	1189
4248	1190
42	1191
6691	1192
7975	1193
6173	1194
845	1195
2622	1196
2345	1197
5820	1198
7855	1199
3506	1200
5700	1201
1703	1202
987	1203
2841	1204
259	1205
8419	1206
8148	1207
558	1208
391	1209
3586	1210
7877	1211
766	1212
2179	1213
4500	1214
519	1215
920	1216
144	1217
4013	1218
1068	1219
6365	1220
4436	1221
3357	1222
7580	1223
5995	1224
4010	1225
29	1226
107	1227
6922	1228
363	1229
4274	1230
2532	1231
1481	1232
7621	1233
5247	1234
7641	1235
6789	1236
4406	1237
780	1238
522	1239
525	1240
4809	1241
7837	1242
4840	1243
434	1244
1624	1245
99	1246
435	1247
2387	1248
34	1249
1106	1250
2323	1251
2864	1252
162	1253
671	1254
3575	1255
5824	1256
4920	1257
5498	1258
3106	1259
2733	1260
2419	1261
4865	1262
71	1263
7362	1264
7627	1265
8111	1266
4589	1267
3107	1268
873	1269
2130	1270
3443	1271
864	1272
6592	1273
2825	1274
3025	1275
1002	1276
1249	1277
3654	1278
6487	1279
800	1280
168	1281
936	1282
1131	1283
7766	1284
673	1285
7463	1286
6179	1287
5450	1288
7859	1289
6573	1290
3824	1291
4129	1292
284	1293
8356	1294
7538	1295
6616	1296
1235	1297
7285	1298
8145	1299
1252	1300
3521	1301
6739	1302
1570	1303
386	1304
1290	1305
6369	1306
4970	1307
1179	1308
7862	1309
8230	1310
7501	1311
4178	1312
63	1313
8156	1314
782	1315
263	1316
2396	1317
3804	1318
934	1319
3422	1320
660	1321
3042	1322
6796	1323
1534	1324
3582	1325
4134	1326
6245	1327
168	1328
129	1329
7339	1330
2442	1331
82	1332
6067	1333
6174	1334
2954	1335
6383	1336
4441	1337
4153	1338
7890	1339
6852	1340
2148	1341
1306	1342
4990	1343
791	1344
153	1345
8370	1346
2955	1347
4017	1348
4322	1349
4767	1350
7863	1351
6248	1352
208	1353
3054	1354
3292	1355
4915	1356
214	1357
3915	1358
1034	1359
5169	1360
4973	1361
4522	1362
7970	1363
7451	1364
8064	1365
1032	1366
6672	1367
7462	1368
3980	1369
3870	1370
859	1371
3425	1372
344	1373
4797	1374
145	1375
4566	1376
77	1377
602	1378
168	1379
6014	1380
3483	1381
4256	1382
126	1383
7571	1384
1254	1385
5858	1386
7618	1387
1125	1388
5789	1389
3501	1390
3932	1391
5839	1392
2167	1393
3113	1394
1899	1395
7515	1396
1690	1397
1823	1398
5437	1399
8206	1400
660	1401
7036	1402
1999	1403
2709	1404
396	1405
2337	1406
2095	1407
1157	1408
2481	1409
2956	1410
8309	1411
4160	1412
5078	1413
5251	1414
1209	1415
1713	1416
5288	1417
3998	1418
5211	1419
7605	1420
3843	1421
5761	1422
4244	1423
7981	1424
6694	1425
2678	1426
7239	1427
3739	1428
4553	1429
6584	1430
966	1431
3899	1432
2685	1433
8053	1434
1351	1435
6318	1436
5850	1437
7126	1438
87	1439
4505	1440
8328	1441
4738	1442
4989	1443
650	1444
3918	1445
5890	1446
6065	1447
8285	1448
820	1449
1232	1450
2843	1451
2982	1452
2309	1453
6425	1454
5952	1455
7510	1456
5769	1457
308	1458
7792	1459
742	1460
6513	1461
3354	1462
3100	1463
5207	1464
4041	1465
2516	1466
3030	1467
4323	1468
3757	1469
2715	1470
3055	1471
2479	1472
953	1473
6495	1474
7279	1475
1014	1476
4359	1477
76	1478
6212	1479
5087	1480
1854	1481
4460	1482
2211	1483
3165	1484
6874	1485
8	1486
5279	1487
5929	1488
1532	1489
3255	1490
448	1491
1994	1492
5972	1493
1618	1494
2370	1495
3515	1496
2621	1497
3265	1498
4302	1499
7257	1500
1776	1501
7326	1502
5572	1503
4723	1504
7375	1505
56	1506
5391	1507
573	1508
5378	1509
3972	1510
3838	1511
7773	1512
1319	1513
4411	1514
308	1515
3912	1516
505	1517
479	1518
6939	1519
5090	1520
4076	1521
588	1522
3842	1523
5308	1524
2681	1525
8283	1526
4200	1527
3984	1528
3203	1529
1696	1530
2583	1531
6553	1532
145	1533
1898	1534
7543	1535
5104	1536
4836	1537
6929	1538
3597	1539
4390	1540
4707	1541
4057	1542
6323	1543
7564	1544
6603	1545
6231	1546
6958	1547
6044	1548
6052	1549
7631	1550
4821	1551
2438	1552
4435	1553
1434	1554
8183	1555
30	1556
3865	1557
6470	1558
4533	1559
7312	1560
5131	1561
5543	1562
7400	1563
4464	1564
5675	1565
5449	1566
7431	1567
5195	1568
675	1569
3720	1570
2591	1571
2907	1572
1428	1573
3801	1574
4352	1575
1582	1576
4363	1577
7983	1578
2391	1579
3127	1580
2020	1581
7707	1582
3126	1583
7749	1584
7929	1585
2592	1586
8217	1587
1444	1588
1362	1589
8199	1590
4255	1591
594	1592
3664	1593
6511	1594
987	1595
1859	1596
2356	1597
982	1598
2562	1599
906	1600
7987	1601
1216	1602
3669	1603
146	1604
3348	1605
3660	1606
2493	1607
4489	1608
4951	1609
1826	1610
7	1611
4275	1612
7509	1613
6489	1614
6011	1615
1360	1616
4696	1617
7162	1618
5264	1619
8188	1620
675	1621
8213	1622
3853	1623
4841	1624
5924	1625
7703	1626
2872	1627
3396	1628
3696	1629
7637	1630
6676	1631
6200	1632
3388	1633
3773	1634
1400	1635
2086	1636
5178	1637
893	1638
6036	1639
1971	1640
1614	1641
2690	1642
5380	1643
638	1644
4876	1645
5576	1646
5651	1647
4289	1648
5474	1649
8415	1650
7979	1651
5012	1652
5376	1653
1497	1654
241	1655
7347	1656
3732	1657
1523	1658
4735	1659
7427	1660
288	1661
8422	1662
3301	1663
5415	1664
1408	1665
7598	1666
279	1667
194	1668
3258	1669
7232	1670
1903	1671
8272	1672
59	1673
5409	1674
914	1675
842	1676
6068	1677
314	1678
2880	1679
855	1680
2150	1681
7617	1682
3362	1683
3893	1684
6869	1685
1342	1686
4740	1687
5444	1688
2931	1689
511	1690
6157	1691
653	1692
2801	1693
5884	1694
4218	1695
8030	1696
5617	1697
276	1698
7680	1699
5564	1700
7411	1701
5728	1702
1700	1703
7017	1704
6268	1705
18	1706
7557	1707
2933	1708
2090	1709
8103	1710
415	1711
6529	1712
3936	1713
3239	1714
7836	1715
4127	1716
6449	1717
83	1718
6027	1719
1291	1720
546	1721
3482	1722
8109	1723
3400	1724
7410	1725
7810	1726
1632	1727
6840	1728
7282	1729
5764	1730
3066	1731
3873	1732
125	1733
7028	1734
6160	1735
2551	1736
4579	1737
1521	1738
1030	1739
8011	1740
5235	1741
3753	1742
5652	1743
3458	1744
1629	1745
8128	1746
4027	1747
1665	1748
2385	1749
3274	1750
992	1751
4776	1752
1298	1753
933	1754
2712	1755
6754	1756
8113	1757
2171	1758
1140	1759
8231	1760
2725	1761
5333	1762
6280	1763
2545	1764
3429	1765
6595	1766
220	1767
5030	1768
6889	1769
4190	1770
7670	1771
2142	1772
4269	1773
3901	1774
4447	1775
6316	1776
3169	1777
3727	1778
1217	1779
5510	1780
221	1781
1006	1782
6700	1783
3526	1784
2511	1785
5558	1786
2576	1787
6693	1788
1346	1789
800	1790
4551	1791
952	1792
8184	1793
5011	1794
7360	1795
4306	1796
3611	1797
4162	1798
3163	1799
2897	1800
5674	1801
1900	1802
7133	1803
3133	1804
1735	1805
5298	1806
7590	1807
2468	1808
4360	1809
3481	1810
4074	1811
1011	1812
6172	1813
4409	1814
5655	1815
7778	1816
5460	1817
2085	1818
497	1819
2887	1820
2899	1821
5767	1822
208	1823
6203	1824
2328	1825
5148	1826
20	1827
6747	1828
4279	1829
4032	1830
3205	1831
8028	1832
3633	1833
7608	1834
2038	1835
2237	1836
3839	1837
174	1838
6140	1839
3926	1840
4502	1841
5358	1842
5088	1843
5134	1844
7195	1845
2604	1846
6903	1847
8147	1848
6937	1849
7932	1850
2794	1851
3051	1852
6236	1853
5464	1854
3299	1855
1100	1856
5913	1857
790	1858
1156	1859
1203	1860
6035	1861
499	1862
44	1863
317	1864
2131	1865
7254	1866
6594	1867
4402	1868
3368	1869
4670	1870
3574	1871
7714	1872
6861	1873
4040	1874
1040	1875
2	1876
4658	1877
5532	1878
8406	1879
6530	1880
4949	1881
4618	1882
657	1883
3204	1884
4659	1885
4133	1886
4243	1887
6785	1888
4140	1889
7492	1890
526	1891
3576	1892
4284	1893
5721	1894
8377	1895
897	1896
2278	1897
8099	1898
4043	1899
565	1900
3249	1901
3264	1902
5733	1903
7426	1904
865	1905
295	1906
2647	1907
5466	1908
5427	1909
6353	1910
5061	1911
5285	1912
7985	1913
3861	1914
7954	1915
4950	1916
1511	1917
7668	1918
1953	1919
4611	1920
4282	1921
7518	1922
555	1923
2769	1924
6285	1925
2116	1926
8069	1927
668	1928
3577	1929
4317	1930
4602	1931
36	1932
5359	1933
2565	1934
2040	1935
2046	1936
2848	1937
5221	1938
3260	1939
2575	1940
1606	1941
1941	1942
753	1943
2850	1944
7223	1945
3911	1946
6156	1947
5874	1948
201	1949
1822	1950
309	1951
5037	1952
3982	1953
3721	1954
3244	1955
5017	1956
518	1957
907	1958
9	1959
7380	1960
3665	1961
412	1962
1817	1963
4	1964
3309	1965
357	1966
1938	1967
3313	1968
3555	1969
7170	1970
1274	1971
5343	1972
3564	1973
1628	1974
1148	1975
149	1976
37	1977
2440	1978
1820	1979
2334	1980
6587	1981
2037	1982
593	1983
7857	1984
600	1985
5707	1986
153	1987
1912	1988
4184	1989
3006	1990
7582	1991
1495	1992
7726	1993
5468	1994
8158	1995
3112	1996
134	1997
3005	1998
6602	1999
5280	2000
6259	2001
5231	2002
6392	2003
2534	2004
2991	2005
617	2006
474	2007
1505	2008
5408	2009
5045	2010
1596	2011
6420	2012
755	2013
5793	2014
6408	2015
7705	2016
3174	2017
8347	2018
4647	2019
463	2020
257	2021
1695	2022
8139	2023
1066	2024
4794	2025
6743	2026
7790	2027
3776	2028
2459	2029
8318	2030
6399	2031
3365	2032
8243	2033
6906	2034
7419	2035
6266	2036
6989	2037
6674	2038
2540	2039
2093	2040
4692	2041
2203	2042
179	2043
26	2044
3013	2045
3894	2046
502	2047
516	2048
8	2049
1135	2050
3166	2051
3096	2052
251	2053
259	2054
7221	2055
964	2056
1694	2057
423	2058
193	2059
1248	2060
5049	2061
1627	2062
552	2063
5763	2064
3366	2065
3029	2066
2368	2067
5197	2068
1292	2069
6578	2070
5765	2071
3325	2072
3023	2073
8008	2074
2521	2075
3544	2076
6146	2077
3217	2078
2755	2079
1170	2080
6500	2081
1538	2082
4638	2083
1808	2084
7909	2085
285	2086
8097	2087
6267	2088
2847	2089
774	2090
5219	2091
1379	2092
2287	2093
5517	2094
3829	2095
416	2096
4584	2097
670	2098
8018	2099
1635	2100
7832	2101
8073	2102
4226	2103
6727	2104
3514	2105
8078	2106
4102	2107
731	2108
8142	2109
7660	2110
6326	2111
871	2112
1775	2113
303	2114
279	2115
3708	2116
3395	2117
3343	2118
5880	2119
8143	2120
740	2121
2301	2122
7197	2123
4742	2124
5629	2125
492	2126
861	2127
1047	2128
530	2129
6435	2130
382	2131
2752	2132
5803	2133
6728	2134
1002	2135
3677	2136
7984	2137
4504	2138
6450	2139
1270	2140
5533	2141
4664	2142
2153	2143
3734	2144
2745	2145
1301	2146
8245	2147
6878	2148
2649	2149
8421	2150
3350	2151
6130	2152
5228	2153
6800	2154
2060	2155
7634	2156
1814	2157
4680	2158
3623	2159
4945	2160
5560	2161
1085	2162
5703	2163
6730	2164
3294	2165
7793	2166
8137	2167
6073	2168
3332	2169
70	2170
595	2171
1347	2172
517	2173
478	2174
832	2175
4238	2176
2094	2177
211	2178
3135	2179
7198	2180
2502	2181
5780	2182
7040	2183
982	2184
4921	2185
3822	2186
2740	2187
6596	2188
5713	2189
7267	2190
6170	2191
1946	2192
7001	2193
6344	2194
4085	2195
7715	2196
5842	2197
4581	2198
3798	2199
7452	2200
1748	2201
7931	2202
13	2203
7506	2204
1316	2205
7698	2206
1005	2207
535	2208
1279	2209
888	2210
582	2211
2873	2212
4630	2213
5467	2214
230	2215
7301	2216
1110	2217
531	2218
5699	2219
618	2220
2580	2221
5328	2222
2686	2223
8200	2224
3319	2225
5600	2226
752	2227
7193	2228
6938	2229
3715	2230
562	2231
7217	2232
4770	2233
2673	2234
1299	2235
961	2236
2146	2237
400	2238
2230	2239
1992	2240
95	2241
3134	2242
7769	2243
641	2244
5184	2245
8433	2246
5054	2247
900	2248
3293	2249
6422	2250
2464	2251
123	2252
2525	2253
1749	2254
5556	2255
7128	2256
6935	2257
1448	2258
325	2259
8054	2260
4148	2261
1359	2262
4120	2263
3749	2264
144	2265
844	2266
7102	2267
4514	2268
4621	2269
1925	2270
5423	2271
8249	2272
1732	2273
7916	2274
1155	2275
5140	2276
3088	2277
2066	2278
7900	2279
450	2280
2117	2281
4802	2282
3626	2283
3310	2284
3226	2285
999	2286
1350	2287
8035	2288
1803	2289
6659	2290
4905	2291
267	2292
969	2293
355	2294
6724	2295
4215	2296
4544	2297
3259	2298
5155	2299
431	2300
3131	2301
1042	2302
8302	2303
1574	2304
476	2305
7635	2306
2289	2307
7101	2308
5210	2309
4139	2310
4224	2311
544	2312
2226	2313
2787	2314
2570	2315
1617	2316
234	2317
3181	2318
895	2319
4703	2320
5770	2321
4993	2322
4084	2323
3359	2324
5355	2325
4316	2326
31	2327
442	2328
6055	2329
4639	2330
7682	2331
4281	2332
3075	2333
6757	2334
1337	2335
6900	2336
6092	2337
3341	2338
7611	2339
460	2340
1107	2341
2808	2342
7394	2343
3992	2344
5434	2345
2656	2346
2422	2347
2223	2348
193	2349
3496	2350
2858	2351
3080	2352
7986	2353
6012	2354
2756	2355
3942	2356
6305	2357
4304	2358
1864	2359
7049	2360
341	2361
3707	2362
5152	2363
4070	2364
2242	2365
3517	2366
3240	2367
52	2368
272	2369
4037	2370
3389	2371
1611	2372
4295	2373
5536	2374
1937	2375
5745	2376
7661	2377
1805	2378
6102	2379
1387	2380
7275	2381
7579	2382
1519	2383
8306	2384
15	2385
3144	2386
4788	2387
8043	2388
8242	2389
2564	2390
595	2391
6209	2392
2746	2393
2285	2394
2535	2395
5225	2396
1196	2397
2	2398
8246	2399
6832	2400
6816	2401
6150	2402
610	2403
792	2404
1765	2405
499	2406
5339	2407
6013	2408
3089	2409
4403	2410
1480	2411
5345	2412
1440	2413
4787	2414
2193	2415
3145	2416
7785	2417
5726	2418
8348	2419
4908	2420
1989	2421
2599	2422
327	2423
2909	2424
4058	2425
37	2426
1896	2427
7744	2428
381	2429
7048	2430
7023	2431
3625	2432
3456	2433
6521	2434
1827	2435
4391	2436
1386	2437
682	2438
3541	2439
1401	2440
3614	2441
4806	2442
6991	2443
2388	2444
1651	2445
4356	2446
5334	2447
8401	2448
6445	2449
7620	2450
4582	2451
6566	2452
8058	2453
6438	2454
80	2455
2693	2456
1951	2457
6049	2458
4204	2459
6462	2460
498	2461
4470	2462
3819	2463
1588	2464
4418	2465
5588	2466
3571	2467
3136	2468
6437	2469
3383	2470
4825	2471
7759	2472
6432	2473
337	2474
819	2475
7174	2476
3435	2477
5252	2478
80	2479
1884	2480
5737	2481
3655	2482
2415	2483
5073	2484
7293	2485
4035	2486
6842	2487
2236	2488
4931	2489
2082	2490
1956	2491
6109	2492
4823	2493
1475	2494
5659	2495
383	2496
1007	2497
6705	2498
292	2499
7853	2500
5727	2501
2217	2502
2389	2503
449	2504
3561	2505
1791	2506
19	2507
7886	2508
3450	2509
4677	2510
2724	2511
6633	2512
4126	2513
3121	2514
826	2515
163	2516
7753	2517
5881	2518
7626	2519
4843	2520
4866	2521
4784	2522
7728	2523
346	2524
1017	2525
533	2526
7098	2527
4636	2528
3160	2529
2431	2530
6666	2531
7424	2532
2124	2533
5829	2534
4799	2535
3031	2536
709	2537
6309	2538
1985	2539
990	2540
469	2541
4421	2542
359	2543
7325	2544
5129	2545
1149	2546
3684	2547
6645	2548
2753	2549
7764	2550
287	2551
7812	2552
6841	2553
1556	2554
2985	2555
665	2556
3511	2557
5983	2558
6371	2559
5301	2560
4760	2561
280	2562
3796	2563
7280	2564
3766	2565
380	2566
7995	2567
1373	2568
63	2569
975	2570
4093	2571
578	2572
342	2573
7873	2574
1129	2575
5317	2576
7991	2577
4454	2578
7228	2579
48	2580
626	2581
1603	2582
6493	2583
3269	2584
7208	2585
922	2586
4152	2587
8227	2588
2542	2589
1115	2590
200	2591
348	2592
2707	2593
7889	2594
4164	2595
207	2596
7233	2597
4997	2598
1847	2599
6684	2600
7185	2601
329	2602
7938	2603
105	2604
104	2605
886	2606
88	2607
4899	2608
2704	2609
930	2610
2250	2611
1619	2612
4617	2613
97	2614
4774	2615
1010	2616
343	2617
4804	2618
3892	2619
6635	2620
4750	2621
3736	2622
2805	2623
634	2624
466	2625
7391	2626
2010	2627
4934	2628
220	2629
104	2630
1234	2631
571	2632
3548	2633
3280	2634
761	2635
5565	2636
8340	2637
5550	2638
7647	2639
7314	2640
2626	2641
852	2642
3690	2643
2397	2644
4681	2645
7895	2646
6484	2647
346	2648
928	2649
787	2650
731	2651
2737	2652
6220	2653
25	2654
3386	2655
338	2656
7586	2657
6028	2658
3619	2659
2270	2660
5523	2661
244	2662
555	2663
7524	2664
4264	2665
6650	2666
1150	2667
3816	2668
7833	2669
1177	2670
1452	2671
132	2672
3767	2673
539	2674
7718	2675
60	2676
3437	2677
7848	2678
254	2679
5645	2680
5844	2681
3884	2682
5209	2683
8367	2684
745	2685
4793	2686
2435	2687
6213	2688
531	2689
2757	2690
8417	2691
5003	2692
5311	2693
6215	2694
310	2695
4416	2696
5676	2697
8236	2698
6322	2699
7219	2700
264	2701
1517	2702
2355	2703
7920	2704
184	2705
4881	2706
648	2707
7234	2708
2781	2709
6097	2710
612	2711
7789	2712
3231	2713
38	2714
1601	2715
3594	2716
383	2717
2645	2718
207	2719
3065	2720
2210	2721
123	2722
7565	2723
3048	2724
3179	2725
4938	2726
961	2727
7323	2728
63	2729
414	2730
1134	2731
106	2732
1282	2733
5521	2734
5475	2735
8179	2736
2157	2737
6557	2738
5426	2739
2025	2740
413	2741
5353	2742
5635	2743
7800	2744
1622	2745
2112	2746
3711	2747
570	2748
8273	2749
289	2750
4337	2751
8126	2752
5520	2753
6188	2754
7587	2755
4565	2756
5115	2757
1780	2758
7271	2759
7547	2760
3726	2761
6514	2762
973	2763
145	2764
7448	2765
1565	2766
4614	2767
3840	2768
5	2769
568	2770
2836	2771
377	2772
4026	2773
903	2774
587	2775
6862	2776
6486	2777
5522	2778
7894	2779
851	2780
938	2781
2640	2782
4833	2783
6181	2784
3155	2785
4640	2786
783	2787
7016	2788
3423	2789
2515	2790
944	2791
6382	2792
3352	2793
4559	2794
315	2795
4300	2796
922	2797
7527	2798
6135	2799
624	2800
7342	2801
252	2802
6690	2803
6048	2804
947	2805
142	2806
4298	2807
43	2808
7959	2809
2563	2810
406	2811
5322	2812
7222	2813
7090	2814
6783	2815
6774	2816
6567	2817
6948	2818
360	2819
6071	2820
3149	2821
549	2822
2519	2823
7392	2824
4446	2825
3566	2826
1976	2827
2233	2828
8149	2829
4642	2830
2614	2831
286	2832
3247	2833
3434	2834
2021	2835
6914	2836
2098	2837
8215	2838
6347	2839
7395	2840
7024	2841
5935	2842
4923	2843
5743	2844
3267	2845
7574	2846
739	2847
2807	2848
6943	2849
2548	2850
6350	2851
4166	2852
663	2853
2445	2854
6913	2855
6683	2856
2883	2857
1263	2858
4088	2859
275	2860
3883	2861
583	2862
1764	2863
3888	2864
5081	2865
8034	2866
5968	2867
6551	2868
137	2869
5514	2870
2320	2871
5124	2872
1961	2873
2097	2874
3476	2875
7599	2876
6707	2877
93	2878
18	2879
7307	2880
2275	2881
6505	2882
6962	2883
5092	2884
1913	2885
5680	2886
164	2887
4171	2888
1164	2889
166	2890
5157	2891
120	2892
55	2893
280	2894
694	2895
206	2896
335	2897
3159	2898
415	2899
426	2900
3185	2901
6047	2902
1086	2903
6851	2904
4555	2905
1535	2906
1069	2907
5748	2908
4272	2909
4	2910
6288	2911
58	2912
13	2913
901	2914
13	2915
940	2916
195	2917
5831	2918
3001	2919
5851	2920
603	2921
2619	2922
1369	2923
370	2924
3887	2925
876	2926
4694	2927
5068	2928
1052	2929
21	2930
324	2931
3117	2932
482	2933
129	2934
6536	2935
4290	2936
1128	2937
2926	2938
1097	2939
60	2940
6770	2941
7482	2942
4772	2943
745	2944
8161	2945
368	2946
1888	2947
4872	2948
8192	2949
1458	2950
6448	2951
5686	2952
6223	2953
3392	2954
6538	2955
6569	2956
299	2957
882	2958
7317	2959
140	2960
1385	2961
1091	2962
8172	2963
6837	2964
5461	2965
4782	2966
2229	2967
2	2968
7112	2969
6678	2970
5979	2971
5116	2972
5799	2973
84	2974
6622	2975
2959	2976
7528	2977
5749	2978
2022	2979
4457	2980
750	2981
72	2982
673	2983
4819	2984
8086	2985
1000	2986
5519	2987
175	2988
2497	2989
3194	2990
3607	2991
1087	2992
7712	2993
65	2994
7821	2995
1046	2996
1591	2997
8118	2998
7653	2999
1988	3000
4014	3001
6919	3002
4683	3003
7507	3004
2	3005
8066	3006
3298	3007
1566	3008
1155	3009
1236	3010
2609	3011
4400	3012
5969	3013
3560	3014
6865	3015
8223	3016
3489	3017
724	3018
4412	3019
3941	3020
2924	3021
1753	3022
2470	3023
4324	3024
471	3025
376	3026
1137	3027
2057	3028
723	3029
4051	3030
3488	3031
8409	3032
572	3033
5453	3034
216	3035
4693	3036
3617	3037
7226	3038
983	3039
255	3040
1470	3041
3833	3042
10	3043
8278	3044
5112	3045
3207	3046
580	3047
1718	3048
985	3049
3938	3050
6276	3051
1979	3052
358	3053
118	3054
5958	3055
3986	3056
2729	3057
3630	3058
3033	3059
162	3060
726	3061
1902	3062
3119	3063
4392	3064
16	3065
501	3066
6145	3067
169	3068
4081	3069
466	3070
420	3071
3886	3072
4108	3073
894	3074
4350	3075
5342	3076
836	3077
2815	3078
5172	3079
728	3080
453	3081
1036	3082
6598	3083
6856	3084
1873	3085
3979	3086
7876	3087
993	3088
7504	3089
5138	3090
7015	3091
4903	3092
1445	3093
12	3094
5499	3095
1329	3096
6946	3097
1693	3098
2821	3099
6563	3100
5861	3101
7923	3102
6682	3103
7189	3104
4968	3105
6804	3106
834	3107
2367	3108
2862	3109
3361	3110
199	3111
7027	3112
917	3113
2789	3114
6786	3115
1111	3116
8051	3117
2362	3118
2652	3119
2102	3120
6639	3121
8397	3122
1100	3123
1416	3124
3426	3125
894	3126
4296	3127
3412	3128
4743	3129
4107	3130
4947	3131
7652	3132
576	3133
6283	3134
3662	3135
581	3136
335	3137
5107	3138
6715	3139
3956	3140
3976	3141
8314	3142
6453	3143
8346	3144
484	3145
3831	3146
3879	3147
3988	3148
1015	3149
3156	3150
4237	3151
174	3152
5932	3153
5624	3154
6379	3155
814	3156
4573	3157
7702	3158
5384	3159
7604	3160
4971	3161
4632	3162
5693	3163
2453	3164
872	3165
7308	3166
5883	3167
1883	3168
7398	3169
3276	3170
1846	3171
7253	3172
3807	3173
2015	3174
188	3175
3251	3176
8268	3177
3129	3178
3562	3179
6642	3180
7412	3181
3925	3182
1821	3183
608	3184
551	3185
5775	3186
937	3187
3314	3188
1315	3189
7533	3190
4845	3191
1227	3192
6460	3193
2778	3194
7203	3195
7809	3196
8369	3197
8344	3198
5108	3199
2339	3200
3960	3201
2297	3202
230	3203
3896	3204
2163	3205
6125	3206
5756	3207
1035	3208
7892	3209
965	3210
31	3211
7352	3212
4450	3213
8088	3214
9	3215
137	3216
8259	3217
1733	3218
3498	3219
37	3220
7115	3221
439	3222
159	3223
482	3224
788	3225
6607	3226
6132	3227
7573	3228
1860	3229
102	3230
869	3231
8144	3232
7990	3233
1809	3234
5811	3235
3683	3236
3528	3237
2246	3238
2482	3239
1542	3240
139	3241
1688	3242
1975	3243
718	3244
5875	3245
4110	3246
5810	3247
3539	3248
8313	3249
6321	3250
1893	3251
93	3252
7152	3253
8432	3254
542	3255
968	3256
4007	3257
2988	3258
5313	3259
141	3260
5357	3261
210	3262
1427	3263
3530	3264
794	3265
4948	3266
948	3267
1545	3268
3653	3269
5567	3270
245	3271
110	3272
2558	3273
4720	3274
522	3275
3235	3276
7310	3277
6698	3278
215	3279
85	3280
7906	3281
3304	3282
4633	3283
3551	3284
8420	3285
6343	3286
2281	3287
529	3288
4662	3289
1142	3290
26	3291
4976	3292
6325	3293
2840	3294
5	3295
4038	3296
243	3297
5545	3298
715	3299
351	3300
8286	3301
797	3302
664	3303
4239	3304
720	3305
213	3306
709	3307
1169	3308
122	3309
7081	3310
8047	3311
3227	3312
4873	3313
1621	3314
6716	3315
20	3316
787	3317
6550	3318
829	3319
927	3320
6807	3321
4607	3322
2854	3323
913	3324
7847	3325
2173	3326
7633	3327
9	3328
6473	3329
2073	3330
567	3331
5926	3332
5647	3333
561	3334
356	3335
361	3336
269	3337
5773	3338
6373	3339
4422	3340
154	3341
316	3342
1058	3343
75	3344
1015	3345
692	3346
4954	3347
62	3348
58	3349
827	3350
3947	3351
5577	3352
6	3353
191	3354
3971	3355
1202	3356
154	3357
301	3358
7804	3359
154	3360
4150	3361
1546	3362
89	3363
1746	3364
38	3365
5974	3366
4194	3367
598	3368
6508	3369
3593	3370
5405	3371
1129	3372
879	3373
161	3374
2718	3375
962	3376
6387	3377
4122	3378
155	3379
1578	3380
7936	3381
136	3382
6040	3383
5106	3384
6972	3385
3642	3386
6886	3387
186	3388
7385	3389
60	3390
5507	3391
1553	3392
702	3393
7097	3394
6827	3395
5256	3396
3	3397
2183	3398
2655	3399
6548	3400
2699	3401
4578	3402
232	3403
65	3404
58	3405
6718	3406
321	3407
5783	3408
245	3409
1026	3410
803	3411
7816	3412
2791	3413
1152	3414
7184	3415
538	3416
1048	3417
5250	3418
1363	3419
231	3420
5663	3421
1384	3422
3581	3423
4117	3424
635	3425
115	3426
41	3427
7250	3428
130	3429
259	3430
223	3431
611	3432
4225	3433
7344	3434
983	3435
5866	3436
1077	3437
2839	3438
868	3439
8	3440
109	3441
7	3442
8216	3443
229	3444
720	3445
5001	3446
7856	3447
8326	3448
3686	3449
2943	3450
7570	3451
66	3452
949	3453
4752	3454
1541	3455
5711	3456
2261	3457
1120	3458
152	3459
2399	3460
4984	3461
1409	3462
2290	3463
860	3464
41	3465
156	3466
3028	3467
7454	3468
339	3469
3315	3470
984	3471
7534	3472
7199	3473
46	3474
254	3475
3057	3476
5573	3477
985	3478
8040	3479
748	3480
806	3481
902	3482
7236	3483
81	3484
320	3485
2964	3486
4079	3487
256	3488
147	3489
6854	3490
1066	3491
1967	3492
59	3493
4497	3494
276	3495
3446	3496
7908	3497
5312	3498
7551	3499
1124	3500
25	3501
5006	3502
395	3503
3634	3504
7502	3505
8100	3506
409	3507
6713	3508
7883	3509
7720	3510
1501	3511
7004	3512
1929	3513
108	3514
658	3515
655	3516
3502	3517
1788	3518
537	3519
1473	3520
1255	3521
5873	3522
835	3523
2205	3524
4960	3525
972	3526
5903	3527
1134	3528
66	3529
5496	3530
3990	3531
491	3532
237	3533
14	3534
638	3535
7757	3536
2865	3537
10	3538
270	3539
7569	3540
7120	3541
7181	3542
8091	3543
320	3544
4197	3545
28	3546
5690	3547
1070	3548
1130	3549
179	3550
45	3551
167	3552
5150	3553
7186	3554
173	3555
375	3556
3449	3557
8055	3558
6502	3559
4691	3560
2160	3561
4605	3562
404	3563
2443	3564
7818	3565
7588	3566
23	3567
146	3568
649	3569
262	3570
7632	3571
577	3572
2970	3573
8241	3574
2129	3575
2835	3576
385	3577
7941	3578
408	3579
470	3580
4645	3581
5047	3582
4974	3583
4028	3584
4883	3585
4125	3586
2684	3587
7430	3588
5529	3589
2697	3590
5053	3591
3085	3592
3222	3593
277	3594
228	3595
6007	3596
3027	3597
6087	3598
6019	3599
7594	3600
4328	3601
3550	3602
6996	3603
7663	3604
7478	3605
6574	3606
7080	3607
5433	3608
4065	3609
1891	3610
7176	3611
2811	3612
6748	3613
5407	3614
1450	3615
1442	3616
2863	3617
5909	3618
23	3619
260	3620
403	3621
2001	3622
3270	3623
7444	3624
808	3625
4388	3626
68	3627
3279	3628
3939	3629
6406	3630
3827	3631
7022	3632
967	3633
1685	3634
3404	3635
4483	3636
6063	3637
5936	3638
600	3639
8185	3640
6008	3641
7428	3642
7811	3643
7058	3644
7513	3645
297	3646
2503	3647
896	3648
1885	3649
5497	3650
2018	3651
2784	3652
4803	3653
3058	3654
1119	3655
6079	3656
6214	3657
4115	3658
402	3659
190	3660
8362	3661
28	3662
1562	3663
1714	3664
840	3665
1242	3666
2178	3667
6546	3668
732	3669
185	3670
3409	3671
1032	3672
7491	3673
6023	3674
7867	3675
6651	3676
3442	3677
362	3678
8320	3679
5101	3680
18	3681
2119	3682
5048	3683
2080	3684
248	3685
4121	3686
693	3687
7930	3688
2906	3689
7754	3690
7365	3691
387	3692
2045	3693
2014	3694
1077	3695
4021	3696
945	3697
7286	3698
3457	3699
3338	3700
1959	3701
1577	3702
3297	3703
4186	3704
2280	3705
5508	3706
7691	3707
1476	3708
622	3709
2169	3710
619	3711
7054	3712
5603	3713
7630	3714
1284	3715
9	3716
5633	3717
5031	3718
1045	3719
219	3720
5445	3721
2601	3722
5402	3723
6358	3724
564	3725
7989	3726
6829	3727
3509	3728
700	3729
690	3730
1935	3731
6934	3732
935	3733
4241	3734
684	3735
3097	3736
356	3737
3777	3738
493	3739
4824	3740
3484	3741
1870	3742
7496	3743
460	3744
2552	3745
954	3746
472	3747
5725	3748
7519	3749
2953	3750
5033	3751
4417	3752
7795	3753
4503	3754
3485	3755
111	3756
4023	3757
7141	3758
3407	3759
2375	3760
4008	3761
1091	3762
4368	3763
4858	3764
213	3765
4066	3766
4887	3767
5325	3768
8016	3769
2141	3770
3935	3771
395	3772
2172	3773
956	3774
8317	3775
6708	3776
3688	3777
82	3778
7899	3779
574	3780
943	3781
6710	3782
918	3783
3794	3784
2425	3785
4775	3786
8353	3787
1639	3788
1963	3789
447	3790
1314	3791
2726	3792
2407	3793
5019	3794
2483	3795
2979	3796
2461	3797
6367	3798
33	3799
6475	3800
5204	3801
8180	3802
98	3803
6356	3804
4698	3805
765	3806
4064	3807
6875	3808
1723	3809
141	3810
489	3811
111	3812
1926	3813
16	3814
6905	3815
5505	3816
5956	3817
625	3818
221	3819
6141	3820
6159	3821
505	3822
103	3823
1051	3824
2311	3825
8085	3826
3152	3827
1872	3828
5267	3829
5939	3830
3510	3831
757	3832
4205	3833
5528	3834
754	3835
225	3836
5488	3837
6510	3838
7096	3839
7943	3840
133	3841
6675	3842
5906	3843
1968	3844
3360	3845
226	3846
69	3847
3464	3848
1175	3849
2571	3850
6814	3851
8013	3852
5026	3853
3081	3854
140	3855
3618	3856
6163	3857
2627	3858
1973	3859
4369	3860
401	3861
1472	3862
2207	3863
6239	3864
4904	3865
2772	3866
1043	3867
1193	3868
2436	3869
715	3870
158	3871
6374	3872
8210	3873
669	3874
7373	3875
4119	3876
2489	3877
541	3878
2429	3879
6026	3880
209	3881
5971	3882
370	3883
2867	3884
4467	3885
640	3886
156	3887
1094	3888
1414	3889
2775	3890
2308	3891
4918	3892
3924	3893
6494	3894
3064	3895
4560	3896
672	3897
3930	3898
4094	3899
8194	3900
8388	3901
2999	3902
225	3903
2770	3904
7843	3905
7949	3906
236	3907
8045	3908
1656	3909
121	3910
7575	3911
7161	3912
624	3913
3994	3914
4189	3915
6242	3916
8117	3917
7483	3918
275	3919
1882	3920
267	3921
3307	3922
4170	3923
7849	3924
1865	3925
6	3926
2190	3927
954	3928
3728	3929
1980	3930
3002	3931
5542	3932
464	3933
4268	3934
48	3935
7108	3936
543	3937
698	3938
4506	3939
2613	3940
6103	3941
3818	3942
7127	3943
7244	3944
69	3945
176	3946
3059	3947
926	3948
6217	3949
5085	3950
500	3951
333	3952
3157	3953
263	3954
6872	3955
1564	3956
1030	3957
6301	3958
804	3959
3837	3960
3648	3961
6384	3962
6825	3963
8423	3964
5864	3965
7327	3966
7138	3967
5888	3968
3547	3969
1310	3970
6517	3971
5002	3972
489	3973
6003	3974
4710	3975
5079	3976
652	3977
2868	3978
3612	3979
1184	3980
4564	3981
125	3982
5832	3983
5602	3984
789	3985
3962	3986
7480	3987
5893	3988
1456	3989
6605	3990
7761	3991
6337	3992
7077	3993
2462	3994
8114	3995
3698	3996
111	3997
20	3998
1766	3999
8412	4000
7694	4001
3573	4002
2910	4003
6345	4004
151	4005
5186	4006
2828	4007
130	4008
78	4009
436	4010
859	4011
1453	4012
6983	4013
6907	4014
128	4015
6826	4016
5787	4017
6912	4018
264	4019
1598	4020
7045	4021
3321	4022
559	4023
647	4024
5526	4025
7734	4026
3168	4027
7459	4028
2555	4029
4341	4030
443	4031
7296	4032
8022	4033
3778	4034
5661	4035
196	4036
205	4037
1047	4038
923	4039
5260	4040
485	4041
4975	4042
6915	4043
1246	4044
5667	4045
4433	4046
5446	4047
7134	4048
5934	4049
5262	4050
272	4051
511	4052
3	4053
1834	4054
1300	4055
248	4056
427	4057
605	4058
3120	4059
2326	4060
62	4061
1426	4062
4880	4063
618	4064
4474	4065
6813	4066
1479	4067
1918	4068
8175	4069
419	4070
4953	4071
4758	4072
4860	4073
400	4074
4964	4075
1018	4076
8303	4077
7646	4078
5896	4079
176	4080
1625	4081
8266	4082
189	4083
1921	4084
5555	4085
2544	4086
3291	4087
2195	4088
5189	4089
3200	4090
5715	4091
311	4092
5802	4093
6476	4094
6366	4095
2390	4096
3592	4097
676	4098
5421	4099
3599	4100
4746	4101
2460	4102
2939	4103
7469	4104
2951	4105
4668	4106
1437	4107
6169	4108
2288	4109
2624	4110
515	4111
90	4112
6879	4113
374	4114
2227	4115
7882	4116
4721	4117
1705	4118
2451	4119
4699	4120
2305	4121
2336	4122
4835	4123
1866	4124
6362	4125
6164	4126
7865	4127
230	4128
4705	4129
257	4130
7343	4131
5316	4132
348	4133
6805	4134
6701	4135
5989	4136
23	4137
837	4138
1447	4139
3856	4140
4961	4141
6778	4142
2042	4143
6653	4144
3197	4145
3703	4146
7896	4147
6274	4148
7964	4149
7093	4150
4249	4151
8105	4152
7087	4153
7099	4154
912	4155
3651	4156
5515	4157
351	4158
5121	4159
4285	4160
7425	4161
5534	4162
8304	4163
7560	4164
3245	4165
3857	4166
4851	4167
896	4168
7346	4169
3802	4170
4182	4171
408	4172
1558	4173
244	4174
6234	4175
4539	4176
744	4177
3977	4178
616	4179
3108	4180
4612	4181
229	4182
6151	4183
5374	4184
3513	4185
4458	4186
7690	4187
6656	4188
6457	4189
6689	4190
3761	4191
7529	4192
2908	4193
183	4194
210	4195
6002	4196
7905	4197
1960	4198
5340	4199
5638	4200
4223	4201
4656	4202
2940	4203
4283	4204
1802	4205
4924	4206
116	4207
547	4208
7844	4209
493	4210
3419	4211
6136	4212
777	4213
4011	4214
3128	4215
1602	4216
5472	4217
2670	4218
3228	4219
5089	4220
1001	4221
3256	4222
3000	4223
4675	4224
4930	4225
5410	4226
4476	4227
6597	4228
1194	4229
1049	4230
8037	4231
241	4232
5771	4233
200	4234
7659	4235
277	4236
8280	4237
1163	4238
6339	4239
2573	4240
8237	4241
3224	4242
2392	4243
108	4244
8260	4245
4496	4246
1631	4247
5889	4248
802	4249
4980	4250
473	4251
6844	4252
6211	4253
1358	4254
1355	4255
775	4256
7163	4257
8337	4258
7505	4259
4000	4260
4863	4261
5072	4262
874	4263
3068	4264
4900	4265
5293	4266
932	4267
3970	4268
1655	4269
3772	4270
263	4271
3472	4272
6492	4273
3138	4274
6817	4275
7841	4276
4919	4277
6	4278
5230	4279
304	4280
6390	4281
319	4282
5516	4283
7149	4284
6126	4285
4616	4286
5436	4287
2501	4288
968	4289
198	4290
1062	4291
273	4292
7038	4293
6405	4294
5393	4295
6050	4296
3616	4297
4386	4298
1504	4299
7593	4300
6601	4301
4387	4302
3738	4303
6352	4304
6233	4305
1143	4306
2039	4307
4149	4308
776	4309
672	4310
3622	4311
1407	4312
2222	4313
4838	4314
6524	4315
2522	4316
2487	4317
6380	4318
3783	4319
4937	4320
613	4321
5143	4322
1708	4323
817	4324
236	4325
4068	4326
296	4327
1074	4328
4235	4329
8336	4330
2088	4331
1856	4332
2845	4333
4526	4334
8001	4335
5162	4336
5470	4337
588	4338
210	4339
7722	4340
830	4341
454	4342
8430	4343
44	4344
8366	4345
789	4346
7595	4347
5921	4348
5489	4349
4671	4350
1356	4351
78	4352
2857	4353
7368	4354
936	4355
6576	4356
2335	4357
3433	4358
3339	4359
7010	4360
5199	4361
68	4362
6119	4363
7213	4364
1634	4365
7677	4366
7910	4367
6394	4368
5257	4369
4773	4370
4012	4371
4357	4372
255	4373
1701	4374
73	4375
105	4376
5255	4377
5176	4378
5354	4379
4615	4380
1650	4381
8	4382
117	4383
914	4384
7701	4385
95	4386
856	4387
1043	4388
1807	4389
1123	4390
1051	4391
100	4392
8019	4393
6756	4394
3479	4395
697	4396
79	4397
4287	4398
3335	4399
5102	4400
786	4401
5459	4402
940	4403
3985	4404
4247	4405
4712	4406
976	4407
494	4408
3329	4409
986	4410
1058	4411
4548	4412
4130	4413
703	4414
4763	4415
5220	4416
3903	4417
2312	4418
1704	4419
7868	4420
1244	4421
1790	4422
4452	4423
703	4424
4101	4425
418	4426
4095	4427
5692	4428
4577	4429
978	4430
1658	4431
6580	4432
5038	4433
5899	4434
6924	4435
1829	4436
2200	4437
5660	4438
1857	4439
1149	4440
1199	4441
824	4442
726	4443
4972	4444
3187	4445
7167	4446
7760	4447
6452	4448
1429	4449
4250	4450
1526	4451
119	4452
6162	4453
23	4454
1712	4455
5779	4456
2012	4457
4116	4458
7103	4459
3045	4460
70	4461
7750	4462
2713	4463
1797	4464
1465	4465
3529	4466
7742	4467
6831	4468
4389	4469
1412	4470
6207	4471
1684	4472
265	4473
7039	4474
6498	4475
6377	4476
6685	4477
1158	4478
1223	4479
160	4480
6765	4481
3999	4482
6017	4483
8176	4484
6082	4485
2625	4486
4955	4487
3674	4488
3635	4489
1039	4490
7952	4491
532	4492
8182	4493
1559	4494
2138	4495
5541	4496
4092	4497
2244	4498
5696	4499
4003	4500
3524	4501
3414	4502
8405	4503
79	4504
1219	4505
6838	4506
2254	4507
2874	4508
3821	4509
4374	4510
2329	4511
4687	4512
5021	4513
7153	4514
315	4515
8257	4516
4673	4517
589	4518
5097	4519
701	4520
7158	4521
2879	4522
6204	4523
1692	4524
4482	4525
6809	4526
251	4527
7060	4528
6376	4529
6168	4530
468	4531
7788	4532
4576	4533
312	4534
6652	4535
5790	4536
79	4537
1954	4538
2472	4539
1233	4540
5224	4541
2198	4542
1740	4543
4563	4544
7178	4545
3645	4546
2767	4547
6769	4548
4992	4549
2916	4550
7051	4551
6458	4552
8342	4553
220	4554
451	4555
166	4556
1118	4557
6925	4558
7486	4559
4896	4560
2105	4561
3849	4562
5927	4563
389	4564
1626	4565
1088	4566
6593	4567
4785	4568
3702	4569
7729	4570
6951	4571
3603	4572
3103	4573
2408	4574
1863	4575
490	4576
5182	4577
8296	4578
5614	4579
704	4580
6098	4581
7951	4582
2856	4583
2354	4584
4666	4585
2743	4586
4310	4587
3864	4588
7319	4589
5792	4590
607	4591
723	4592
7831	4593
519	4594
941	4595
277	4596
5865	4597
4355	4598
7067	4599
1204	4600
7828	4601
1131	4602
5065	4603
4786	4604
4724	4605
3124	4606
905	4607
4518	4608
4637	4609
1271	4610
294	4611
1469	4612
4929	4613
4653	4614
734	4615
3996	4616
4515	4617
1304	4618
3118	4619
2889	4620
6945	4621
6897	4622
2978	4623
306	4624
5291	4625
725	4626
4571	4627
8424	4628
2111	4629
8354	4630
628	4631
3565	4632
744	4633
8150	4634
3101	4635
6271	4636
8151	4637
964	4638
5592	4639
5236	4640
2062	4641
6609	4642
3750	4643
2763	4644
4725	4645
14	4646
4445	4647
1425	4648
1907	4649
3463	4650
1789	4651
258	4652
6766	4653
159	4654
2	4655
951	4656
6058	4657
1754	4658
887	4659
138	4660
322	4661
6037	4662
8	4663
6978	4664
5171	4665
525	4666
862	4667
662	4668
209	4669
7266	4670
51	4671
566	4672
350	4673
596	4674
4517	4675
441	4676
7797	4677
2394	4678
3500	4679
3825	4680
2706	4681
4669	4682
459	4683
935	4684
329	4685
847	4686
6581	4687
6149	4688
2252	4689
8402	4690
8168	4691
1393	4692
4377	4693
1309	4694
6426	4695
5815	4696
4624	4697
1099	4698
1323	4699
4791	4700
654	4701
5943	4702
7274	4703
2344	4704
7053	4705
2155	4706
5587	4707
8072	4708
352	4709
53	4710
7260	4711
6108	4712
6324	4713
7086	4714
1268	4715
2918	4716
1922	4717
4167	4718
3910	4719
152	4720
3017	4721
3878	4722
639	4723
3336	4724
6410	4725
4477	4726
7204	4727
3333	4728
6311	4729
6975	4730
2884	4731
2556	4732
5314	4733
6997	4734
659	4735
29	4736
5103	4737
7555	4738
1197	4739
4525	4740
5416	4741
937	4742
3902	4743
11	4744
1945	4745
5494	4746
6009	4747
6670	4748
5388	4749
2878	4750
143	4751
350	4752
5611	4753
1877	4754
2495	4755
7950	4756
27	4757
7082	4758
5392	4759
597	4760
2175	4761
6042	4762
4333	4763
2318	4764
2557	4765
432	4766
3867	4767
7229	4768
2220	4769
656	4770
5988	4771
86	4772
46	4773
5668	4774
2253	4775
6183	4776
4695	4777
1485	4778
2779	4779
950	4780
898	4781
7043	4782
6564	4783
5310	4784
2974	4785
5118	4786
6216	4787
181	4788
1461	4789
8274	4790
3687	4791
171	4792
4590	4793
924	4794
3928	4795
3943	4796
5502	4797
80	4798
6053	4799
3308	4800
4375	4801
353	4802
1927	4803
4034	4804
7965	4805
6579	4806
3859	4807
7413	4808
3866	4809
6254	4810
687	4811
8335	4812
4373	4813
5144	4814
222	4815
2034	4816
8209	4817
2492	4818
6758	4819
4024	4820
506	4821
2017	4822
6418	4823
181	4824
4509	4825
2177	4826
5852	4827
6381	4828
2593	4829
2598	4830
3775	4831
4004	4832
4556	4833
818	4834
4716	4835
333	4836
8355	4837
1653	4838
6191	4839
7973	4840
4425	4841
1539	4842
4382	4843
2949	4844
768	4845
2663	4846
6759	4847
387	4848
5018	4849
7401	4850
8267	4851
4195	4852
3012	4853
7026	4854
5959	4855
74	4856
5949	4857
4545	4858
5367	4859
5747	4860
892	4861
6314	4862
265	4863
2147	4864
5574	4865
805	4866
2870	4867
4198	4868
7238	4869
7915	4870
6022	4871
8308	4872
7338	4873
3212	4874
79	4875
6194	4876
3740	4877
6876	4878
1981	4879
5557	4880
2002	4881
1143	4882
1806	4883
388	4884
2050	4885
749	4886
3452	4887
5125	4888
6604	4889
3036	4890
4587	4891
708	4892
6171	4893
2727	4894
943	4895
2361	4896
7059	4897
2009	4898
1007	4899
7806	4900
4722	4901
609	4902
6395	4903
4627	4904
4367	4905
7110	4906
6797	4907
1	4908
6391	4909
586	4910
6263	4911
2065	4912
8005	4913
4297	4914
724	4915
1594	4916
5188	4917
3914	4918
957	4919
23	4920
4137	4921
5425	4922
5506	4923
5644	4924
971	4925
1353	4926
1152	4927
3661	4928
3091	4929
8061	4930
3613	4931
2295	4932
8341	4933
3950	4934
1168	4935
7541	4936
6308	4937
846	4938
2987	4939
6971	4940
2630	4941
1144	4942
3945	4943
249	4944
4987	4945
2711	4946
4254	4947
72	4948
3558	4949
384	4950
7614	4951
6001	4952
240	4953
2596	4954
6643	4955
4744	4956
7322	4957
4378	4958
7870	4959
6451	4960
243	4961
131	4962
4957	4963
1615	4964
2676	4965
5673	4966
7220	4967
5618	4968
6835	4969
1057	4970
2547	4971
7473	4972
3275	4973
4443	4974
3897	4975
1016	4976
963	4977
1890	4978
3649	4979
7946	4980
261	4981
2475	4982
2760	4983
4273	4984
68	4985
5137	4986
407	4987
5908	4988
7092	4989
7516	4990
33	4991
501	4992
2055	4993
617	4994
4682	4995
1079	4996
36	4997
424	4998
2418	4999
4501	5000
3237	5001
5	5002
4862	5003
98	5004
7639	5005
1654	5006
930	5007
472	5008
3638	5009
338	5010
127	5011
40	5012
2721	5013
575	5014
1513	5015
7493	5016
911	5017
125	5018
1397	5019
31	5020
2003	5021
150	5022
1026	5023
1109	5024
858	5025
4527	5026
6772	5027
7	5028
5448	5029
3508	5030
706	5031
1042	5032
5123	5033
7600	5034
6702	5035
5807	5036
1201	5037
7781	5038
1074	5039
32	5040
884	5041
1021	5042
2400	5043
7063	5044
6560	5045
275	5046
4719	5047
7827	5048
1364	5049
6440	5050
88	5051
7562	5052
4714	5053
7143	5054
7992	5055
4325	5056
5491	5057
379	5058
4338	5059
1916	5060
5356	5061
3934	5062
1080	5063
175	5064
1939	5065
7525	5066
5982	5067
6227	5068
413	5069
6575	5070
127	5071
524	5072
1962	5073
214	5074
4362	5075
2401	5076
364	5077
4059	5078
223	5079
1061	5080
7437	5081
563	5082
7297	5083
705	5084
1050	5085
6046	5086
6617	5087
7963	5088
4431	5089
331	5090
5976	5091
5443	5092
6197	5093
242	5094
1904	5095
4174	5096
5501	5097
1075	5098
995	5099
513	5100
17	5101
1121	5102
50	5103
268	5104
4936	5105
558	5106
8190	5107
1161	5108
1739	5109
1054	5110
5657	5111
7072	5112
143	5113
6709	5114
7251	5115
299	5116
988	5117
5483	5118
437	5119
2016	5120
1887	5121
7041	5122
4620	5123
404	5124
3188	5125
1630	5126
3282	5127
690	5128
49	5129
266	5130
128	5131
508	5132
92	5133
4748	5134
4293	5135
7927	5136
1139	5137
6083	5138
2947	5139
386	5140
310	5141
3492	5142
151	5143
4499	5144
4262	5145
8198	5146
7083	5147
2730	5148
3470	5149
4019	5150
96	5151
7168	5152
882	5153
6850	5154
5940	5155
962	5156
5658	5157
853	5158
6479	5159
5791	5160
549	5161
599	5162
6634	5163
7576	5164
1620	5165
843	5166
645	5167
88	5168
1137	5169
3323	5170
6960	5171
6624	5172
8404	5173
2133	5174
8239	5175
5193	5176
7420	5177
11	5178
7998	5179
4796	5180
911	5181
1972	5182
565	5183
2262	5184
441	5185
1758	5186
3110	5187
2019	5188
2812	5189
794	5190
261	5191
3146	5192
238	5193
3474	5194
3105	5195
1905	5196
444	5197
4943	5198
1181	5199
883	5200
4303	5201
4157	5202
1041	5203
165	5204
4667	5205
202	5206
242	5207
539	5208
2822	5209
1013	5210
871	5211
496	5212
7934	5213
401	5214
553	5215
3595	5216
3820	5217
81	5218
7175	5219
5945	5220
161	5221
5168	5222
4478	5223
2983	5224
85	5225
8092	5226
891	5227
7455	5228
3180	5229
540	5230
887	5231
471	5232
2628	5233
5341	5234
3063	5235
380	5236
446	5237
4870	5238
557	5239
175	5240
4123	5241
135	5242
5117	5243
7376	5244
805	5245
251	5246
6225	5247
5857	5248
3037	5249
838	5250
4731	5251
7613	5252
5723	5253
39	5254
192	5255
2771	5256
749	5257
1054	5258
7124	5259
958	5260
391	5261
16	5262
6687	5263
2500	5264
725	5265
7559	5266
6961	5267
516	5268
6467	5269
5414	5270
8269	5271
4135	5272
293	5273
4652	5274
4430	5275
5788	5276
446	5277
808	5278
281	5279
6623	5280
3800	5281
5208	5282
205	5283
305	5284
2357	5285
2702	5286
3410	5287
1264	5288
913	5289
2661	5290
3676	5291
490	5292
239	5293
173	5294
206	5295
4212	5296
233	5297
1706	5298
7183	5299
1093	5300
6190	5301
5389	5302
3954	5303
590	5304
5428	5305
1161	5306
508	5307
55	5308
5762	5309
6625	5310
274	5311
5043	5312
2218	5313
1361	5314
5133	5315
926	5316
996	5317
2766	5318
5509	5319
6540	5320
5329	5321
5568	5322
523	5323
677	5324
6887	5325
7384	5326
8400	5327
634	5328
24	5329
924	5330
2096	5331
1370	5332
118	5333
2049	5334
6031	5335
39	5336
5269	5337
1738	5338
3018	5339
7471	5340
3214	5341
807	5342
642	5343
22	5344
6300	5345
844	5346
7879	5347
6721	5348
423	5349
677	5350
6665	5351
1075	5352
3290	5353
8221	5354
6976	5355
452	5356
5580	5357
659	5358
15	5359
196	5360
752	5361
7194	5362
760	5363
6966	5364
3347	5365
7263	5366
6205	5367
8167	5368
420	5369
30	5370
7619	5371
6120	5372
4894	5373
5009	5374
8371	5375
92	5376
6	5377
771	5378
1586	5379
48	5380
1318	5381
584	5382
665	5383
241	5384
166	5385
53	5386
853	5387
5299	5388
1109	5389
3891	5390
5281	5391
1599	5392
477	5393
1446	5394
4634	5395
1003	5396
843	5397
7284	5398
8333	5399
957	5400
470	5401
5440	5402
8136	5403
4906	5404
6815	5405
3471	5406
3964	5407
714	5408
4592	5409
4138	5410
3841	5411
3961	5412
1156	5413
8197	5414
809	5415
3643	5416
6543	5417
4252	5418
7644	5419
3143	5420
6733	5421
5404	5422
4030	5423
6124	5424
707	5425
8345	5426
5180	5427
7921	5428
64	5429
6232	5430
4329	5431
1514	5432
7064	5433
1059	5434
8418	5435
5552	5436
6282	5437
3860	5438
5174	5439
5746	5440
5093	5441
2986	5442
6868	5443
5999	5444
6992	5445
7589	5446
2817	5447
7358	5448
4909	5449
345	5450
357	5451
8205	5452
691	5453
5127	5454
2087	5455
1549	5456
5589	5457
229	5458
4913	5459
1241	5460
517	5461
7078	5462
8127	5463
734	5464
849	5465
2404	5466
1338	5467
7807	5468
2498	5469
4586	5470
2646	5471
8327	5472
6720	5473
326	5474
6478	5475
2929	5476
2830	5477
1147	5478
2378	5479
4511	5480
219	5481
2496	5482
1529	5483
7418	5484
3334	5485
3987	5486
3071	5487
5739	5488
7137	5489
1993	5490
2659	5491
3768	5492
6618	5493
903	5494
1096	5495
3754	5496
1065	5497
1045	5498
905	5499
2215	5500
7960	5501
3868	5502
5044	5503
5720	5504
6101	5505
899	5506
984	5507
62	5508
2265	5509
855	5510
406	5511
4161	5512
5818	5513
4006	5514
5362	5515
2590	5516
4907	5517
5897	5518
1970	5519
6544	5520
3263	5521
6360	5522
6424	5523
959	5524
465	5525
6253	5526
3070	5527
5694	5528
3709	5529
1070	5530
6873	5531
6990	5532
8196	5533
5981	5534
6588	5535
448	5536
21	5537
24	5538
8124	5539
7259	5540
2793	5541
8398	5542
6940	5543
8416	5544
94	5545
5704	5546
4309	5547
1669	5548
1173	5549
4187	5550
7406	5551
7068	5552
4344	5553
5978	5554
2538	5555
5512	5556
1682	5557
7679	5558
8003	5559
5867	5560
4530	5561
3015	5562
2675	5563
14	5564
5046	5565
5547	5566
3811	5567
1743	5568
3424	5569
7227	5570
6228	5571
1116	5572
5991	5573
5351	5574
225	5575
3570	5576
2637	5577
1507	5578
2212	5579
7139	5580
3451	5581
1399	5582
5759	5583
5420	5584
445	5585
6333	5586
1799	5587
7145	5588
4597	5589
3467	5590
6767	5591
8009	5592
4480	5593
2944	5594
7439	5595
4321	5596
253	5597
5	5598
452	5599
3229	5600
3718	5601
1395	5602
2921	5603
6515	5604
2298	5605
969	5606
3920	5607
2477	5608
4810	5609
6641	5610
3367	5611
5165	5612
1844	5613
7779	5614
1011	5615
998	5616
302	5617
2139	5618
942	5619
2162	5620
4271	5621
6995	5622
112	5623
733	5624
6196	5625
5833	5626
4426	5627
30	5628
5364	5629
7871	5630
2257	5631
1398	5632
1782	5633
679	5634
3195	5635
4531	5636
61	5637
2469	5638
5422	5639
264	5640
4046	5641
2234	5642
5067	5643
5229	5644
4818	5645
7255	5646
5292	5647
7791	5648
8310	5649
3480	5650
7150	5651
6636	5652
2168	5653
953	5654
2961	5655
2393	5656
3257	5657
3164	5658
4771	5659
7201	5660
4001	5661
781	5662
6749	5663
4822	5664
4798	5665
1874	5666
6272	5667
462	5668
4816	5669
6535	5670
6561	5671
3326	5672
6784	5673
4494	5674
4917	5675
1220	5676
5431	5677
2196	5678
784	5679
7774	5680
6582	5681
7396	5682
5855	5683
7256	5684
7272	5685
3035	5686
6619	5687
2567	5688
425	5689
2714	5690
5196	5691
8181	5692
998	5693
1555	5694
7786	5695
8379	5696
6881	5697
4056	5698
6902	5699
743	5700
663	5701
8319	5702
2941	5703
606	5704
7144	5705
7169	5706
4759	5707
2348	5708
4855	5709
3034	5710
250	5711
5418	5712
7803	5713
3284	5714
54	5715
4940	5716
3689	5717
1610	5718
4018	5719
3503	5720
323	5721
7523	5722
701	5723
1592	5724
770	5725
7160	5726
313	5727
4365	5728
1991	5729
436	5730
2967	5731
253	5732
1142	5733
5282	5734
202	5735
6781	5736
5080	5737
7748	5738
42	5739
698	5740
2284	5741
5947	5742
3584	5743
402	5744
148	5745
4151	5746
548	5747
5020	5748
3568	5749
2586	5750
4604	5751
4104	5752
955	5753
1072	5754
671	5755
4420	5756
3141	5757
5412	5758
4575	5759
1102	5760
3277	5761
1010	5762
3050	5763
106	5764
12	5765
1649	5766
5672	5767
1076	5768
7511	5769
1	5770
718	5771
883	5772
4486	5773
3848	5774
2786	5775
2577	5776
286	5777
7273	5778
96	5779
398	5780
2891	5781
2159	5782
6134	5783
6264	5784
4048	5785
1013	5786
6167	5787
885	5788
1	5789
8002	5790
1028	5791
6273	5792
3158	5793
4396	5794
6086	5795
3215	5796
4277	5797
7173	5798
1413	5799
977	5800
306	5801
7389	5802
583	5803
1333	5804
1044	5805
1454	5806
37	5807
7968	5808
5058	5809
6763	5810
2920	5811
5914	5812
6949	5813
3438	5814
5776	5815
4451	5816
7925	5817
1667	5818
5212	5819
4044	5820
939	5821
4053	5822
6202	5823
1277	5824
2277	5825
949	5826
4488	5827
4648	5828
3420	5829
3403	5830
6076	5831
603	5832
1207	5833
206	5834
3192	5835
192	5836
8174	5837
680	5838
7636	5839
1787	5840
2499	5841
6525	5842
1214	5843
1403	5844
1466	5845
4005	5846
2518	5847
7678	5848
250	5849
2260	5850
1060	5851
5886	5852
327	5853
6111	5854
2340	5855
615	5856
3855	5857
991	5858
282	5859
7615	5860
8358	5861
3641	5862
4911	5863
8141	5864
3792	5865
8263	5866
8258	5867
7672	5868
195	5869
375	5870
5025	5871
8293	5872
4655	5873
12	5874
5774	5875
63	5876
131	5877
4702	5878
622	5879
8195	5880
8270	5881
4299	5882
5126	5883
7577	5884
7007	5885
5041	5886
1101	5887
4854	5888
279	5889
439	5890
5268	5891
1374	5892
5454	5893
8225	5894
1752	5895
2444	5896
714	5897
8321	5898
1841	5899
7495	5900
2638	5901
712	5902
7367	5903
6916	5904
5731	5905
915	5906
7784	5907
2900	5908
4534	5909
1828	5910
2047	5911
8062	5912
7055	5913
637	5914
61	5915
4805	5916
4201	5917
3913	5918
1097	5919
4827	5920
3710	5921
6364	5922
878	5923
1283	5924
25	5925
1568	5926
6726	5927
997	5928
507	5929
72	5930
981	5931
5110	5932
1815	5933
4176	5934
3413	5935
8291	5936
2135	5937
3	5938
193	5939
2823	5940
248	5941
8325	5942
22	5943
265	5944
217	5945
5272	5946
2665	5947
2041	5948
781	5949
6648	5950
4844	5951
2751	5952
7107	5953
7116	5954
6753	5955
5962	5956
3534	5957
6099	5958
931	5959
4408	5960
6512	5961
7997	5962
7656	5963
1114	5964
1320	5965
2240	5966
2199	5967
971	5968
302	5969
156	5970
67	5971
1084	5972
1033	5973
5458	5974
3700	5975
3882	5976
8132	5977
4857	5978
7044	5979
3605	5980
7624	5981
3890	5982
161	5983
7165	5984
461	5985
5135	5986
5654	5987
7772	5988
6491	5989
3762	5990
373	5991
1108	5992
134	5993
4856	5994
1554	5995
7242	5996
1352	5997
553	5998
1525	5999
574	6000
4036	6001
8076	6002
7752	6003
2804	6004
904	6005
4413	6006
7237	6007
216	6008
417	6009
2826	6010
7415	6011
7013	6012
550	6013
751	6014
3729	6015
1851	6016
10	6017
6029	6018
2145	6019
3523	6020
1115	6021
3004	6022
514	6023
813	6024
6066	6025
815	6026
89	6027
1439	6028
8407	6029
97	6030
2214	6031
1063	6032
647	6033
1997	6034
219	6035
3114	6036
3286	6037
6246	6038
6357	6039
3627	6040
631	6041
3171	6042
3049	6043
1512	6044
2180	6045
8146	6046
5778	6047
5381	6048
3877	6049
4932	6050
3549	6051
282	6052
1613	6053
5919	6054
741	6055
2030	6056
5993	6057
648	6058
4994	6059
4172	6060
1383	6061
6812	6062
6673	6063
3327	6064
4100	6065
6010	6066
5772	6067
6577	6068
4983	6069
7119	6070
2061	6071
1697	6072
5163	6073
6210	6074
337	6075
997	6076
994	6077
7798	6078
2650	6079
1020	6080
4	6081
1751	6082
2639	6083
1378	6084
8365	6085
2471	6086
3391	6087
431	6088
4136	6089
3344	6090
1406	6091
994	6092
688	6093
7157	6094
5306	6095
5605	6096
4168	6097
5487	6098
833	6099
3499	6100
5347	6101
101	6102
2420	6103
7335	6104
1154	6105
445	6106
2819	6107
2860	6108
1148	6109
8389	6110
873	6111
7062	6112
165	6113
457	6114
76	6115
877	6116
5246	6117
2446	6118
710	6119
3241	6120
8262	6121
2869	6122
7674	6123
509	6124
5164	6125
3186	6126
7432	6127
3074	6128
2084	6129
137	6130
6429	6131
7182	6132
909	6133
2790	6134
103	6135
6663	6136
22	6137
6712	6138
2925	6139
1069	6140
2079	6141
2092	6142
237	6143
5372	6144
5177	6145
1837	6146
1016	6147
6284	6148
5695	6149
5598	6150
6000	6151
2276	6152
732	6153
6660	6154
6930	6155
947	6156
1464	6157
6409	6158
411	6159
646	6160
1623	6161
114	6162
3917	6163
3704	6164
760	6165
5320	6166
7732	6167
2777	6168
3370	6169
6542	6170
7996	6171
7530	6172
605	6173
6570	6174
478	6175
2208	6176
4163	6177
6480	6178
999	6179
2490	6180
1861	6181
1952	6182
3714	6183
3781	6184
5957	6185
1106	6186
2666	6187
1550	6188
5544	6189
6298	6190
3944	6191
6895	6192
6112	6193
5166	6194
2980	6195
6644	6196
2231	6197
5309	6198
8057	6199
135	6200
3210	6201
3965	6202
3588	6203
960	6204
7928	6205
8063	6206
390	6207
5590	6208
5608	6209
5413	6210
7829	6211
8224	6212
1090	6213
5156	6214
6237	6215
933	6216
3234	6217
644	6218
5170	6219
405	6220
2259	6221
8297	6222
178	6223
7215	6224
504	6225
785	6226
5266	6227
3170	6228
3115	6229
1111	6230
2137	6231
5768	6232
7421	6233
7122	6234
790	6235
5596	6236
1158	6237
6669	6238
112	6239
6696	6240
4820	6241
5141	6242
4869	6243
3799	6244
6133	6245
271	6246
5964	6247
8294	6248
8431	6249
736	6250
7977	6251
4131	6252
6803	6253
7109	6254
4069	6255
601	6256
5970	6257
4679	6258
187	6259
502	6260
9	6261
4307	6262
7299	6263
5734	6264
908	6265
4286	6266
4914	6267
7552	6268
5877	6269
1607	6270
5825	6271
1459	6272
6899	6273
4574	6274
3431	6275
958	6276
6520	6277
4956	6278
200	6279
8014	6280
2803	6281
6657	6282
585	6283
6532	6284
6722	6285
180	6286
6956	6287
8	6288
394	6289
7957	6290
727	6291
96	6292
1920	6293
1567	6294
7311	6295
296	6296
8427	6297
2267	6298
5226	6299
3092	6300
8271	6301
3493	6302
1112	6303
2350	6304
3583	6305
1218	6306
5111	6307
7456	6308
133	6309
403	6310
645	6311
6507	6312
33	6313
2536	6314
3441	6315
7966	6316
643	6317
941	6318
683	6319
3150	6320
4276	6321
331	6322
6658	6323
6193	6324
19	6325
250	6326
1135	6327
3797	6328
429	6329
228	6330
1266	6331
6527	6332
1079	6333
1067	6334
4461	6335
109	6336
6018	6337
4882	6338
4128	6339
687	6340
1557	6341
5838	6342
6518	6343
2568	6344
14	6345
856	6346
19	6347
5911	6348
52	6349
64	6350
6746	6351
5302	6352
17	6353
1332	6354
463	6355
848	6356
5954	6357
8077	6358
2894	6359
203	6360
4850	6361
6177	6362
615	6363
1404	6364
683	6365
7084	6366
61	6367
1536	6368
198	6369
1019	6370
851	6371
170	6372
7782	6373
434	6374
3854	6375
1381	6376
587	6377
2739	6378
73	6379
3681	6380
6780	6381
5740	6382
303	6383
4790	6384
1589	6385
114	6386
67	6387
978	6388
1855	6389
613	6390
6398	6391
3793	6392
4345	6393
3353	6394
4755	6395
6941	6396
4663	6397
7309	6398
5849	6399
1146	6400
40	6401
4813	6402
4071	6403
7918	6404
2692	6405
8331	6406
863	6407
2748	6408
6981	6409
247	6410
7725	6411
5586	6412
4769	6413
85	6414
4364	6415
3615	6416
5578	6417
307	6418
627	6419
2398	6420
2818	6421
6413	6422
6483	6423
8201	6424
2411	6425
5540	6426
136	6427
5757	6428
7046	6429
8050	6430
5	6431
2546	6432
1769	6433
6711	6434
809	6435
100	6436
3620	6437
190	6438
467	6439
1819	6440
980	6441
5253	6442
5670	6443
8384	6444
5275	6445
7386	6446
139	6447
6208	6448
2202	6449
425	6450
5154	6451
7794	6452
4372	6453
6348	6454
2052	6455
733	6456
103	6457
6917	6458
483	6459
2428	6460
2888	6461
3741	6462
1136	6463
4925	6464
719	6465
8408	6466
2174	6467
389	6468
7584	6469
4686	6470
746	6471
6668	6472
669	6473
1119	6474
3520	6475
7429	6476
6552	6477
2395	6478
5294	6479
7875	6480
7566	6481
7926	6482
2347	6483
2569	6484
7313	6485
199	6486
2651	6487
2249	6488
7945	6489
377	6490
986	6491
824	6492
4192	6493
268	6494
1140	6495
5346	6496
5722	6497
674	6498
319	6499
6456	6500
6144	6501
104	6502
8112	6503
4762	6504
224	6505
2616	6506
708	6507
4765	6508
610	6509
920	6510
807	6511
8254	6512
825	6513
201	6514
639	6515
7240	6516
6957	6517
3968	6518
4986	6519
4465	6520
1080	6521
2914	6522
3394	6523
2582	6524
1341	6525
2406	6526
142	6527
629	6528
1500	6529
3531	6530
932	6531
3024	6532
7953	6533
27	6534
5998	6535
3835	6536
3765	6537
7487	6538
1760	6539
6093	6540
6123	6541
8074	6542
32	6543
365	6544
246	6545
795	6546
7177	6547
7657	6548
4547	6549
422	6550
910	6551
7404	6552
2792	6553
5383	6554
1102	6555
6402	6556
3803	6557
181	6558
7885	6559
6446	6560
4381	6561
1286	6562
1777	6563
6554	6564
2	6565
5813	6566
1288	6567
4734	6568
5569	6569
5504	6570
3363	6571
1357	6572
6442	6573
3808	6574
1467	6575
1990	6576
1767	6577
7443	6578
5827	6579
4002	6580
328	6581
2797	6582
2892	6583
918	6584
1600	6585
5406	6586
167	6587
8012	6588
50	6589
544	6590
6328	6591
832	6592
945	6593
6378	6594
884	6595
165	6596
6431	6597
293	6598
2695	6599
5678	6600
71	6601
1093	6602
1537	6603
6979	6604
1157	6605
8361	6606
1067	6607
4631	6608
1741	6609
1021	6610
6304	6611
2338	6612
8411	6613
74	6614
3469	6615
1943	6616
6984	6617
854	6618
692	6619
1035	6620
7606	6621
6950	6622
6681	6623
4118	6624
8121	6625
322	6626
298	6627
3213	6628
2524	6629
1794	6630
3525	6631
6901	6632
7210	6633
689	6634
6127	6635
1166	6636
3266	6637
6474	6638
68	6639
7746	6640
8039	6641
7332	6642
7860	6643
4516	6644
8276	6645
2023	6646
886	6647
1001	6648
839	6649
64	6650
5766	6651
3997	6652
208	6653
2852	6654
5891	6655
2247	6656
7218	6657
2911	6658
487	6659
2272	6660
2635	6661
2101	6662
5419	6663
1417	6664
8247	6665
2578	6666
3862	6667
1376	6668
7704	6669
3948	6670
7258	6671
222	6672
2508	6673
256	6674
6768	6675
6735	6676
7030	6677
4471	6678
5016	6679
3909	6680
934	6681
3098	6682
4442	6683
4143	6684
4583	6685
6104	6686
2373	6687
7697	6688
3846	6689
5627	6690
6526	6691
4542	6692
8324	6693
8261	6694
6070	6695
191	6696
7699	6697
2209	6698
7076	6699
8208	6700
7445	6701
19	6702
6423	6703
3016	6704
6468	6705
369	6706
2100	6707
218	6708
7211	6709
494	6710
4613	6711
1396	6712
3810	6713
7135	6714
237	6715
5368	6716
7247	6717
1125	6718
6627	6719
6251	6720
1680	6721
5239	6722
1296	6723
5337	6724
330	6725
205	6726
140	6727
5024	6728
260	6729
262	6730
150	6731
6703	6732
7052	6733
271	6734
8219	6735
1389	6736
4580	6737
3317	6738
7765	6739
1560	6740
8104	6741
763	6742
7845	6743
42	6744
536	6745
1065	6746
3111	6747
2371	6748
6372	6749
7190	6750
4475	6751
2266	6752
4608	6753
6252	6754
4644	6755
2795	6756
3671	6757
4550	6758
407	6759
757	6760
4962	6761
837	6762
3468	6763
6830	6764
7416	6765
5000	6766
6100	6767
1715	6768
11	6769
1785	6770
8316	6771
6993	6772
8264	6773
451	6774
1083	6775
1159	6776
6397	6777
4529	6778
8374	6779
6626	6780
8387	6781
196	6782
359	6783
5323	6784
778	6785
592	6786
6351	6787
6893	6788
312	6789
6760	6790
155	6791
5206	6792
5689	6793
3722	6794
4050	6795
12	6796
5823	6797
7572	6798
2006	6799
8065	6800
2486	6801
919	6802
6290	6803
4536	6804
4733	6805
4834	6806
153	6807
5181	6808
8080	6809
5905	6810
3537	6811
3375	6812
317	6813
636	6814
5064	6815
3795	6816
2325	6817
1468	6818
7745	6819
3198	6820
7249	6821
5984	6822
4737	6823
747	6824
6764	6825
4801	6826
4641	6827
6823	6828
8390	6829
3929	6830
324	6831
946	6832
4462	6833
2806	6834
4729	6835
2611	6836
7291	6837
316	6838
65	6839
203	6840
1017	6841
5975	6842
231	6843
7214	6844
336	6845
1419	6846
72	6847
1394	6848
6771	6849
3047	6850
6219	6851
7770	6852
3254	6853
3369	6854
4888	6855
1000	6856
421	6857
1281	6858
979	6859
5631	6860
1228	6861
7020	6862
5493	6863
5486	6864
6224	6865
1595	6866
3579	6867
8281	6868
4508	6869
1317	6870
3238	6871
4444	6872
7290	6873
25	6874
2455	6875
6667	6876
3082	6877
2219	6878
3552	6879
6241	6880
4629	6881
4549	6882
8075	6883
3751	6884
7738	6885
793	6886
1878	6887
5570	6888
756	6889
6928	6890
921	6891
3673	6892
4384	6893
5305	6894
6799	6895
2386	6896
6545	6897
6229	6898
3077	6899
1875	6900
2121	6901
4228	6902
1755	6903
6819	6904
1308	6905
2700	6906
3542	6907
5549	6908
2608	6909
13	6910
1211	6911
3465	6912
2799	6913
5915	6914
682	6915
7737	6916
4077	6917
4437	6918
1285	6919
927	6920
7872	6921
5960	6922
4916	6923
1420	6924
5591	6925
6349	6926
3346	6927
6320	6928
3993	6929
819	6930
7449	6931
1295	6932
5059	6933
1275	6934
7903	6935
5941	6936
7665	6937
5149	6938
612	6939
7956	6940
1165	6941
1966	6942
4572	6943
1123	6944
818	6945
8140	6946
2374	6947
7032	6948
3069	6949
4562	6950
4312	6951
782	6952
5610	6953
3221	6954
4280	6955
6704	6956
7603	6957
6296	6958
8233	6959
7805	6960
2072	6961
5604	6962
6503	6963
1057	6964
6312	6965
4330	6966
43	6967
6074	6968
504	6969
143	6970
1061	6971
4598	6972
4260	6973
74	6974
7817	6975
3415	6976
2213	6977
4756	6978
298	6979
5479	6980
7298	6981
944	6982
4828	6983
604	6984
2068	6985
3399	6986
6295	6987
4709	6988
366	6989
89	6990
1372	6991
7799	6992
4414	6993
39	6994
1686	6995
694	6996
4311	6997
2717	6998
963	6999
7888	7000
6947	7001
1273	7002
7477	7003
5653	7004
34	7005
4318	7006
491	7007
2827	7008
7739	7009
735	7010
2855	7011
1025	7012
2109	7013
2245	7014
6866	7015
4232	7016
6186	7017
5259	7018
4498	7019
5217	7020
313	7021
2930	7022
8329	7023
3590	7024
1258	7025
8292	7026
328	7027
4294	7028
1709	7029
931	7030
8311	7031
84	7032
2615	7033
5076	7034
393	7035
5742	7036
895	7037
7658	7038
2225	7039
623	7040
5173	7041
7171	7042
7328	7043
6039	7044
3003	7045
1982	7046
3123	7047
5403	7048
7340	7049
1382	7050
284	7051
8102	7052
3043	7053
7852	7054
8090	7055
1260	7056
530	7057
7329	7058
115	7059
212	7060
3445	7061
148	7062
5609	7063
8157	7064
4754	7065
4185	7066
4159	7067
6679	7068
2110	7069
7967	7070
4429	7071
332	7072
7433	7073
7864	7074
2032	7075
2537	7076
2310	7077
6244	7078
1950	7079
5671	7080
150	7081
6833	7082
2313	7083
4234	7084
891	7085
681	7086
5332	7087
221	7088
6586	7089
4459	7090
6158	7091
3789	7092
3806	7093
7935	7094
1947	7095
465	7096
8426	7097
5665	7098
12	7099
5649	7100
1756	7101
1018	7102
7187	7103
2158	7104
765	7105
4376	7106
7235	7107
360	7108
917	7109
3453	7110
6918	7111
3647	7112
3922	7113
4308	7114
579	7115
822	7116
52	7117
91	7118
1005	7119
1180	7120
6302	7121
5492	7122
4114	7123
36	7124
4	7125
7369	7126
6775	7127
5151	7128
2059	7129
3621	7130
147	7131
4706	7132
99	7133
637	7134
412	7135
3952	7136
2412	7137
5062	7138
5441	7139
1812	7140
1563	7141
5109	7142
59	7143
2033	7144
1009	7145
157	7146
1023	7147
38	7148
4730	7149
2294	7150
6936	7151
4685	7152
2973	7153
4109	7154
7531	7155
2810	7156
2898	7157
1871	7158
893	7159
1	7160
1880	7161
8312	7162
7225	7163
2379	7164
128	7165
2589	7166
4	7167
912	7168
7079	7169
1089	7170
1094	7171
2125	7172
4982	7173
1126	7174
8159	7175
3190	7176
475	7177
266	7178
753	7179
2703	7180
4448	7181
2044	7182
7405	7183
1086	7184
6506	7185
8226	7186
722	7187
7287	7188
238	7189
1130	7190
3746	7191
5710	7192
35	7193
7209	7194
8202	7195
1182	7196
5817	7197
5966	7198
399	7199
881	7200
993	7201
172	7202
233	7203
4145	7204
774	7205
3318	7206
6094	7207
5830	7208
8138	7209
243	7210
7447	7211
915	7212
6680	7213
10	7214
769	7215
524	7216
1147	7217
631	7218
1867	7219
1494	7220
2506	7221
845	7222
226	7223
7520	7224
1770	7225
7544	7226
4967	7227
6883	7228
457	7229
3957	7230
500	7231
5158	7232
6255	7233
3296	7234
7089	7235
1388	7236
1073	7237
4867	7238
393	7239
4610	7240
3694	7241
183	7242
6790	7243
799	7244
1122	7245
5463	7246
372	7247
18	7248
6416	7249
1672	7250
43	7251
2584	7252
5729	7253
5688	7254
556	7255
1114	7256
6368	7257
2990	7258
1064	7259
3786	7260
1265	7261
3598	7262
643	7263
258	7264
290	7265
3844	7266
4029	7267
13	7268
8046	7269
2450	7270
5319	7271
7550	7272
6269	7273
6719	7274
3428	7275
1037	7276
2629	7277
6045	7278
6441	7279
2043	7280
4558	7281
2636	7282
3109	7283
6967	7284
4753	7285
2942	7286
2166	7287
7494	7288
2605	7289
8251	7290
240	7291
6240	7292
4438	7293
2603	7294
2268	7295
5615	7296
3137	7297
1117	7298
1226	7299
7776	7300
5070	7301
750	7302
3733	7303
6556	7304
1339	7305
6261	7306
3716	7307
100	7308
1520	7309
2829	7310
7414	7311
2457	7312
867	7313
5732	7314
988	7315
2303	7316
2683	7317
51	7318
4219	7319
1645	7320
5105	7321
244	7322
7018	7323
5834	7324
6466	7325
2585	7326
14	7327
3208	7328
440	7329
5785	7330
6741	7331
6338	7332
3271	7333
7243	7334
3905	7335
8229	7336
5469	7337
8171	7338
7912	7339
7583	7340
6585	7341
4897	7342
572	7343
1944	7344
6222	7345
2871	7346
6359	7347
3813	7348
3695	7349
21	7350
2269	7351
126	7352
8115	7353
1543	7354
24	7355
6537	7356
118	7357
5371	7358
8071	7359
8191	7360
3832	7361
681	7362
7353	7363
7947	7364
2293	7365
58	7366
6089	7367
6877	7368
4469	7369
2606	7370
7205	7371
218	7372
4999	7373
4099	7374
7460	7375
7567	7376
7261	7377
6944	7378
126	7379
8038	7380
8162	7381
3272	7382
1640	7383
1801	7384
7917	7385
2913	7386
1343	7387
7508	7388
3927	7389
6740	7390
129	7391
1551	7392
3758	7393
8026	7394
4935	7395
4495	7396
6858	7397
1949	7398
5238	7399
83	7400
1957	7401
4042	7402
992	7403
6116	7404
283	7405
3788	7406
4072	7407
792	7408
689	7409
3907	7410
269	7411
222	7412
1039	7413
4979	7414
2561	7415
6541	7416
713	7417
3182	7418
8359	7419
5623	7420
7148	7421
274	7422
6199	7423
476	7424
4210	7425
7716	7426
1579	7427
2890	7428
164	7429
2456	7430
4861	7431
5455	7432
3713	7433
462	7434
4031	7435
1660	7436
7974	7437
5594	7438
81	7439
6412	7440
552	7441
4609	7442
3769	7443
7768	7444
3851	7445
45	7446
556	7447
4009	7448
2107	7449
3491	7450
4625	7451
888	7452
5430	7453
3785	7454
3628	7455
7355	7456
2574	7457
3569	7458
4944	7459
1024	7460
1487	7461
6289	7462
6855	7463
5582	7464
3663	7465
7012	7466
2114	7467
4428	7468
2881	7469
2120	7470
4766	7471
6692	7472
1087	7473
5925	7474
959	7475
5439	7476
4643	7477
8334	7478
5128	7479
7011	7480
8282	7481
4419	7482
5400	7483
1160	7484
6152	7485
8153	7486
2224	7487
2011	7488
5870	7489
977	7490
2353	7491
2330	7492
4927	7493
7684	7494
4020	7495
4132	7496
2782	7497
390	7498
4347	7499
6421	7500
43	7501
1056	7502
5086	7503
2928	7504
4233	7505
812	7506
4847	7507
1483	7508
7248	7509
6810	7510
7156	7511
4146	7512
199	7513
2414	7514
5233	7515
486	7516
7276	7517
187	7518
938	7519
7664	7520
5819	7521
3295	7522
7775	7523
3303	7524
4781	7525
6355	7526
1524	7527
7056	7528
1772	7529
6849	7530
3021	7531
2432	7532
4651	7533
2161	7534
5130	7535
1141	7536
8299	7537
3556	7538
5040	7539
2963	7540
2333	7541
7592	7542
1580	7543
2115	7544
1784	7545
379	7546
6531	7547
3014	7548
2343	7549
15	7550
3211	7551
6230	7552
5806	7553
5754	7554
7196	7555
7675	7556
2528	7557
4335	7558
3084	7559
946	7560
3679	7561
5869	7562
2510	7563
655	7564
7616	7565
1911	7566
396	7567
7479	7568
5878	7569
5977	7570
908	7571
5666	7572
75	7573
290	7574
5967	7575
7942	7576
981	7577
3053	7578
717	7579
6706	7580
4314	7581
5387	7582
1798	7583
3278	7584
29	7585
5289	7586
5895	7587
5804	7588
4942	7589
2322	7590
3572	7591
7294	7592
2197	7593
1720	7594
6926	7595
4513	7596
344	7597
1328	7598
7901	7599
1663	7600
3604	7601
5937	7602
4424	7603
2064	7604
2680	7605
2904	7606
594	7607
3826	7608
5965	7609
1608	7610
2957	7611
810	7612
4523	7613
6539	7614
4991	7615
5621	7616
2716	7617
5005	7618
4468	7619
6439	7620
367	7621
1056	7622
520	7623
4978	7624
2349	7625
537	7626
5352	7627
349	7628
7277	7629
6187	7630
6331	7631
6870	7632
69	7633
3387	7634
507	7635
232	7636
7743	7637
366	7638
2306	7639
6761	7640
2559	7641
1779	7642
6051	7643
8350	7644
4047	7645
1633	7646
711	7647
123	7648
2458	7649
1023	7650
1113	7651
5840	7652
1208	7653
4313	7654
6589	7655
1335	7656
7835	7657
25	7658
5084	7659
5361	7660
4334	7661
633	7662
6385	7663
5616	7664
4596	7665
3038	7666
7306	7667
6898	7668
3989	7669
2008	7670
17	7671
8165	7672
2919	7673
2965	7674
3385	7675
1344	7676
7295	7677
7118	7678
7609	7679
7500	7680
6249	7681
4222	7682
4258	7683
4096	7684
2358	7685
1195	7686
239	7687
4591	7688
2554	7689
3381	7690
520	7691
7192	7692
1297	7693
2194	7694
171	7695
5648	7696
4554	7697
2998	7698
4089	7699
1683	7700
6631	7701
867	7702
721	7703
2439	7704
1276	7705
7540	7706
5274	7707
1402	7708
398	7709
3678	7710
6482	7711
6226	7712
7464	7713
5709	7714
1	7715
7484	7716
1781	7717
8130	7718
77	7719
6403	7720
6998	7721
4481	7722
2849	7723
5601	7724
198	7725
7034	7726
5271	7727
6488	7728
3072	7729
57	7730
1141	7731
870	7732
453	7733
3086	7734
804	7735
1037	7736
54	7737
2069	7738
2118	7739
6043	7740
821	7741
5951	7742
5278	7743
2809	7744
2688	7745
2696	7746
373	7747
7919	7748
7962	7749
151	7750
729	7751
1689	7752
492	7753
4261	7754
4965	7755
5451	7756
4747	7757
6281	7758
1810	7759
6988	7760
1552	7761
362	7762
4807	7763
8298	7764
8248	7765
7840	7766
579	7767
1215	7768
2579	7769
3175	7770
7172	7771
323	7772
6736	7773
131	7774
6433	7775
1478	7776
3393	7777
3850	7778
3191	7779
7717	7780
652	7781
3219	7782
2156	7783
6801	7784
1845	7785
1133	7786
6346	7787
767	7788
233	7789
185	7790
779	7791
2660	7792
7331	7793
6822	7794
35	7795
2480	7796
836	7797
5662	7798
2405	7799
8096	7800
2256	7801
71	7802
828	7803
5626	7804
2304	7805
6606	7806
7638	7807
1003	7808
737	7809
3252	7810
2932	7811
3167	7812
717	7813
3379	7814
2417	7815
297	7816
7813	7817
5113	7818
7861	7819
828	7820
5948	7821
4891	7822
7622	7823
4969	7824
1371	7825
1038	7826
4354	7827
5933	7828
2144	7829
6077	7830
183	7831
5714	7832
4557	7833
7458	7834
4952	7835
3546	7836
966	7837
6629	7838
1138	7839
863	7840
19	7841
975	7842
3073	7843
5223	7844
6106	7845
834	7846
2255	7847
7061	7848
598	7849
4342	7850
4874	7851
51	7852
8253	7853
3545	7854
50	7855
7393	7856
1488	7857
7155	7858
430	7859
4199	7860
8155	7861
417	7862
4479	7863
831	7864
1112	7865
3949	7866
7825	7867
3087	7868
7423	7869
3760	7870
5273	7871
699	7872
8023	7873
1022	7874
6516	7875
3872	7876
6725	7877
488	7878
1643	7879
6006	7880
3587	7881
7937	7882
5716	7883
7736	7884
4599	7885
8094	7886
1486	7887
6880	7888
2317	7889
747	7890
5741	7891
737	7892
654	7893
2553	7894
626	7895
7514	7896
66	7897
5944	7898
6129	7899
4708	7900
21	7901
8033	7902
1795	7903
1646	7904
7553	7905
3672	7906
7874	7907
5917	7908
5794	7909
3199	7910
3828	7911
430	7912
4177	7913
3250	7914
898	7915
5034	7916
3959	7917
8410	7918
3067	7919
1186	7920
6867	7921
3376	7922
1099	7923
684	7924
5490	7925
7361	7926
1238	7927
8232	7928
1761	7929
6637	7930
4169	7931
3172	7932
4016	7933
3099	7934
1424	7935
4144	7936
2768	7937
2747	7938
3701	7939
2372	7940
1368	7941
4045	7942
1154	7943
3342	7944
7270	7945
796	7946
7741	7947
7453	7948
5620	7949
8360	7950
8265	7951
7548	7952
6297	7953
67	7954
6400	7955
1330	7956
2642	7957
249	7958
284	7959
1936	7960
4440	7961
4340	7962
4398	7963
367	7964
5530	7965
1840	7966
2668	7967
2720	7968
3331	7969
1757	7970
4353	7971
2421	7972
83	7973
7969	7974
234	7975
831	7976
3330	7977
7114	7978
7612	7979
4351	7980
7245	7981
2454	7982
1062	7983
1832	7984
2936	7985
5736	7986
906	7987
5612	7988
900	7989
3374	7990
649	7991
2728	7992
820	7993
5744	7994
6755	7995
3094	7996
6843	7997
646	7998
5159	7999
6096	8000
6299	8001
2530	8002
5546	8003
7357	8004
2798	8005
1200	8006
866	8007
7289	8008
989	8009
7288	8010
1171	8011
1853	8012
4815	8013
7780	8014
498	8015
7	8016
2938	8017
1084	8018
6699	8019
5685	8020
2842	8021
3243	8022
1858	8023
6469	8024
6610	8025
584	8026
3	8027
3093	8028
996	8029
8250	8030
7700	8031
7091	8032
7252	8033
3378	8034
5277	8035
3589	8036
6114	8037
6444	8038
7151	8039
6307	8040
7771	8041
1012	8042
8212	8043
6279	8044
2996	8045
6131	8046
6923	8047
826	8048
3390	8049
3591	8050
4456	8051
1895	8052
1744	8053
397	8054
5066	8055
1590	8056
543	8057
484	8058
3538	8059
5304	8060
94	8061
629	8062
3563	8063
4789	8064
5630	8065
2643	8066
699	8067
5447	8068
614	8069
6846	8070
4795	8071
1886	8072
5348	8073
112	8074
6256	8075
155	8076
3875	8077
57	8078
7866	8079
273	8080
925	8081
6600	8082
8238	8083
948	8084
1745	8085
3218	8086
6024	8087
3752	8088
5363	8089
5607	8090
5918	8091
8429	8092
1612	8093
2029	8094
811	8095
4245	8096
1830	8097
6565	8098
1190	8099
3640	8100
3682	8101
7686	8102
5784	8103
464	8104
4086	8105
773	8106
3535	8107
3973	8108
3636	8109
1931	8110
1391	8111
5583	8112
6084	8113
1229	8114
1033	8115
5597	8116
5527	8117
95	8118
4711	8119
1825	8120
1917	8121
47	8122
4385	8123
6612	8124
5910	8125
410	8126
368	8127
762	8128
6792	8129
2382	8130
797	8131
1969	8132
825	8133
170	8134
256	8135
3161	8136
47	8137
113	8138
6806	8139
5027	8140
5326	8141
793	8142
589	8143
3078	8144
4808	8145
3122	8146
8032	8147
3232	8148
3283	8149
7884	8150
5892	8151
582	8152
197	8153
3637	8154
47	8155
4208	8156
6393	8157
1167	8158
6909	8159
4674	8160
1463	8161
658	8162
455	8163
8187	8164
3184	8165
197	8166
6954	8167
6257	8168
8240	8169
512	8170
6782	8171
7047	8172
541	8173
4173	8174
849	8175
3	8176
510	8177
3817	8178
1842	8179
7891	8180
6649	8181
5828	8182
585	8183
2529	8184
8222	8185
7850	8186
353	8187
1671	8188
2595	8189
6155	8190
6977	8191
3448	8192
4097	8193
889	8194
4098	8195
4941	8196
21	8197
217	8198
2013	8199
6375	8200
2423	8201
5684	8202
3748	8203
7350	8204
1132	8205
2426	8206
967	8207
4179	8208
3494	8209
5365	8210
5349	8211
29	8212
6128	8213
5099	8214
4898	8215
4877	8216
7212	8217
6165	8218
7003	8219
6293	8220
5344	8221
1239	8222
6396	8223
295	8224
521	8225
301	8226
1092	8227
7073	8228
827	8229
99	8230
1029	8231
4849	8232
8425	8233
2765	8234
7088	8235
1496	8236
2132	8237
2984	8238
1348	8239
7751	8240
8203	8241
529	8242
3477	8243
960	8244
2239	8245
5287	8246
304	8247
3650	8248
680	8249
592	8250
8081	8251
3261	8252
6059	8253
5963	8254
523	8255
4800	8256
2992	8257
4141	8258
77	8259
107	8260
232	8261
4434	8262
7819	8263
2875	8264
4288	8265
7596	8266
7278	8267
4054	8268
6646	8269
2279	8270
458	8271
3876	8272
950	8273
5687	8274
3940	8275
7241	8276
6794	8277
2316	8278
3522	8279
6030	8280
5961	8281
6745	8282
880	8283
2859	8284
8373	8285
6206	8286
8004	8287
4423	8288
7154	8289
2853	8290
1174	8291
4588	8292
3906	8293
117	8294
71	8295
1422	8296
3142	8297
5511	8298
1978	8299
2934	8300
2958	8301
1307	8302
667	8303
4206	8304
6117	8305
1269	8306
1367	8307
5035	8308
147	8309
616	8310
767	8311
2430	8312
2816	8313
6808	8314
2531	8315
2976	8316
5821	8317
253	8318
474	8319
5619	8320
7822	8321
7435	8322
216	8323
801	8324
384	8325
970	8326
1064	8327
28	8328
2377	8329
1127	8330
4764	8331
591	8332
5843	8333
294	8334
636	8335
666	8336
20	8337
69	8338
1225	8339
691	8340
4073	8341
1737	8342
1965	8343
8352	8344
1380	8345
1515	8346
6069	8347
4165	8348
5465	8349
6	8350
786	8351
3559	8352
1824	8353
521	8354
3557	8355
4209	8356
1354	8357
8108	8358
8383	8359
5575	8360
236	8361
1311	8362
8193	8363
5862	8364
548	8365
4211	8366
2658	8367
4039	8368
1460	8369
7159	8370
875	8371
7474	8372
7372	8373
6572	8374
3991	8375
2618	8376
5013	8377
1928	8378
8289	8379
2083	8380
4112	8381
6834	8382
8106	8383
4569	8384
743	8385
7269	8386
2877	8387
1118	8388
6147	8389
5786	8390
1711	8391
1522	8392
48	8393
5142	8394
5146	8395
215	8396
3039	8397
4449	8398
4892	8399
4217	8400
3725	8401
590	8402
2662	8403
5386	8404
5538	8405
1482	8406
4689	8407
78	8408
547	8409
892	8410
8044	8411
3373	8412
5563	8413
3830	8414
257	8415
5562	8416
2300	8417
7000	8418
8101	8419
7972	8420
3405	8421
2189	8422
3007	8423
2838	8424
2485	8425
135	8426
179	8427
5120	8428
2512	8429
6262	8430
2238	8431
20	8432
2282	8433
6265	8434
2833	8435
1210	8436
282	8437
2331	8438
3974	8439
7378	8440
1133	8441
8110	8442
710	8443
7673	8444
326	8445
6287	8446
242	8447
1055	8448
2701	8449
7924	8450
207	8451
3356	8452
3421	8453
8364	8454
4067	8455
1126	8456
3904	8457
5456	8458
3041	8459
7911	8460
8349	8461
7025	8462
678	8463
330	8464
751	8465
4585	8466
1052	8467
1503	8468
562	8469
7645	8470
2886	8471
98	8472
1984	8473
6750	8474
6744	8475
2885	8476
2091	8477
1321	8478
8084	8479
4568	8480
2263	8481
695	8482
3140	8483
3380	8484
2206	8485
3466	8486
951	8487
7556	8488
4394	8489
2409	8490
159	8491
2271	8492
182	8493
8300	8494
2960	8495
2691	8496
3398	8497
1312	8498
7408	8499
149	8500
5923	8501
4726	8502
5854	8503
2324	8504
4890	8505
5860	8506
235	8507
1998	8508
5075	8509
1025	8510
171	8511
4749	8512
2291	8513
7607	8514
3196	8515
8399	8516
184	8517
5705	8518
575	8519
7767	8520
5191	8521
93	8522
693	8523
5213	8524
7689	8525
7762	8526
6319	8527
1405	8528
1278	8529
1983	8530
546	8531
5997	8532
4524	8533
138	8534
6184	8535
8122	8536
2705	8537
798	8538
1	8539
1527	8540
3692	8541
1768	8542
2505	8543
53	8544
2113	8545
1423	8546
4415	8547
5524	8548
5973	8549
3377	8550
7033	8551
2187	8552
7893	8553
8385	8554
676	8555
7517	8556
2258	8557
5750	8558
6176	8559
3102	8560
5853	8561
392	8562
3536	8563
679	8564
6327	8565
2127	8566
6591	8567
7467	8568
414	8569
8125	8570
1491	8571
2402	8572
506	8573
7356	8574
7830	8575
621	8576
5014	8577
2201	8578
5452	8579
5240	8580
4278	8581
4439	8582
2689	8583
3742	8584
291	8585
2895	8586
8087	8587
4842	8588
1783	8589
5261	8590
4859	8591
7333	8592
4910	8593
2744	8594
1850	8595
8386	8596
2664	8597
6921	8598
281	8599
94	8600
2292	8601
5114	8602
5822	8603
8252	8604
7756	8605
8107	8606
5153	8607
5183	8608
5882	8609
2433	8610
7470	8611
7839	8612
108	8613
7106	8614
5167	8615
740	8616
7696	8617
3771	8618
5980	8619
1151	8620
4864	8621
4661	8622
4142	8623
6614	8624
8010	8625
4745	8626
7446	8627
5485	8628
7944	8629
8170	8630
4485	8631
5318	8632
7610	8633
4672	8634
1116	8635
6732	8636
6955	8637
2783	8638
5036	8639
7724	8640
3780	8641
2441	8642
6341	8643
4626	8644
2181	8645
57	8646
41	8647
7	8648
4540	8649
5551	8650
4521	8651
7735	8652
4829	8653
2776	8654
5029	8655
3418	8656
4848	8657
438	8658
1121	8659
910	8660
4963	8661
952	8662
4236	8663
5382	8664
5871	8665
449	8666
3646	8667
7878	8668
1325	8669
1924	8670
3680	8671
563	8672
1816	8673
3154	8674
2327	8675
1490	8676
8021	8677
4885	8678
1721	8679
735	8680
5324	8681
3132	8682
6122	8683
1702	8684
3743	8685
8120	8686
4155	8687
1162	8688
4326	8689
5539	8690
119	8691
64	8692
268	8693
5613	8694
1677	8695
878	8696
4336	8697
3774	8698
6072	8699
3898	8700
761	8701
177	8702
424	8703
4052	8704
5718	8705
7914	8706
6742	8707
6250	8708
3717	8709
1836	8710
6195	8711
8403	8712
7980	8713
2708	8714
2731	8715
803	8716
6221	8717
1436	8718
4158	8719
6238	8720
1955	8721
6139	8722
4928	8723
3061	8724
6334	8725
3670	8726
2123	8727
4715	8728
3966	8729
2054	8730
7442	8731
8123	8732
6776	8733
2952	8734
3699	8735
201	8736
620	8737
1243	8738
6434	8739
1245	8740
1431	8741
533	8742
1868	8743
5622	8744
4113	8745
2654	8746
606	8747
503	8748
7302	8749
271	8750
3900	8751
7014	8752
1977	8753
5411	8754
1593	8755
41	8756
4404	8757
5928	8758
1183	8759
5098	8760
2416	8761
3723	8762
601	8763
5398	8764
989	8765
4541	8766
3609	8767
8036	8768
3981	8769
3967	8770
7377	8771
4472	8772
5643	8773
7671	8774
5641	8775
2742	8776
1124	8777
4839	8778
811	8779
7441	8780
3076	8781
3345	8782
5848	8783
2216	8784
5738	8785
4660	8786
1073	8787
7558	8788
3755	8789
974	8790
113	8791
876	8792
8059	8793
1059	8794
4371	8795
8079	8796
7808	8797
1336	8798
3358	8799
4320	8800
4080	8801
6864	8802
7351	8803
1489	8804
3223	8805
4628	8806
2296	8807
4358	8808
3151	8809
5119	8810
5900	8811
429	8812
2427	8813
188	8814
4216	8815
1647	8816
4543	8817
1742	8818
3475	8819
1958	8820
6632	8821
6613	8822
7131	8823
487	8824
7457	8825
1040	8826
6723	8827
5032	8828
5531	8829
2975	8830
8301	8831
3978	8832
768	8833
4393	8834
8098	8835
5632	8836
120	8837
2380	8838
1933	8839
1443	8840
5023	8841
1734	8842
4380	8843
2774	8844
7348	8845
2302	8846
5841	8847
2122	8848
3667	8849
6041	8850
1729	8851
8363	8852
6798	8853
1185	8854
7354	8855
8070	8856
1128	8857
4837	8858
66	8859
7904	8860
7390	8861
5755	8862
4792	8863
2977	8864
810	8865
1014	8866
4600	8867
4779	8868
6999	8869
7100	8870
4346	8871
8056	8872
7796	8873
2076	8874
2633	8875
7820	8876
4267	8877
3461	8878
180	8879
7887	8880
1	8881
833	8882
3919	8883
1322	8884
1449	8885
877	8886
2754	8887
6090	8888
1930	8889
8025	8890
678	8891
5435	8892
7042	8893
1105	8894
2572	8895
3585	8896
5222	8897
7976	8898
778	8899
5063	8900
5986	8901
2834	8902
385	8903
254	8904
1484	8905
3791	8906
3153	8907
4379	8908
177	8909
378	8910
2474	8911
2058	8912
7824	8913
6388	8914
6661	8915
8189	8916
3079	8917
7422	8918
6361	8919
6142	8920
50	8921
6419	8922
3504	8923
5859	8924
5701	8925
49	8926
5203	8927
2682	8928
1280	8929
3288	8930
3602	8931
4678	8932
4060	8933
204	8934
2587	8935
6015	8936
4022	8937
1839	8938
2466	8939
2134	8940
1942	8941
1410	8942
1974	8943
4055	8944
7777	8945
7304	8946
342	8947
510	8948
6986	8949
2644	8950
7387	8951
7021	8952
7685	8953
5752	8954
5096	8955
5482	8956
2966	8957
3527	8958
3578	8959
1835	8960
780	8961
667	8962
6896	8963
2994	8964
3473	8965
6034	8966
1707	8967
340	8968
2004	8969
5060	8970
7123	8971
3955	8972
3747	8973
4561	8974
7224	8975
101	8976
6180	8977
3104	8978
174	8979
2698	8980
5243	8981
1411	8982
8413	8983
1334	8984
7366	8985
4492	8986
3657	8987
8006	8988
7383	8989
4946	8990
6461	8991
3809	8992
6161	8993
560	8994
4427	8995
686	8996
1919	8997
6968	8998
742	8999
1736	9000
1107	9001
1722	9002
4700	9003
3248	9004
5004	9005
8235	9006
2820	9007
3349	9008
627	9009
6654	9010
7407	9011
4061	9012
4512	9013
5584	9014
2759	9015
8173	9016
5147	9017
8287	9018
7166	9019
2	9020
840	9021
42	9022
1995	9023
1231	9024
7283	9025
2248	9026
2796	9027
4538	9028
7121	9029
596	9030
7994	9031
1088	9032
307	9033
3675	9034
599	9035
6638	9036
6032	9037
3436	9038
8290	9039
5894	9040
6064	9041
664	9042
1048	9043
6519	9044
6464	9045
11	9046
6882	9047
272	9048
2866	9049
2602	9050
770	9051
157	9052
5559	9053
1081	9054
6890	9055
550	9056
8255	9057
8067	9058
1377	9059
3177	9060
880	9061
5379	9062
1144	9063
6143	9064
90	9065
738	9066
27	9067
392	9068
440	9069
1031	9070
5681	9071
4704	9072
6154	9073
497	9074
7094	9075
6110	9076
56	9077
597	9078
59	9079
8169	9080
1915	9081
7074	9082
119	9083
611	9084
2764	9085
124	9086
336	9087
142	9088
1078	9089
106	9090
2566	9091
1071	9092
2026	9093
6608	9094
554	9095
3889	9096
4087	9097
6354	9098
942	9099
798	9100
1331	9101
1160	9102
779	9103
5898	9104
3236	9105
7461	9106
495	9107
754	9108
7602	9109
2837	9110
5201	9111
1192	9112
514	9113
7292	9114
1528	9115
1198	9116
40	9117
1531	9118
2007	9119
4292	9120
4124	9121
2520	9122
5879	9123
6933	9124
7710	9125
3130	9126
3201	9127
5579	9128
2995	9129
4432	9130
841	9131
76	9132
2607	9133
178	9134
8160	9135
4075	9136
4741	9137
6562	9138
7207	9139
7546	9140
716	9141
456	9142
6113	9143
759	9144
45	9145
227	9146
3845	9147
4301	9148
8029	9149
604	9150
352	9151
3580	9152
132	9153
4063	9154
509	9155
3540	9156
7545	9157
6192	9158
24	9159
852	9160
57	9161
816	9162
343	9163
1609	9164
2507	9165
2876	9166
8392	9167
7315	9168
8391	9169
6021	9170
127	9171
1509	9172
1510	9173
4315	9174
2434	9175
7897	9176
591	9177
361	9178
6386	9179
829	9180
6501	9181
422	9182
5330	9183
2251	9184
534	9185
1771	9186
3606	9187
1108	9188
4977	9189
4902	9190
5307	9191
270	9192
696	9193
1843	9194
5395	9195
34	9196
1022	9197
3495	9198
3814	9199
6892	9200
365	9201
6020	9202
1153	9203
2192	9204
817	9205
5683	9206
5205	9207
6315	9208
2905	9209
8017	9210
3046	9211
5462	9212
122	9213
772	9214
3759	9215
8166	9216
4650	9217
7563	9218
3719	9219
1327	9220
6980	9221
2620	9222
1848	9223
182	9224
1082	9225
6795	9226
4826	9227
821	9228
5777	9229
7802	9230
428	9231
109	9232
890	9233
3685	9234
1763	9235
318	9236
467	9237
1187	9238
6932	9239
339	9240
6335	9241
850	9242
662	9243
6985	9244
5904	9245
6178	9246
8332	9247
5338	9248
376	9249
6313	9250
6828	9251
5706	9252
144	9253
2494	9254
7029	9255
1727	9256
2813	9257
213	9258
2449	9259
3478	9260
3020	9261
2136	9262
991	9263
512	9264
4343	9265
3273	9266
641	9267
6496	9268
202	9269
2962	9270
239	9271
5887	9272
246	9273
5719	9274
816	9275
1710	9276
15	9277
280	9278
7008	9279
2089	9280
1340	9281
355	9282
4332	9283
995	9284
162	9285
5284	9286
1240	9287
5835	9288
1793	9289
1287	9290
578	9291
1636	9292
7955	9293
635	9294
6963	9295
8382	9296
6455	9297
4622	9298
4875	9299
4727	9300
1435	9301
5375	9302
879	9303
2549	9304
722	9305
7549	9306
1813	9307
8330	9308
7971	9309
8134	9310
247	9311
4207	9312
702	9313
8295	9314
3658	9315
2677	9316
1145	9317
6911	9318
3032	9319
5872	9320
3040	9321
158	9322
1392	9323
2946	9324
2359	9325
6927	9326
1267	9327
6363	9328
6342	9329
814	9330
4606	9331
6	9332
7667	9333
3432	9334
3246	9335
602	9336
6717	9337
872	9338
813	9339
3490	9340
3411	9341
3507	9342
1095	9343
358	9344
685	9345
1914	9346
1544	9347
4594	9348
7961	9349
3328	9350
8049	9351
928	9352
2314	9353
194	9354
1012	9355
7436	9356
1644	9357
3847	9358
3610	9359
114	9360
889	9361
435	9362
5214	9363
7349	9364
8284	9365
4777	9366
2527	9367
3	9368
4105	9369
1365	9370
7723	9371
2674	9372
1006	9373
49	9374
70	9375
4257	9376
3516	9377
291	9378
686	9379
5503	9380
115	9381
5996	9382
2989	9383
2286	9384
560	9385
6477	9386
2641	9387
480	9388
1251	9389
4912	9390
3656	9391
3253	9392
3216	9393
7681	9394
4305	9395
2071	9396
4487	9397
1881	9398
3010	9399
4884	9400
27	9401
6016	9402
6428	9403
8372	9404
6235	9405
52	9406
4701	9407
6965	9408
6559	9409
7687	9410
6407	9411
2341	9412
1908	9413
6811	9414
4191	9415
7324	9416
5335	9417
6523	9418
5478	9419
1178	9420
459	9421
3173	9422
6662	9423
4926	9424
6247	9425
1585	9426
1305	9427
1561	9428
7318	9429
6558	9430
2861	9431
6752	9432
6555	9433
5327	9434
2780	9435
5385	9436
2533	9437
3790	9438
7397	9439
7002	9440
6286	9441
6964	9442
278	9443
527	9444
2437	9445
7345	9446
8093	9447
1540	9448
1146	9449
5758	9450
3923	9451
3384	9452
1433	9453
8307	9454
7695	9455
919	9456
7512	9457
6404	9458
6189	9459
4473	9460
3639	9461
4181	9462
437	9463
7676	9464
5885	9465
5010	9466
7037	9467
4242	9468
6568	9469
758	9470
212	9471
8186	9472
3921	9473
2732	9474
796	9475
5315	9476
651	9477
5185	9478
8378	9479
5805	9480
7468	9481
5625	9482
4546	9483
784	9484
1906	9485
1256	9486
8368	9487
1575	9488
2814	9489
5429	9490
5484	9491
1104	9492
857	9493
2191	9494
8163	9495
6818	9496
697	9497
1724	9498
7834	9499
3009	9500
674	9501
1691	9502
1303	9503
1103	9504
5303	9505
607	9506
4227	9507
2186	9508
90	9509
3090	9510
3401	9511
1188	9512
3963	9513
67	9514
7374	9515
2927	9516
65	9517
76	9518
1110	9519
7202	9520
399	9521
4739	9522
3652	9523
6640	9524
273	9525
121	9526
1083	9527
7130	9528
2634	9529
4366	9530
1049	9531
6677	9532
3289	9533
6185	9534
7113	9535
2184	9536
7999	9537
4410	9538
2785	9539
4831	9540
518	9541
3532	9542
586	9543
513	9544
7264	9545
1573	9546
3454	9547
3062	9548
1986	9549
6182	9550
1455	9551
5847	9552
5480	9553
3202	9554
545	9555
4985	9556
2307	9557
1096	9558
1098	9559
8095	9560
138	9561
182	9562
1474	9563
4879	9564
1206	9565
7625	9566
656	9567
6904	9568
990	9569
8381	9570
2588	9571
1964	9572
5373	9573
576	9574
5050	9575
569	9576
5202	9577
1326	9578
7591	9579
5697	9580
2188	9581
7578	9582
141	9583
421	9584
7858	9585
7568	9586
4397	9587
5816	9588
4025	9589
6731	9590
7758	9591
134	9592
4407	9593
2632	9594
5856	9595
2000	9596
5566	9597
2504	9598
1092	9599
4291	9600
2484	9601
8315	9602
102	9603
1533	9604
292	9605
7499	9606
2104	9607
869	9608
2452	9609
6443	9610
3969	9611
1272	9612
7503	9613
411	9614
528	9615
17	9616
3554	9617
6081	9618
1572	9619
4676	9620
6729	9621
238	9622
228	9623
1581	9624
2351	9625
1910	9626
972	9627
6695	9628
6615	9629
91	9630
2274	9631
86	9632
11	9633
713	9634
2882	9635
4147	9636
5985	9637
2067	9638
644	9639
4399	9640
7147	9641
371	9642
2738	9643
214	9644
26	9645
3	9646
3553	9647
1113	9648
22	9649
6038	9650
4062	9651
16	9652
1457	9653
1247	9654
3518	9655
839	9656
5571	9657
3060	9658
8041	9659
1008	9660
2476	9661
283	9662
3869	9663
640	9664
875	9665
56	9666
1641	9667
1637	9668
7629	9669
1222	9670
822	9671
858	9672
8357	9673
838	9674
35	9675
1932	9676
427	9677
5007	9678
1138	9679
9	9680
666	9681
2923	9682
7601	9683
87	9684
1089	9685
6859	9686
397	9687
6885	9688
1191	9689
8339	9690
231	9691
5396	9692
4203	9693
4528	9694
2922	9695
6277	9696
7179	9697
6306	9698
1090	9699
433	9700
806	9701
653	9702
6148	9703
2221	9704
473	9705
7683	9706
7869	9707
6401	9708
305	9709
192	9710
661	9711
4240	9712
3417	9713
6198	9714
4229	9715
7692	9716
7719	9717
5366	9718
1257	9719
44	9720
7554	9721
1726	9722
7132	9723
4532	9724
4266	9725
4846	9726
2749	9727
8244	9728
5263	9729
6062	9730
1004	9731
1432	9732
172	9733
6509	9734
2915	9735
1024	9736
2152	9737
2478	9738
4395	9739
6060	9740
1584	9741
3364	9742
5798	9743
8131	9744
630	9745
2342	9746
3324	9747
4901	9748
1759	9749
7497	9750
2056	9751
1289	9752
40	9753
842	9754
6611	9755
5082	9756
5724	9757
1923	9758
3052	9759
7472	9760
1055	9761
311	9762
7104	9763
929	9764
1747	9765
4251	9766
2648	9767
7231	9768
1071	9769
3629	9770
2027	9771
1879	9772
160	9773
4213	9774
6004	9775
267	9776
965	9777
7628	9778
5797	9779
609	9780
3953	9781
285	9782
4886	9783
1462	9784
907	9785
1498	9786
2800	9787
3812	9788
5801	9789
3306	9790
7403	9791
614	9792
620	9793
177	9794
5554	9795
455	9796
410	9797
2997	9798
5760	9799
6153	9800
223	9801
7823	9802
428	9803
5331	9804
7019	9805
7129	9806
187	9807
4090	9808
795	9809
561	9810
2099	9811
102	9812
5735	9813
6336	9814
3455	9815
8119	9816
7111	9817
5245	9818
769	9819
7105	9820
167	9821
7747	9822
1518	9823
5290	9824
5561	9825
7321	9826
347	9827
7581	9828
2232	9829
3486	9830
7662	9831
2610	9832
2369	9833
6686	9834
7733	9835
1221	9836
8015	9837
5477	9838
5646	9839
3874	9840
6291	9841
340	9842
7417	9843
6270	9844
2283	9845
4082	9846
6454	9847
8042	9848
7958	9849
2332	9850
4718	9851
7763	9852
8089	9853
2514	9854
5994	9855
1699	9856
6332	9857
6738	9858
6528	9859
8376	9860
454	9861
730	9862
190	9863
1616	9864
204	9865
1661	9866
766	9867
5916	9868
5637	9869
8275	9870
7537	9871
224	9872
3440	9873
1762	9874
6847	9875
5730	9876
78	9877
5599	9878
7651	9879
4603	9880
7268	9881
2653	9882
4657	9883
495	9884
5074	9885
5907	9886
1666	9887
904	9888
92	9889
7535	9890
416	9891
5902	9892
5190	9893
6465	9894
5639	9895
7206	9896
2151	9897
6621	9898
7305	9899
536	9900
902	9901
2273	9902
5094	9903
748	9904
3519	9905
3430	9906
5417	9907
5812	9908
6080	9909
5698	9910
7370	9911
8214	9912
3320	9913
5377	9914
4180	9915
2473	9916
1648	9917
1253	9918
6734	9919
172	9920
7481	9921
488	9922
5808	9923
218	9924
278	9925
1421	9926
4466	9927
121	9928
247	9929
540	9930
3731	9931
3770	9932
5401	9933
8434	9934
4537	9935
288	9936
758	9937
2719	9938
736	9939
7188	9940
1657	9941
287	9942
564	9943
5179	9944
2736	9945
846	9946
1205	9947
3183	9948
4717	9949
976	9950
7466	9951
3460	9952
4383	9953
2560	9954
2722	9955
7485	9956
2945	9957
3178	9958
5585	9959
3975	9960
3908	9961
1189	9962
554	9963
1117	9964
4405	9965
6085	9966
4871	9967
973	9968
7035	9969
542	9970
7364	9971
3287	9972
527	9973
419	9974
6863	9975
26	9976
580	9977
3784	9978
5297	9979
6258	9980
5145	9981
1717	9982
2735	9983
2346	9984
8133	9985
3624	9986
7642	9987
1909	9988
6463	9989
7913	9990
5091	9991
1547	9992
5122	9993
163	9994
7490	9995
1213	9996
6970	9997
2140	9998
6628	9999
4221	10000
