104	2480	3	14.74
101	960	3	4.08
106	604	4	10
201	140	7	26.18
149	642	3	18.77
132	320	3	10.38
116	479	10	55.11
1235	14	3	4.38
109	897	10	64.49
128	292	8	38.28
967	14	4	5.97
115	209	15	50.98
145	118	10	13.52
115	151	11	14.52
102	153	18	11.54
2401	129	6	66.97
264	212	3	16.64
168	190	3	9.31
124	224	5	14.03
155	214	19	131.25
7	898	11	93.21
189	21	3	5.13
119	202	4	6.18
293	108	4	5.34
119	152	7	8.63
142	287	3	10.3
536	346	4	38.72
802	103	3	6.23
104	888	3	7.06
111	390	4	9.77
381	184	11	95.51
2039	14	3	7.26
1052	14	8	24.78
381	115	5	15.37
110	2604	3	19.02
107	146	11	3.91
277	153	5	24.96
912	151	3	21.15
12	437	4	4.08
1593	109	4	22.89
1002	101	7	22.39
123	102	59	59.29
147	408	4	20.84
1432	104	4	16.46
123	4962	3	31.82
3380	3405	4	92.72
113	1352	4	22.74
390	110	3	5.38
890	103	3	6.78
114	106	35	4.63
214	261	3	16.74
259	2256	6	84.39
113	596	3	9.57
101	1394	3	6.48
150	296	4	18.77
102	2178	4	20.72
118	239	3	5
248	102	6	4.61
375	111	5	13.93
186	1331	3	27.28
102	659	8	29.03
154	243	3	11.03
113	135	13	11.67
330	143	3	11.73
1467	14	4	9.41
103	560	3	4.05
532	108	3	6.62
2974	103	3	15.98
785	14	5	7.57
607	108	4	12.47
101	449	16	46.87
101	525	7	11.39
628	110	3	8.95
113	1560	4	24.52
240	114	5	9.58
106	210	47	212.36
285	102	13	30.1
12	705	3	4.46
101	4897	3	18.64
523	263	7	71.01
1116	135	3	19.82
217	187	3	12.83
419	14	19	50.11
221	177	3	12.34
577	110	3	8.16
210	12	11	9.5
103	455	4	5.99
101	1190	5	13.64
102	662	5	13.2
174	113	9	13.73
7	126	8	6.37
101	1379	3	5.97
308	107	5	8.19
103	155	27	33.85
343	118	3	7.65
101	1499	4	11.07
114	207	4	4.27
102	917	7	29.2
179	136	5	12.47
440	108	10	41.8
966	12	4	10.64
110	1480	3	14.55
258	115	5	10.5
101	2979	5	31.07
116	780	4	18.78
110	143	31	69.13
454	9	3	13.25
207	106	9	11.19
166	101	20	6.57
397	116	3	7.52
12	958	9	40.95
107	669	3	7.76
146	111	11	8.76
311	218	3	18.34
176	186	3	9.69
101	793	9	28.34
125	169	10	27.67
1610	132	4	32.55
101	1960	6	28.47
175	319	4	22.52
1501	399	3	36.36
104	3610	3	18.47
198	146	3	6.96
102	2643	3	14.42
620	101	9	22.5
104	1707	4	18.42
395	107	4	7.28
110	1989	3	16.79
119	111	56	115.65
184	128	3	4.09
108	271	4	4.73
108	338	5	10.38
127	876	3	16.78
2740	1136	5	95.42
119	557	3	11.4
232	111	4	5.02
1954	14	6	25.76
112	442	3	7.39
148	1204	5	42.93
103	910	3	7.09
167	316	4	21.62
203	661	3	23.51
1017	1175	3	41.28
101	1047	4	7.96
2199	14	3	8.16
250	139	3	9.01
161	116	19	54.11
108	1536	4	21.51
111	300	4	7.28
523	769	3	33.46
122	104	36	13.88
172	118	17	56.27
103	3634	3	18.16
102	436	21	99.75
1633	12	3	9.51
102	479	6	13.56
124	215	14	64.53
101	1877	4	14.13
209	156	3	9.35
111	1131	7	44.24
164	104	30	55.49
802	136	3	17.68
105	1592	3	12.07
211	140	5	16.94
395	120	11	62.09
101	3151	3	12.09
596	107	3	6.93
417	101	13	29.03
197	104	27	67.12
682	12	3	4.26
101	745	5	8.63
176	304	3	14.97
2007	105	3	13.63
167	189	8	39.93
201	14	24	19.91
716	106	3	6.95
12	152	30	31.47
3775	103	3	18.16
212	105	14	27.43
101	914	16	87.06
190	2035	3	30.49
111	291	3	3.87
117	609	3	11.04
387	124	13	82.34
111	128	16	11.46
110	1031	3	12.11
370	258	4	31.53
122	123	11	7.86
953	104	4	12.59
102	4939	3	22.6
259	153	12	79.45
449	103	5	8.96
113	805	3	11.5
1304	1890	4	66.36
193	576	10	99.08
505	14	10	18.56
358	108	5	10.99
444	116	10	53.41
101	1249	4	9.63
1302	107	3	12.23
102	614	3	4.7
525	109	7	29.41
900	103	3	6.78
238	137	21	142.57
8	132	12	26.05
1314	12	7	33.76
2456	14	5	23.48
406	119	3	9.05
101	3048	3	12.09
105	832	3	7.75
101	306	10	10
563	116	6	28.58
104	2639	3	14.74
270	102	6	5.63
117	4883	3	29.76
251	101	13	12.85
747	109	3	9.79
144	161	5	11.24
385	105	4	5.48
140	137	8	15.42
2273	103	4	20.73
179	103	10	4.9
114	182	8	12.83
106	1236	5	23.45
106	1132	7	37.53
101	1597	7	31.55
1750	14	3	6.5
204	107	9	13.3
177	278	3	14.51
140	173	3	4.72
413	109	3	5.81
106	4056	3	24.29
104	1267	5	21.24
123	124	31	81.95
110	222	4	3.86
101	3065	3	12.09
441	163	5	33.94
327	102	7	11.22
121	148	10	17.56
106	548	7	23.5
200	12	13	11.23
2566	108	3	17.87
534	14	10	19.13
156	160	4	9.36
497	119	3	10.71
683	14	5	6.07
1747	108	4	22.58
105	1069	5	21.33
437	104	4	5.68
152	804	3	20.18
127	514	5	26.92
779	116	4	18.78
183	101	50	104.18
118	183	4	4.43
1439	4042	3	58.38
165	102	23	31.14
2	249	11	58.85
104	1470	8	48.39
622	11	3	36.99
154	125	6	8.67
4293	14	3	17.26
154	172	5	15.28
7	217	4	8.97
101	1264	7	26.1
113	261	5	10.42
101	1160	7	24.73
104	2035	4	19.66
102	3069	4	25.18
180	146	5	14.24
253	140	10	55.08
101	1730	4	12.94
129	111	69	222.97
120	235	3	5.25
101	1081	4	8.46
131	869	3	17.91
101	963	10	39.74
12	157	15	4.11
617	102	3	4.7
735	977	3	37.61
104	715	7	25.28
109	1990	3	16.69
216	142	5	17.8
104	909	12	67.03
116	156	7	6.69
104	1010	7	31.97
537	461	10	127.89
110	679	6	27.41
1315	14	3	4.81
105	108	75	30.51
125	271	3	7.42
131	691	3	16.43
101	708	13	48.69
355	101	11	16.31
138	104	38	45.12
241	111	6	12.1
175	116	16	46.1
190	921	7	71.94
104	3628	3	18.47
103	691	3	5.51
112	104	69	35.48
12	1323	3	8.35
102	377	12	35.19
2198	105	3	14.62
164	263	7	41.89
346	112	3	5.51
731	106	3	7.18
102	1793	3	11.43
12	852	5	13.92
200	110	6	6.89
591	12	12	46.98
2770	3267	3	60.04
104	2868	4	25.61
3551	114	4	38.04
104	464	13	50.88
110	286	12	42.96
101	3010	5	31.07
826	101	4	6.3
150	179	5	16.22
150	229	3	10.33
159	140	5	10.08
140	116	18	32.66
104	1152	9	50.76
357	120	3	8.37
875	128	6	43.06
104	1332	4	15.65
174	440	4	26.39
102	948	4	11.72
1874	2105	4	72.07
3900	103	3	18.16
972	14	6	13.73
400	323	3	24.2
101	1275	4	9.63
732	121	3	13.88
103	544	3	3.91
221	209	5	29.6
141	214	3	7.59
118	128	9	5.62
110	1126	5	26.58
104	1485	3	10.39
111	632	3	9.4
217	157	7	34.62
8	123	8	6.77
8	1	4	7.21
101	4718	3	18.64
1377	103	5	21.72
191	978	4	36.34
240	142	4	14.31
2907	14	3	10.76
101	465	5	4.31
122	197	6	13.49
152	160	6	17.93
225	243	8	60.98
161	143	16	70.93
2494	14	3	9.29
101	976	12	54.43
467	116	5	19.86
120	102	66	68.71
746	104	3	6
117	3380	4	39.68
102	336	7	11.6
280	1446	5	60.98
110	1702	3	15.94
104	1918	6	36.95
101	3464	3	14.23
480	105	4	7.91
605	14	7	11.22
2172	115	3	19.11
2629	681	4	63.1
139	130	19	58.71
153	1779	3	25.94
384	108	4	7.73
249	279	3	19.05
578	127	4	20.95
119	137	9	9.04
164	148	5	13.16
115	443	4	12.55
101	2043	5	20.76
329	114	3	5.37
366	109	5	12.85
125	129	10	12.09
284	120	14	72.35
126	1044	3	17.89
102	1203	4	13.85
547	127	3	13.36
116	303	3	5.53
12	392	8	14.78
101	809	5	9.48
125	184	4	6.53
1759	14	3	6.5
176	303	3	14.89
310	101	17	32.43
173	820	3	22.34
110	630	5	20.05
110	840	4	16.69
290	102	13	31.04
216	113	5	7.48
103	3395	3	18.16
561	104	5	11.67
956	101	4	7.49
102	371	10	25.66
103	693	4	9.46
335	103	5	5.47
12	1584	3	9.51
1548	14	5	15.49
115	294	5	12.13
108	155	11	8.6
111	225	4	4.48
111	284	6	14.24
734	153	5	38.3
188	138	3	5.52
104	669	4	9.52
101	2269	3	9.44
716	105	6	21.74
3485	14	3	12.88
102	1443	5	22.8
311	562	4	37.97
120	211	5	11
2028	112	7	60.06
101	929	11	44.94
16	7	28	100.35
101	1003	7	22.39
16	57	21	137.76
761	103	8	32.12
110	527	3	7.64
1443	103	4	16.06
149	305	3	12.61
149	157	5	12.5
367	107	4	6.76
2806	120	3	24.58
101	1174	3	5.1
768	107	3	8.49
103	388	6	10.18
113	310	4	8.28
144	500	3	15.2
102	730	3	5.73
199	119	12	40.77
1476	103	7	38.53
117	1514	4	26.3
127	564	3	13.54
1328	108	3	12.85
259	1077	5	55.96
109	110	57	54.03
556	115	8	40.72
110	1548	6	41.18
1725	12	3	10.22
2227	14	3	8.16
258	14	25	45.07
1072	510	4	50.45
113	352	5	14.05
3945	240	3	39.88
262	417	3	22.96
101	240	17	22.34
107	737	5	18.89
121	104	77	108.63
1703	103	3	11.43
110	201	50	263.95
101	2903	3	12.09
611	335	21	305.45
136	151	6	11.98
262	123	26	170.33
114	568	4	14.67
221	119	3	4.3
505	115	3	8.67
672	103	12	56.46
581	107	4	11.15
240	128	3	7.17
106	151	17	15.63
156	265	17	127.89
698	107	3	7.99
203	168	5	21.98
367	231	8	72.22
563	101	5	5.8
131	214	4	10.99
103	1531	3	10.72
101	291	15	22.95
176	678	3	21.45
679	197	3	23.16
181	761	3	22.73
1110	14	6	15.38
123	250	9	37.04
1790	103	5	25.51
809	103	3	6.23
4134	3320	3	66.77
1040	105	6	27.27
109	186	7	7.97
1139	14	5	11.56
206	1740	3	31.05
159	241	3	11.49
109	228	4	4.21
661	112	3	10.12
127	119	15	20.41
112	2427	3	20.04
424	137	3	13.08
195	111	15	41.7
130	128	10	14.58
106	1217	9	56.99
144	293	24	192.15
102	1060	4	12.7
114	146	12	13.11
179	21	5	11.62
139	408	3	12.87
110	1988	3	16.79
142	188	4	10.01
7	943	10	83.51
135	160	5	9.55
135	106	22	15.35
3181	103	5	37.69
103	722	8	31.29
12	387	6	7.95
5073	14	3	17.26
554	119	3	11.4
102	1111	4	13.25
101	677	5	7.88
2225	103	3	13.24
105	193	7	3.95
116	188	7	12.47
104	981	8	38.04
1505	153	3	25.18
172	124	4	5.06
104	801	4	10.87
107	562	3	6.4
1700	108	3	14.81
107	486	6	19.04
167	154	10	42.76
507	108	3	6.47
120	192	5	8.94
360	14	8	5.66
129	137	15	37.78
118	647	3	12.47
102	3112	5	37.67
192	173	7	34.56
101	3542	3	14.23
128	196	4	8.1
101	1714	4	12.94
145	124	12	25.42
101	1790	6	26.1
960	136	4	27.93
102	317	26	107.53
129	289	4	13.64
617	1375	3	38.71
1151	103	7	33.69
108	184	8	8.45
1138	12	4	12.26
139	154	18	75.26
104	699	15	83.32
101	4233	3	18.64
122	148	8	11.25
695	156	6	48.39
101	896	4	6.67
106	605	14	75.09
101	1097	6	17.91
284	107	4	4.32
103	1875	3	12.26
103	2079	4	20.73
101	692	12	42.4
149	1092	4	32.36
191	244	6	37.54
146	259	3	10.08
116	125	14	10.72
216	199	4	20.24
116	172	9	16.01
267	115	5	10.9
211	112	9	21.44
101	5433	3	18.64
431	108	12	54.38
857	115	9	58.5
101	3334	4	24.85
1930	103	3	12.26
21	7	7	5.86
198	106	8	6.68
175	101	20	8.65
104	5511	3	22.93
132	1276	3	20.49
159	256	4	18.22
413	124	5	22.71
775	103	4	10.13
535	3062	5	85.28
114	247	4	6.44
130	189	7	21.47
450	121	3	10.56
343	135	4	17.3
762	12	6	17.8
265	108	4	4.45
130	139	8	12.48
450	232	3	22.76
106	1320	3	11.11
224	110	4	4
740	103	16	92.71
361	12	7	10.41
217	361	10	91.47
217	437	5	40.91
187	141	3	5.91
104	441	4	5.83
153	446	7	49.95
104	191	15	20.2
238	111	8	20.12
109	1208	3	13.34
104	340	9	20.04
101	2876	4	19.94
203	142	6	21.76
367	132	5	24.28
1945	14	4	12.39
104	2926	3	16.28
103	1311	3	9.54
101	389	8	9.09
1608	103	4	16.97
101	592	12	36.79
148	870	3	20.17
154	156	5	12.72
860	14	6	11.71
656	12	5	11.31
779	101	4	5.64
108	812	3	9.35
183	110	9	13.16
690	12	3	4.46
109	506	6	22.9
140	539	4	22.8
4528	14	3	17.26
154	227	4	16.04
7	203	6	16.15
303	111	13	53.19
190	104	10	7.37
101	1154	4	9.02
907	146	4	28.46
230	146	6	26.21
101	510	17	58.8
101	570	12	34.93
1499	12	3	8.9
437	106	3	3.94
3245	105	4	32.05
3854	103	3	18.16
1286	14	3	4.38
141	1327	4	31.98
2922	14	3	10.76
1058	14	4	6.41
123	119	25	45.39
116	597	4	16.48
736	1550	4	58.01
133	202	4	10.31
4486	153	3	37.37
270	209	3	16.74
101	214	11	3.95
101	315	19	41.44
362	317	3	23.32
103	224	8	7.22
101	1479	3	6.48
106	1194	3	10.13
130	141	10	20.29
3366	1896	3	56.18
110	3689	3	22.8
1797	103	3	11.43
1355	122	3	18.12
110	1448	5	30.43
104	1273	6	28.22
110	1380	3	13.97
263	103	23	75.39
609	105	3	5.88
1206	106	3	10.13
388	110	3	5.38
857	113	3	11.8
119	188	6	11.53
142	101	34	9.6
104	1843	6	34.53
293	124	23	157.13
198	120	8	21.71
392	104	4	4.49
146	138	4	4.1
146	269	3	10.4
144	5381	3	35.68
106	993	3	8.94
866	12	10	45.34
366	108	4	7.47
176	143	7	22.68
229	103	7	5.73
102	1354	5	21.7
102	1278	3	9.02
355	156	4	21.27
332	154	3	13.5
12	555	17	77.53
101	1079	4	8.46
101	977	7	21.37
250	158	3	11.57
884	106	3	8.28
101	902	4	6.67
12	303	11	19.92
201	154	3	8.5
132	137	10	20.9
978	103	4	12.21
1947	1571	3	48.47
122	278	7	26.52
881	101	4	6.67
141	767	5	35.53
1030	12	3	6.64
2077	12	3	12
115	192	7	11.3
289	125	7	29.6
180	148	3	6.44
115	341	5	14.04
117	3381	4	39.68
1843	14	4	11.23
236	106	6	6.24
12	1432	3	8.9
108	154	30	71.74
1390	105	3	10.87
107	1240	3	11.71
102	173	29	55.8
101	1825	3	7.73
132	173	7	19.74
16	124	6	5.67
250	155	4	17.31
104	4622	3	22.93
111	115	24	7.19
245	145	3	9.54
111	184	25	88.87
110	1033	7	41.91
104	803	9	40.64
122	182	8	19.58
1380	14	6	18.59
104	752	3	6.24
122	121	12	9.03
838	105	4	12.62
105	145	15	6.13
417	110	3	6.01
104	1057	3	8.06
116	259	3	4.5
104	923	5	17.52
181	130	5	11.01
101	4519	3	18.64
107	120	20	4.01
107	231	5	5.14
110	2484	6	54.56
176	101	17	5.01
274	16	8	42.43
788	104	3	6.5
124	255	3	6.91
104	3415	3	18.47
1148	106	4	15.99
977	103	8	37.22
1533	14	3	5.86
119	172	9	19.68
1245	103	5	20.74
119	125	10	6.44
104	1614	5	24.57
101	3213	3	12.09
308	122	3	7.38
5450	103	3	22.61
101	1514	6	24.19
130	169	6	13.1
104	1256	3	9.32
101	3811	3	14.23
112	2609	3	20.04
749	131	6	42.49
127	109	13	4.56
272	134	3	9.27
110	200	25	93.05
487	410	4	39.86
110	274	13	47.38
851	528	4	48.08
638	101	9	23.94
754	107	4	13.62
213	250	3	16.34
1824	103	3	11.43
525	103	6	14.85
126	334	13	80.44
203	127	15	70.98
116	899	5	27.54
117	240	12	47.21
104	1437	4	16.46
801	120	4	21.46
1133	885	3	40.15
1313	8	6	51.54
2	166	4	6.62
108	656	3	8.11
118	190	6	11.58
541	16	5	31.33
5296	103	3	22.61
103	524	6	14.85
101	1109	4	8.46
2468	103	5	32.33
247	337	5	39.96
102	798	6	20.78
154	201	3	8.5
1057	218	3	27.59
244	123	3	6
166	156	5	14.94
689	103	4	9.15
979	218	5	51.19
104	2835	5	38.21
137	362	3	11.79
149	539	7	53.06
113	362	3	5.94
1638	103	3	10.72
106	1216	4	16.66
144	176	3	5.24
625	124	3	13.88
177	104	15	16.07
127	118	11	9.5
221	118	3	4.16
118	141	19	43.94
101	1232	4	9.63
101	1308	3	5.97
136	208	7	26.96
1044	14	4	6.41
163	167	3	7.12
101	1188	10	45.75
787	135	3	17.64
113	119	47	91.1
154	252	3	11.39
144	367	7	41.64
102	672	4	9.14
7	117	10	3.84
5335	103	3	22.61
1464	115	3	15.85
2935	14	3	10.76
101	544	5	5.56
240	127	3	7.1
156	133	12	39.61
101	476	12	29.55
13	105	8	5.53
12	779	3	4.9
423	103	8	19.91
110	573	11	60.15
110	505	4	12.15
182	111	16	41.67
464	107	7	23.66
377	134	3	11.79
349	104	6	9.4
1167	101	5	13.64
120	267	4	10.26
101	1049	6	17.03
223	113	11	33.13
120	136	9	9.55
106	756	5	17.51
104	2473	3	14.74
964	115	3	13
494	14	7	8.17
1814	110	3	15.94
161	125	6	10.15
111	112	25	7.3
105	444	7	19.86
206	211	4	21.05
110	964	6	32.72
104	802	3	6.5
110	1014	3	12.11
2684	2628	4	77.45
104	683	5	14.08
527	14	7	8.83
1354	103	5	21.72
108	130	94	321.45
139	112	10	6.01
168	183	4	13.75
135	350	3	11.38
102	242	25	80.59
101	1818	3	7.73
115	102	123	162.05
112	196	9	18.08
733	109	3	9.79
1178	107	5	24.47
150	4605	3	37.28
443	315	4	35.99
102	345	15	47.68
429	123	3	10.33
115	550	5	20.08
113	940	3	12.45
115	415	4	11.51
101	1998	5	20.76
374	14	7	4.07
233	130	3	7.22
104	1817	5	26.02
778	14	4	4.24
62	943	7	78.95
538	783	3	33.94
108	1291	3	12.33
105	341	5	7.52
171	323	3	15.09
267	273	3	19.44
181	154	5	16.64
116	187	5	6.17
104	1054	11	64.43
383	111	4	9.63
498	104	4	6.87
157	178	10	47.14
157	124	18	61.8
101	728	4	5.34
57	249	7	51
699	108	19	141.09
125	204	3	4.76
107	206	9	13.93
107	148	18	20.28
107	248	5	5.88
106	1679	3	13.05
124	184	4	6.44
101	1909	3	8.51
963	106	3	8.94
1358	14	6	18.59
184	129	8	24.91
198	107	6	4.26
139	155	5	9.09
278	124	5	17.21
219	115	4	4.89
101	1791	6	26.1
4171	3418	3	66.77
3490	14	3	12.88
945	12	3	5.98
1512	14	4	10.25
236	121	3	5.4
1288	103	7	35.1
194	112	6	8.04
212	132	8	32.54
101	946	4	7.06
101	1028	4	7.96
106	665	3	6.72
12	172	46	108.6
12	125	87	130.11
206	102	9	7.58
111	205	6	8.64
678	21	3	16.02
126	305	6	25.7
126	157	10	25.5
367	131	3	11.43
131	494	6	36.54
2153	153	3	27.83
331	116	9	37.47
101	523	11	27.65
147	14	33	5.27
1183	14	4	7.42
1471	103	5	22.81
416	115	3	7.04
344	12	6	6.78
1009	14	6	14.51
2068	14	3	8.16
104	133	27	17.49
1845	103	3	11.43
8	105	18	5.35
101	2877	3	12.09
1216	14	3	4.38
118	169	12	30.79
2	13	3	5.28
758	103	5	14.9
104	1607	3	11.02
154	111	8	5.72
951	153	4	31.34
915	116	6	36.35
1425	102	3	10.09
103	300	5	4.31
141	389	3	12.73
141	440	5	28.56
2191	14	3	8.16
110	1367	5	29.31
109	275	6	12.93
528	12	4	5.55
875	14	9	26.66
279	133	3	9.39
261	14	13	9.8
261	169	4	19.77
117	592	4	16.76
1612	12	4	15.32
493	12	5	8.33
103	3674	3	18.16
110	304	8	23.88
121	265	6	20.03
126	406	3	11.14
224	111	6	10.57
3998	116	4	39.38
148	616	3	17.71
348	102	15	48.21
729	101	4	5.34
341	146	3	12.31
578	113	4	14.77
1189	116	5	31.12
62	898	4	39.2
119	253	5	13.9
175	110	6	4.09
1200	454	3	35.57
112	292	14	60.69
246	152	4	16.82
677	12	3	4.26
125	215	4	8.94
106	925	4	13.81
104	4398	3	22.93
202	110	23	84.13
101	631	13	44.67
297	14	9	4.4
1285	14	3	4.38
138	292	3	10.06
101	2634	3	10.6
104	954	5	18.15
1218	116	7	51.08
116	116	23	17.33
110	749	5	21.76
117	1094	3	14.91
760	120	3	13.97
116	437	4	13.34
122	262	3	6.24
116	361	10	46.62
101	2377	3	10.6
1647	138	4	33.11
810	107	3	8.77
111	256	6	12.99
161	274	3	12.8
188	111	15	39.38
658	120	4	19.64
161	200	4	14.53
101	961	5	11.57
223	142	4	13.04
101	886	7	19.58
101	1095	4	8.46
16	250	3	9.45
101	1035	5	12.2
167	14	41	39.09
1147	14	3	3.99
132	152	4	5.04
101	1652	3	7.06
219	174	3	11.63
435	12	5	6.84
145	119	8	8.5
289	110	4	6.39
110	1823	3	15.94
536	244	4	34.79
139	141	8	16.16
158	111	15	26
555	101	9	20
158	237	3	11.21
102	710	3	5.5
136	102	36	36.1
163	207	4	15.96
532	109	4	12.24
113	267	3	3.84
140	420	3	13.31
425	841	3	32.32
269	12	6	3.86
905	103	9	42.03
1555	14	3	5.86
217	288	3	17.54
134	677	3	16.44
8	160	5	8.57
1984	103	3	12.26
487	264	3	24.31
107	1020	5	22.9
137	136	8	14.41
106	102	192	175.93
120	739	3	13.7
121	196	6	13.22
982	732	6	85.74
482	108	11	51.43
153	135	4	5.37
2222	112	3	18.82
226	130	4	11.05
117	449	6	25.88
771	14	4	4.24
133	137	5	5.15
110	243	8	19.25
106	4825	3	24.29
368	14	11	13.35
118	492	3	10.54
110	1364	6	38.05
159	154	6	18.02
102	1083	4	13.25
103	113	54	12.57
130	129	10	15
109	173	7	5.93
1607	116	3	17.42
532	460	3	29.83
113	369	3	6.04
797	14	4	4.54
415	105	5	9.75
1082	103	5	19.06
573	108	9	41.58
1130	103	9	47.94
828	14	6	11.71
1146	12	3	7.42
447	105	3	3.97
131	254	6	25.11
322	158	4	20.35
1383	14	4	8.67
213	135	5	16.4
102	1837	3	11.43
102	1625	3	10.71
133	289	3	9.67
104	484	10	34.45
104	536	6	15.41
138	4483	3	34.9
226	114	9	24.32
809	109	5	22.57
110	512	6	23.1
160	586	3	18.74
559	109	3	7.88
548	111	5	18.77
430	1513	3	37.29
291	131	9	48.13
296	12	7	7.18
101	537	6	8.15
101	434	9	14.91
570	14	5	4.39
1489	14	6	19.95
12	629	3	3.88
103	456	8	22.18
163	106	10	5.27
676	14	11	30.63
2031	112	4	26.73
552	105	3	5.19
102	612	11	46.17
483	117	3	9.41
665	105	3	6.5
2	181	3	4.57
118	205	5	9.79
221	124	5	13.72
118	255	4	9.28
115	163	11	18.48
474	102	4	6.15
106	1995	4	21.44
603	101	6	9.82
219	140	3	7.72
139	14	75	66.62
158	202	3	9.01
103	2351	3	14.43
101	3432	3	14.23
178	150	3	6.91
188	152	3	7.61
105	378	4	5.37
734	335	4	41.69
225	201	19	163.22
110	975	3	11.73
1835	103	3	11.43
104	684	3	5.55
146	407	3	13.73
152	264	10	62.66
102	1426	3	10.09
132	111	14	11.09
201	175	3	10.41
101	988	5	11.57
157	229	3	10.71
107	104	171	189.8
186	806	3	23.57
126	974	5	34.89
228	1372	3	30.31
176	116	7	10.35
1343	14	3	4.81
754	802	3	36.52
117	1047	3	14.5
509	531	4	43.23
101	2465	3	10.6
216	127	3	5.88
103	3378	3	18.16
152	383	3	14.47
104	991	6	24.27
418	259	3	22.83
759	106	3	7.43
21	2	5	4.09
1937	14	5	18.53
249	167	4	19.15
119	156	14	34.67
470	12	4	4.83
109	731	4	15.38
246	111	7	16.29
102	354	47	298.82
101	2063	4	15.57
964	14	4	5.97
111	174	26	84.73
328	105	5	7.13
4917	14	3	17.26
104	608	3	4.96
421	102	4	5.06
132	116	12	11.75
271	146	3	10.47
107	469	4	9.37
126	778	3	15.85
120	151	10	18.84
432	101	8	11.59
101	997	3	4.39
102	185	48	157.84
112	516	4	13.42
106	2050	4	22.94
1165	104	3	8.86
101	1834	3	7.73
156	1932	3	27.06
104	1935	3	12.56
1051	14	6	14.51
102	2720	3	15.97
1727	125	4	31.14
103	28	8	32.12
283	104	18	54.6
209	111	7	12.26
107	219	6	6.38
176	111	7	7.26
101	811	8	22.99
101	609	5	6.9
537	346	8	90.15
104	861	10	49.16
491	14	6	5.56
166	125	6	11.05
203	358	3	18.65
597	14	5	4.89
149	555	6	43.83
133	302	3	10.05
122	981	4	23.62
105	831	4	12.62
101	3872	3	14.23
109	242	4	4.84
159	114	8	8.06
109	101	364	622.57
177	231	3	13.06
127	102	42	35.79
231	129	4	11.41
130	158	9	22.9
753	440	3	32.14
112	716	3	10.6
101	1114	5	12.89
154	137	4	5.6
208	154	5	20.24
7	12	68	71.85
174	115	8	11.12
262	233	3	17.96
112	1021	3	13.1
102	613	11	46.17
518	104	4	7.27
118	272	3	5.87
221	102	11	14.6
118	129	26	59.96
469	140	3	14.46
442	1936	3	39.07
104	308	19	65.09
1528	4088	3	59.05
393	109	4	9.2
182	222	3	12.71
103	1139	4	13.87
106	192	8	6.09
156	206	8	40.21
101	560	5	5.8
240	112	4	5.94
878	160	4	31.37
186	369	4	25.8
642	108	4	13.06
538	551	6	72.05
700	108	3	8.57
1100	103	7	32.41
104	248	6	5.04
104	206	7	4.1
416	14	22	64.56
101	2690	5	25.75
12	746	8	28.03
12	813	3	5.15
101	575	16	57.86
331	101	10	11.6
113	260	6	14.33
2300	107	3	16.03
118	115	21	14.85
210	187	3	12.47
286	12	6	4.33
112	2447	4	30.14
231	184	3	13.64
930	12	4	10.18
413	108	12	52
104	1214	4	14.92
101	3889	4	24.85
101	1416	5	16.46
130	205	4	9.63
130	155	4	4.5
102	1803	5	25.49
447	134	3	13.42
110	3035	3	20.59
1645	109	5	31.52
226	154	3	10.12
1646	14	6	21.53
316	12	9	14.03
3286	3405	4	92.72
2390	105	3	15.83
101	4983	3	18.64
272	121	4	10.65
1795	115	5	35.38
125	189	3	3.86
117	4269	3	29.76
102	1345	6	28.85
107	133	22	20.46
157	150	12	49.88
254	104	10	17
602	102	3	4.53
116	111	36	34.8
2116	109	3	17.69
116	237	4	7.19
197	146	16	88.92
105	235	6	5.88
142	111	14	14.28
119	200	5	9.13
359	107	9	28.41
211	175	3	11.28
117	1730	3	18.38
2752	12	3	14.71
429	206	4	29.95
124	169	5	7.7
379	738	3	30.41
103	690	3	5.51
2104	14	3	8.16
495	106	3	4.8
657	130	4	22.81
102	376	16	56.74
135	264	10	54.17
962	848	3	38.52
145	108	11	4.88
874	14	4	5.2
236	105	6	5.88
307	119	4	11.3
651	103	3	5.09
135	383	7	40.07
140	985	3	19.48
128	104	56	77.65
178	179	4	14.81
405	101	13	27.91
104	758	3	6.24
110	933	5	24.47
565	124	4	19.74
104	833	4	11.26
1862	244	3	33.93
110	1051	3	12.11
104	714	9	37.7
105	487	3	4.46
117	708	3	11.97
111	338	3	4.98
101	1080	5	12.89
16	2	46	241.28
669	115	4	16.51
223	139	13	71.14
107	442	5	12.86
1543	115	3	16.5
181	116	56	320.67
216	153	6	27.12
105	104	86	7.51
105	246	6	6.4
125	275	4	12.09
132	389	3	11.84
1357	14	3	4.81
241	14	11	4.43
654	12	4	7.39
710	115	3	10.87
107	195	13	24.06
113	968	3	12.81
101	1922	5	20.76
209	142	3	7.41
609	103	5	12.49
274	14	12	8.5
102	389	29	148.36
108	111	33	7.19
103	932	3	7.09
215	119	3	3.96
180	150	4	11.35
603	130	4	21.89
106	2066	3	14.87
12	1362	6	26.37
223	201	3	14.01
106	736	3	7.18
101	900	8	24.85
1203	14	3	3.99
2715	1516	3	52.32
113	5444	3	28.4
122	194	13	47.61
351	107	4	6.3
111	274	7	18.13
376	568	4	40.38
354	153	10	71.66
1418	760	5	74.93
4186	2388	3	62.95
104	261	21	66.83
1641	14	3	5.86
743	142	4	26.15
690	14	5	6.41
1120	101	4	8.46
208	101	13	6.39
1513	439	7	104.36
113	207	4	4.15
114	124	18	15.49
195	129	5	12.31
108	916	3	10.28
1486	108	7	46.63
177	135	5	12.29
140	115	12	11.33
1175	115	3	14.24
299	160	4	20
327	106	5	7.47
101	3053	3	12.09
295	101	19	38.31
272	136	4	14.73
226	101	13	8.96
226	302	3	18.54
757	14	5	7.16
113	351	4	9.59
114	135	12	9.81
753	451	3	32.44
109	113	32	14.56
117	1110	4	22.44
231	188	3	13.83
177	124	34	188.24
1222	107	4	18.17
231	138	3	8.26
133	1325	3	21.2
1401	116	3	16.76
205	804	4	35.97
2	164	6	13.69
221	107	10	19.41
1740	14	3	6.5
101	1177	7	24.73
247	137	5	19.5
103	522	13	53.76
1920	918	3	44.46
114	385	3	6.34
137	106	17	7.11
3292	1136	3	52.22
326	124	22	156.14
147	138	8	17.45
173	395	4	24.79
117	242	3	4.27
16	123	6	4.75
101	1060	3	4.39
825	12	9	37.1
116	390	3	7.31
8	637	3	15.61
1380	12	4	13.62
122	119	11	6
206	133	5	15.78
1763	103	3	11.43
1104	14	4	6.89
108	252	6	10.1
108	319	4	6.05
369	115	6	20.14
2665	103	4	22.61
109	863	3	10.62
119	425	3	9.42
205	299	17	161.66
129	141	12	27.29
131	1656	7	68.07
101	1771	3	7.73
145	146	4	5.01
102	475	20	99.04
112	151	11	13.7
691	12	4	7.97
242	367	3	21.22
259	390	5	42.18
111	360	9	34.89
596	103	5	12.15
152	401	3	14.82
103	3256	3	18.16
110	841	3	10.73
104	925	4	12.12
701	103	5	14.01
146	127	6	7.29
157	104	16	10.01
107	118	45	47.04
756	468	4	46.29
284	21	4	14.28
148	153	23	119.01
104	4191	3	22.93
506	449	3	29.34
307	146	3	11.43
129	140	8	12.36
194	320	3	16.98
102	240	12	21.37
115	104	113	142.96
110	3530	4	36.37
462	114	3	8
102	1431	4	16.04
12	140	41	41.03
176	424	4	26.11
104	2579	3	14.74
909	14	7	16.66
1961	14	3	7.26
550	115	5	20.08
111	110	37	19.24
1440	2098	3	48.82
122	108	39	45.47
101	2213	4	15.57
524	106	3	5.09
197	119	7	16.57
9	105	42	60.31
795	121	3	14.44
146	169	3	4.9
110	828	3	10.73
509	385	5	51.86
260	418	4	32.95
107	310	9	24.24
125	111	25	29.3
101	730	7	16.69
125	157	5	6.07
788	124	3	15.44
274	140	3	9.82
124	274	5	16.98
108	376	9	30.87
374	12	6	7.77
268	110	4	5.76
101	5263	3	18.64
109	690	6	27.74
119	169	7	11.75
110	3829	4	36.37
169	273	9	60.36
130	125	9	10.04
308	103	5	4.6
12	1655	3	9.51
218	115	9	23.25
144	177	69	573.45
104	1185	5	20.36
108	883	4	15.65
109	1379	3	13.86
104	2654	5	32.85
149	358	3	13.99
101	542	13	38.36
2517	14	3	9.29
106	148	26	36.37
156	135	10	29.94
137	121	9	10.11
1106	103	7	32.41
101	423	16	43.51
1265	106	3	10.6
102	1944	4	19.23
400	1450	9	136.46
225	776	3	25.97
110	507	3	7.48
147	258	3	10.23
117	173	6	7.43
976	193	3	25.46
110	1265	5	28.31
141	173	3	4.84
1251	112	3	14.44
144	369	4	19.18
227	261	10	84.24
102	674	5	13.59
836	14	8	20.51
208	137	3	6.89
483	127	4	19.22
102	809	3	6.22
118	303	3	6.6
1823	14	4	11.23
101	1203	5	13.64
607	104	3	4.96
126	113	15	11.25
102	1991	3	12.25
147	3036	3	29.4
12	795	3	5.15
101	589	9	21.83
276	101	23	51.03
101	521	5	5.33
344	14	13	17.54
116	879	3	13.19
216	1093	3	27.97
110	357	18	93.52
153	132	5	8.09
207	211	3	14.07
147	344	3	12.57
493	14	13	30.39
101	3082	4	19.94
433	116	43	424.82
722	1409	5	74.43
101	336	28	91.79
348	104	5	6.36
380	2740	4	59.36
131	101	116	207.76
179	120	5	7.56
195	155	3	8.22
103	101	956	2075.22
102	2182	3	13.23
1579	14	4	10.25
101	1971	3	8.51
835	12	3	5.4
2284	14	5	20.63
124	186	9	27.63
101	1911	3	8.51
144	697	4	26.06
293	104	19	62.32
119	141	26	76.6
706	102	3	5.5
2486	114	6	57.07
1497	101	5	16.46
1643	101	3	7.06
104	1025	4	13.11
116	224	6	13.55
101	2569	4	17.4
101	2621	3	10.6
325	104	8	15.18
392	124	4	15.57
139	1339	3	21.61
899	118	3	14.41
111	573	3	8.61
684	101	4	4.79
202	14	15	4.63
110	2456	3	19.02
311	277	4	30.16
106	1070	9	52.91
1078	14	4	6.89
1393	12	4	13.62
102	1275	3	9.02
321	14	11	9.95
101	897	5	10.45
101	948	7	20.44
448	106	3	4.16
1895	14	3	7.26
101	2230	3	9.44
101	2366	5	25.75
426	101	6	5.51
111	253	6	12.99
105	545	4	8.74
351	120	4	13.07
180	2938	3	33.45
1060	240	3	28.95
1362	102	3	9.53
108	116	86	166
129	3033	4	39.64
336	978	4	44.52
101	1717	3	7.73
106	2087	4	22.94
103	1061	3	8.16
107	1336	3	12.23
1083	108	3	11.41
236	119	9	33.01
194	110	5	4.14
220	167	3	11.21
1971	14	3	7.26
2653	125	3	24.3
182	142	3	5.61
255	264	3	18.82
153	383	3	14.51
110	493	13	71.65
1677	154	8	93.82
1342	14	3	4.81
3432	103	3	18.16
104	195	12	12.7
12	691	4	7.97
107	972	3	10.03
102	1926	3	12.25
403	102	7	14.52
126	168	5	8.63
101	377	12	21.2
101	528	9	18.91
156	118	12	25.78
106	104	285	466.46
208	116	15	55.38
136	104	40	49.65
103	489	4	6.53
113	191	9	17.76
110	3982	4	36.37
101	1292	3	5.51
1601	165	5	51.01
490	103	10	34.06
395	907	4	45.13
104	1542	3	11.02
141	451	9	63.84
1033	14	6	14.51
150	167	8	30.17
104	1287	5	21.24
243	108	26	115.05
910	9	3	18.04
114	163	9	12.05
114	310	4	8.42
227	352	3	20.1
237	134	4	13.21
195	141	4	10.52
379	107	6	14.87
1243	153	6	56.88
106	552	13	62.75
666	125	3	14.44
104	445	9	27.05
45	1879	3	44.84
12	477	4	4.83
932	103	4	11.73
107	211	6	5.77
12	358	27	114.94
116	284	3	5.01
110	600	3	8.54
1162	101	3	5.1
57	144	8	36.65
325	107	5	8.93
119	205	5	10.05
211	302	4	25.97
104	1649	8	51.23
151	395	7	46.53
830	134	3	17.85
124	288	7	29.06
103	663	4	9.15
540	14	14	37.78
124	172	4	5.06
2187	12	3	12
1045	112	8	53.47
1394	9	3	21.32
101	1718	5	19.07
106	1870	4	21.44
2526	14	3	9.29
435	14	12	21.73
180	135	4	8.4
817	105	5	17.59
135	394	3	12.23
2644	14	3	9.29
342	119	3	7.81
103	2334	5	32.33
119	507	3	10.87
109	1097	4	19.06
139	258	4	14.51
101	2167	6	31.63
565	104	3	4.45
101	2379	6	37.28
110	853	9	54.56
134	173	3	4.25
543	108	3	6.78
1382	14	4	8.67
2271	103	7	52.77
471	218	4	31.86
1203	115	3	14.24
570	823	5	63.79
12	226	72	363.32
273	106	6	8.1
164	1132	3	24.23
111	243	8	20.42
398	14	11	15.13
1228	103	4	14.52
12	331	36	170.06
644	104	5	13.69
867	101	9	30.55
360	111	3	5.41
264	102	7	7.66
12	1463	3	8.9
259	3146	3	38.23
180	124	10	30.9
101	1703	3	7.73
108	335	5	10.1
139	12	25	8.59
164	548	4	27.39
1032	12	3	6.64
128	192	3	4.5
102	2793	3	15.97
139	344	3	11.56
102	2642	3	14.42
1204	106	3	10.13
304	154	3	12.81
489	105	3	4.59
119	238	3	5.14
151	346	16	130.26
470	14	14	33.33
142	130	5	4.78
135	102	39	43.38
189	120	6	12.41
138	1608	4	33.11
112	193	12	30.02
124	188	4	6.65
104	3533	3	18.47
12	375	6	7.77
112	1404	3	15.56
107	102	150	126.08
101	689	4	4.79
101	614	11	32.39
148	188	4	11.44
101	2467	3	10.6
364	108	4	7.47
4453	103	3	22.61
146	158	6	14.83
1554	14	3	5.86
1330	103	5	21.72
146	112	9	5.88
689	106	4	11.15
447	103	4	5.66
468	12	4	4.83
1068	14	5	10.83
847	103	3	6.5
101	2916	3	12.09
187	111	7	9.14
427	113	4	11.77
123	146	9	13.35
2810	101	3	12.09
226	116	5	9.7
440	107	3	4.98
109	291	8	22.59
101	1552	3	7.06
2525	12	3	13.18
144	180	10	40.87
101	1245	6	19.98
103	454	6	13.28
247	152	3	11.06
1539	103	3	10.72
103	574	4	7.57
186	1257	5	50.67
102	745	3	5.73
174	110	6	4.02
199	104	8	4.46
1149	191	7	76.75
101	3996	3	14.23
104	118	32	5.59
123	397	4	15.02
117	185	11	28.41
101	479	8	13.34
296	14	27	62.96
1284	14	3	4.38
553	135	3	15.02
137	218	3	7.34
106	263	21	75.81
423	106	5	10.5
149	127	11	28.61
698	103	3	5.51
1614	103	3	10.72
126	142	14	34.98
1	9	8	24.54
203	236	3	15.11
109	300	6	14.16
104	1119	3	8.45
193	153	10	49.95
697	16	3	17.57
127	104	28	11.74
177	118	4	4.11
130	156	9	22.41
2333	1895	6	125.22
2326	9	4	37.93
632	12	3	3.88
166	174	6	23.53
106	594	8	31.37
110	3080	3	20.59
2247	105	3	14.62
341	119	5	17.69
102	1704	3	11.43
244	109	7	15.06
187	116	7	12.4
104	352	17	60.98
207	118	8	22.94
123	191	4	6.22
832	124	4	23.47
8	327	3	10.25
101	2794	3	12.09
182	128	4	7.03
958	116	3	13.9
190	1593	3	28.86
230	108	16	51.43
101	1322	9	42.7
154	139	11	35.43
1450	103	10	68.74
144	413	11	80.08
535	368	10	120.14
129	255	6	23.39
135	471	3	13.98
335	107	8	21.57
101	1624	3	7.06
105	1162	3	9.89
583	14	5	4.63
205	160	17	113.92
161	158	3	5.91
273	121	5	15.39
104	606	4	8.66
1647	14	3	5.86
225	154	6	28.33
453	110	7	27.26
12	322	7	8.38
306	62	3	19.25
16	181	3	5.51
396	153	4	22.15
120	207	3	3.96
223	222	3	15.57
332	101	7	4.52
3732	109	3	22.69
979	815	3	38.2
101	662	14	52.21
105	248	8	12.4
110	777	5	22.24
101	4456	3	18.64
116	204	9	23.63
1372	14	4	8.67
304	130	3	9.29
198	135	3	5.95
211	137	6	21.72
1766	14	3	6.5
320	106	5	7.1
119	184	6	11.19
5041	14	3	17.26
101	3300	4	24.85
101	2092	6	31.63
101	1880	4	14.13
119	272	4	10.07
104	1726	3	11.73
119	129	33	92.4
21	62	7	29.1
164	210	7	36.16
719	116	3	11.76
263	106	13	34.24
388	14	9	8.86
114	619	3	9.89
643	108	6	24.66
513	110	5	17.39
8	2326	4	37.78
125	187	4	6.71
101	830	7	18.79
102	1343	3	9.53
104	908	10	50.55
254	102	8	9.98
602	104	3	4.79
338	114	4	9.5
1039	101	3	4.39
116	356	8	33.27
407	118	3	8.89
273	131	9	46.51
134	101	85	112.19
245	107	5	5.72
171	428	3	17.53
111	269	4	6.36
101	1014	3	4.39
102	1462	3	10.09
867	137	3	18.39
1599	14	3	5.86
132	130	10	17.69
102	1598	6	31.94
12	112	56	5.38
167	125	4	4.79
631	14	5	5.45
474	133	4	20.83
1011	106	3	9.31
129	238	41	325.14
119	375	3	8.39
128	102	54	67.25
119	586	3	11.79
108	101	213	126.21
1246	124	3	18.55
102	632	4	8.56
154	128	4	4.06
227	118	3	4.54
210	139	3	7.16
111	643	5	21.24
105	996	4	13.97
416	12	5	6.13
106	3090	4	27.42
796	103	7	26.69
2642	103	3	14.43
101	2692	3	10.6
428	1506	3	37.15
312	104	7	10.78
1525	101	4	11.94
143	363	3	12.61
101	402	22	71.79
121	151	5	4.32
107	696	3	7.99
166	140	4	7.59
223	1099	3	28.37
1233	14	3	4.38
316	14	9	5.31
101	3014	3	12.09
3083	14	4	18.13
101	3118	3	12.09
160	110	20	43.8
286	14	28	63.61
864	119	5	29.32
394	364	4	36.04
110	1489	4	22.09
2	580	3	15.04
1636	103	4	16.97
736	125	4	22.37
119	706	3	13.14
144	326	18	138.28
103	227	8	7.73
101	1518	3	7.06
102	962	9	44.69
114	309	3	4.85
102	1080	4	13.25
1730	103	5	25.51
3146	14	3	10.76
901	14	4	5.2
231	111	5	8.05
804	120	3	14.26
204	118	8	22.29
123	104	40	22.32
117	377	4	11.86
133	140	13	35.36
272	109	4	5.79
1739	107	3	14.19
1024	110	5	25.82
855	105	3	7.75
102	1775	4	18.01
1988	14	4	12.39
126	301	6	25.53
727	1890	4	60.38
2622	103	4	22.61
841	115	3	11.98
1225	14	5	12.37
1819	103	4	18.02
4702	14	3	17.26
767	103	12	60.63
182	141	3	5.55
102	5298	3	22.6
110	554	3	7.98
118	111	70	169.22
619	101	5	6.9
199	146	3	6.99
3374	2371	3	58.45
824	1068	15	285.56
247	110	4	5.14
3694	103	3	18.16
101	1141	6	18.89
103	558	3	4.05
106	1436	4	18.22
101	1293	8	32.84
103	2333	5	32.33
119	508	5	23.28
128	294	3	8.68
967	12	3	6.29
1362	108	3	12.85
158	238	3	11.21
289	113	3	4.3
168	138	3	4.05
102	205	18	33.94
12	114	148	187.55
101	4222	3	18.64
104	635	4	8.94
122	211	4	7.52
280	12	6	4.23
111	259	5	9.33
161	130	4	5.38
1281	103	3	9.03
3499	14	3	12.88
101	2635	4	17.4
116	184	8	15.61
3388	12	3	16.89
111	392	3	5.79
105	182	18	31.34
1367	14	3	4.81
338	158	3	14.1
176	129	5	9.97
115	577	3	9.37
895	114	3	12.23
185	1104	3	25.67
102	404	9	22.95
189	131	3	5.26
102	507	8	23.92
142	115	10	7.48
151	461	6	41.33
119	254	3	5.62
1114	103	3	8.16
2285	103	3	13.24
192	374	3	18.1
657	110	5	20.45
189	121	5	9.05
302	125	8	37.07
112	135	10	5.44
112	192	8	14.05
162	206	3	10.29
112	341	5	13.59
124	187	5	10.14
1863	14	4	12.39
175	154	3	6.62
101	2010	5	20.76
998	107	3	10.4
197	124	9	29.64
105	196	7	4.05
101	2468	6	37.28
146	113	11	10.33
297	259	3	19.85
306	364	3	23.17
498	108	7	26.23
12	585	6	14.02
138	192	4	9.71
101	688	14	53.71
148	335	11	76.58
176	115	6	6.08
2360	112	3	20.04
349	108	3	3.85
1143	566	4	52.13
111	302	5	11.16
1156	120	3	16.86
290	484	3	25.12
101	2255	3	9.44
260	306	5	39.06
108	269	4	4.66
141	689	3	17.17
151	244	4	16.79
1375	153	3	23.91
889	103	7	28.32
115	160	6	3.98
103	1082	5	19.06
124	387	3	9.89
101	4116	3	18.64
2146	110	4	26.87
1115	105	3	9.46
419	12	6	9.35
1792	2212	3	50.25
118	202	4	5.99
118	152	7	8.32
707	106	3	6.95
106	1409	3	11.68
113	123	15	7.06
2076	1000	4	65.17
102	744	3	5.73
104	3026	3	16.28
2786	1136	3	49.99
120	701	3	13.44
367	124	4	15.13
285	104	7	9.26
104	281	5	4.04
464	103	4	5.99
326	108	23	117.02
2276	14	4	13.8
220	147	5	19.13
110	316	6	15.13
104	481	9	28.98
104	533	8	25.2
3047	14	3	10.76
133	174	7	20.09
153	218	3	9.59
1269	14	3	4.38
809	106	4	12.54
101	185	44	84.39
103	253	8	10
103	320	5	5.01
101	1381	4	10.31
169	140	3	4.35
846	193	3	24.4
288	111	6	14.38
279	119	5	14.87
243	208	4	23.42
231	152	5	22.44
313	14	9	5.14
102	2011	4	19.23
750	101	4	5.34
312	146	3	11.51
1602	103	6	31.96
104	162	13	7.37
1142	122	5	34.39
170	292	3	14.18
601	103	4	8.05
672	121	3	13.36
629	135	3	16.07
1583	12	3	9.51
105	1086	4	15.05
210	127	5	13.85
101	1171	5	13.64
303	141	4	16.58
115	618	4	15.58
102	735	3	5.73
102	616	4	8.29
106	1147	5	22.56
130	111	18	17.41
130	237	3	7.48
101	1426	4	11.07
288	116	10	39.24
102	1046	3	7.77
101	3875	3	14.23
385	103	7	13.54
104	1168	3	8.86
177	119	8	17.53
479	106	3	4.53
110	189	37	161.29
101	3102	3	12.09
133	169	4	7
110	139	33	71.69
244	108	9	20.71
101	5021	3	18.64
166	175	3	7.91
270	104	7	8.72
106	517	14	68.05
322	286	5	40.75
143	21	5	5.54
111	370	12	54.76
110	776	5	22.24
1554	128	3	21.15
146	183	4	10.03
1029	120	4	23.86
682	14	7	12.72
102	1243	6	27.59
12	405	38	221.87
101	747	6	12.43
125	288	3	7.68
557	407	4	41.09
3045	103	3	15.98
189	106	7	4.01
713	14	5	6.41
1633	14	3	5.86
106	1661	4	20.2
101	2015	4	14.13
175	130	15	61.02
2015	106	4	21.44
139	541	3	15.12
184	101	16	6.17
431	134	13	97.89
119	183	4	4.61
249	178	6	35.91
158	129	4	4.52
709	104	5	14.49
111	1382	3	14.45
287	101	18	32.23
242	3093	4	54.29
1144	12	3	7.42
462	14	7	7.28
120	148	14	31.98
104	2384	5	32.85
106	639	10	46.91
311	346	5	43.27
185	266	3	14.74
143	2169	3	26.08
111	222	4	4.33
188	129	7	20.48
161	113	7	6.15
101	2130	4	15.57
122	124	38	111.48
104	740	13	68.33
250	101	9	4.36
12	239	17	34.52
1255	120	4	25.78
172	206	4	16.79
370	14	10	10.89
1480	14	3	5.3
104	653	6	18.65
117	830	4	19.89
658	108	3	8.11
245	106	6	6.77
111	137	118	573.96
102	3147	3	15.97
1737	108	4	22.58
215	124	18	92.41
101	1776	6	26.1
113	820	3	11.5
115	196	10	22.79
101	1732	3	7.73
115	329	3	5.42
1011	107	3	10.4
1303	107	4	18.92
135	193	3	5.76
162	120	26	106.35
112	102	211	461.08
104	1847	3	11.73
359	162	4	22.89
4456	103	3	22.61
108	420	4	8.73
127	648	3	14.81
1699	14	3	6.5
116	112	23	11.64
1582	14	5	15.49
523	978	4	49.55
101	658	7	14.94
125	188	6	14.29
101	829	4	6.3
144	2034	3	25.12
138	102	51	80.56
102	1206	7	33.66
117	402	4	12.6
666	101	4	4.79
173	163	4	12.24
102	3449	3	18.15
549	101	5	5.56
121	208	3	4.1
926	108	5	22.59
2532	12	3	13.18
322	201	3	17.32
131	186	8	27.4
200	14	46	88.37
102	1035	3	7.77
102	1095	3	8.15
114	119	22	17.41
675	112	4	16.14
461	12	5	7.65
1067	14	5	10.83
130	252	6	23.74
103	228	15	30.15
2037	105	3	13.63
103	186	16	20.3
1054	105	3	9.07
1750	12	3	10.22
101	1595	4	11.94
113	515	3	8.49
127	146	9	16.76
102	2165	4	20.72
104	1269	4	14.92
104	1337	8	46.05
671	107	4	12.59
102	2482	3	14.42
104	1524	8	51.23
490	124	3	12.15
199	134	5	14.34
409	112	26	179.92
1279	14	3	4.38
149	142	10	31.04
2791	12	4	23.49
106	292	9	19.95
103	1297	3	9.54
182	140	3	5.43
437	102	4	5.35
464	136	4	20.82
101	4865	3	18.64
110	372	16	80.75
101	2758	3	12.09
110	543	11	58.51
502	107	3	5.92
101	1787	5	19.07
145	104	23	15.97
1264	1194	4	59.92
130	1016	3	18.38
1960	14	3	7.26
122	195	8	21.88
12	3039	3	14.71
134	110	38	87.7
2438	115	3	20.33
586	115	4	15.02
102	3693	3	18.15
104	2614	3	14.74
106	685	3	6.72
101	1076	13	69.19
120	104	59	56.29
250	111	4	5.71
2248	109	4	26.72
85	123	3	8.48
148	111	16	24.46
157	146	6	14.61
1706	101	3	7.73
106	2328	3	16.08
1442	103	3	10.09
267	110	5	9.03
9	13	6	17.54
197	250	6	38.59
142	169	4	7.92
142	14	35	4.41
1857	12	4	17.58
198	119	8	20.96
192	509	4	30.1
318	118	4	11.4
209	141	3	7.35
124	111	30	43
103	678	7	23.96
225	3930	3	38.97
102	523	9	29.69
135	194	4	9.76
112	235	4	5.69
127	324	3	9.32
109	155	21	43.33
102	1028	3	7.77
675	14	7	12.72
144	145	10	27.27
106	1301	6	32.17
110	3862	4	36.37
379	176	3	16.81
200	112	6	8.45
166	130	4	5.94
1514	14	3	5.86
420	108	4	8.73
217	356	8	68.86
4950	1154	3	56.72
207	136	3	6.82
133	255	6	25.61
110	225	28	129.12
133	205	8	31.93
182	198	3	11
104	260	12	24.74
110	435	7	26.21
104	311	8	14.14
110	478	12	62.31
309	101	30	93.52
101	4716	3	18.64
344	128	3	9.93
203	187	3	11.93
12	750	7	22.43
1062	297	3	31.07
1364	14	5	13.28
1872	130	3	23.18
3656	105	3	19.57
282	106	5	5.63
330	130	3	9.95
3637	14	3	12.88
358	146	10	67.29
957	101	3	4.08
183	113	5	4.33
2	144	20	71.74
193	556	3	21.42
110	1294	7	45.84
193	4792	3	41.28
101	1110	8	29.62
275	242	3	18.73
372	21	4	17.44
1490	153	8	86.91
154	129	9	21.37
101	3929	3	14.23
1133	884	3	40.15
118	268	3	5.75
127	486	4	19.22
636	108	6	24.17
101	2780	3	12.09
2984	103	4	25.19
772	14	6	10.6
1828	14	3	6.5
1306	1313	9	167.03
101	345	15	29.85
739	109	11	68.07
106	196	8	6.41
126	198	3	4.69
101	242	16	19.7
224	129	3	6.52
121	102	38	14.41
280	884	3	29.05
133	238	3	8.29
116	646	3	11.27
159	125	25	105.7
4178	14	3	17.26
140	130	19	59.88
159	172	6	21.42
3121	103	3	15.98
258	12	16	33.82
101	1569	6	24.19
102	1049	3	7.77
119	128	9	5.95
101	3214	3	12.09
135	180	3	4.86
107	119	74	140.68
1042	14	4	6.41
102	1130	4	13.25
157	167	8	31.21
102	1308	3	9.53
202	189	6	32.31
1376	103	4	15.25
2277	14	3	8.16
148	252	3	10.62
720	101	5	8.63
216	305	4	26.52
116	214	13	45.46
290	104	5	4.39
116	141	13	17.24
770	114	4	17.49
188	140	4	9.75
442	102	11	36.04
122	118	32	67.37
12	142	26	11.88
938	14	7	17.5
579	103	4	7.8
467	130	4	19.44
1270	14	3	4.38
102	174	13	8.8
1055	108	5	23.94
1529	103	3	10.72
219	152	3	9.6
278	146	9	51.59
108	253	4	4.25
108	320	9	27
128	209	8	29.15
425	101	13	29.61
259	315	4	29.52
119	424	3	9.42
460	269	3	24.19
102	1259	3	9.02
191	263	7	47.44
2462	103	3	14.43
107	108	107	127.09
104	2219	3	13.54
1866	130	3	23.18
1007	108	7	39.25
125	156	5	6
524	107	4	10.2
105	265	11	24.66
310	224	5	36.46
152	582	6	44.79
101	2469	5	25.75
561	124	5	26.69
620	113	4	15.33
101	5264	3	18.64
110	2030	5	34.94
126	1775	3	21.82
2887	583	3	45.03
112	277	3	3.99
101	1955	5	20.76
1979	14	5	18.53
3088	14	3	10.76
1491	115	3	15.85
190	1100	4	37.4
1424	103	3	10.09
1807	12	3	10.22
102	301	31	136.2
1826	103	5	25.51
101	1701	7	34.14
249	412	3	22.43
151	163	8	29.52
111	237	10	29.35
101	4320	3	18.64
1520	231	5	59.61
421	121	3	9.88
148	376	17	141.36
2658	121	3	23.19
294	127	7	31.58
148	587	6	43.47
128	2116	3	23.78
153	364	32	327.01
1239	103	6	27.61
1527	14	3	5.86
3052	12	3	14.71
1212	207	3	28.47
13	164	5	20.01
607	146	3	17
106	1418	11	89.1
155	917	3	21.36
330	113	3	5.26
113	120	26	27.74
114	395	6	20.9
102	600	4	8.04
317	308	5	41.83
539	111	3	8.25
103	2752	4	25.19
940	103	4	11.73
718	14	7	13.28
1040	103	4	12.72
140	154	5	9.31
110	1477	5	30.43
101	1442	5	16.46
130	222	4	10.86
114	260	5	10.5
218	284	3	17.47
174	496	4	27.67
101	173	26	19.33
3596	109	3	22.69
137	365	3	11.9
145	1712	3	24.4
251	114	4	6.58
322	101	11	13.64
104	369	12	35.93
882	125	3	16.16
2002	103	3	12.26
109	1498	8	59.63
160	137	16	65.64
1779	14	3	6.5
104	472	6	14.12
242	3642	3	39.94
102	1840	5	25.49
361	14	12	15.96
1085	121	3	16.59
1346	106	3	11.11
166	154	3	6.11
380	2741	4	59.36
117	589	6	30.28
549	116	3	9.87
16	2359	3	27.24
170	577	3	19.61
110	113	41	31.84
160	289	8	50.52
104	384	8	18.16
697	116	5	24.95
258	138	4	14.32
1653	153	3	25.18
127	196	3	4.57
101	3694	3	14.23
2283	392	3	38.77
102	1079	5	19.04
1317	106	3	11.11
101	1611	4	11.94
762	14	7	14.5
1562	14	5	15.49
1872	154	3	26.92
860	12	3	5.4
144	444	10	73.71
158	600	3	18.61
104	1456	3	10.39
110	1115	8	52.17
220	107	29	115.91
700	123	3	13.95
220	161	3	10.7
117	336	3	6.56
104	267	6	5.87
400	1466	9	136.46
107	1084	3	10.81
2226	165	3	29.34
478	14	13	28.89
893	12	3	5.68
137	330	3	11.02
156	177	3	7.16
5461	115	3	28.6
1958	103	3	12.26
228	1842	3	32.34
172	133	3	4.09
57	580	3	23.6
122	208	4	7.37
3393	4211	3	66.77
188	169	5	20.09
111	202	18	59.75
111	152	43	152.69
3351	14	3	12.88
16	146	4	4.72
360	16	3	12.43
12	175	35	67.21
271	118	3	5.87
101	1716	3	7.73
103	851	3	6.5
101	1792	5	19.07
102	315	8	13.62
102	214	9	8.14
521	114	4	13.93
178	167	7	30.92
205	264	5	32.28
108	186	7	6.24
4151	3318	3	66.77
820	12	3	5.15
1749	12	3	10.22
139	319	3	10.84
173	1695	3	28.07
139	252	3	9.13
2306	110	4	26.87
109	782	5	22.07
249	150	6	30.33
211	110	10	22.72
2433	103	3	14.43
108	539	7	27.51
304	14	15	19.24
102	570	6	15.92
162	104	22	28.66
229	123	3	5.5
1238	105	3	10.36
105	176	9	5.04
12	4696	3	21.33
560	165	3	19.06
104	1363	3	9.83
104	1567	7	41.42
380	1511	10	162.14
159	545	5	35.46
101	1257	4	9.63
2447	103	6	45.23
610	12	8	24.53
106	275	8	14.79
1707	103	3	11.43
137	110	15	12.96
1580	12	3	9.51
12	821	3	5.15
1489	121	3	18.67
186	479	5	38.46
1009	134	4	28.29
2097	1402	3	48.82
220	200	6	35.82
117	298	3	5.65
2353	109	6	54.34
116	771	3	12.29
104	494	6	14.74
350	306	4	32.73
226	104	7	5.53
105	721	3	6.96
105	645	8	32.67
757	103	6	20.19
12	906	17	108.23
776	12	5	12.95
113	407	4	11.11
101	1360	3	5.97
218	108	10	20.5
101	3729	4	24.85
243	140	6	25.91
159	123	14	39.96
625	101	5	7.2
150	200	4	13.12
1876	116	3	19.02
204	141	3	7.12
102	428	7	15.92
112	155	24	63.39
135	114	31	72.54
102	547	3	3.9
124	207	4	8.48
691	105	4	11.15
222	154	4	15.5
259	461	3	23.85
1287	103	6	27.61
1511	14	3	5.86
596	14	5	4.89
101	2531	4	17.4
104	929	4	12.12
503	119	3	10.87
101	2395	4	17.4
1213	114	7	48.75
104	2345	5	32.85
533	109	5	17.51
311	306	10	98.38
132	124	6	4.26
1264	586	4	53.12
125	433	5	23.75
101	1004	8	28.26
105	511	6	17.07
188	135	6	18.19
117	752	6	33.97
111	121	21	14.18
550	108	17	102.78
8	693	6	41.26
838	14	4	4.85
108	148	25	45.6
709	110	7	35.04
105	1277	3	10.36
342	141	3	11.89
148	1267	3	22.67
462	109	3	6.79
110	1633	3	15.2
572	153	8	64.47
460	123	6	30.51
108	107	63	29.93
278	101	9	5.86
853	112	6	32.44
435	119	3	9.68
1557	110	3	15.2
1586	1579	3	46.83
1853	14	3	7.26
168	148	3	5.46
102	266	16	40.87
101	1073	5	12.89
223	330	3	19.23
223	279	3	17.74
1203	103	3	8.58
102	1541	4	16.96
191	542	9	85.1
565	116	11	68.34
110	1042	4	18.63
101	2187	4	15.57
105	421	4	6.56
146	136	4	4.01
116	102	41	6.69
110	687	3	9.4
267	107	4	3.97
452	179	4	27.63
105	101	230	68.12
106	1045	3	9.31
569	119	3	11.59
477	133	4	20.83
101	819	9	28.34
229	12	7	3.86
654	105	3	6.28
157	143	12	43.55
1581	14	3	5.86
456	127	3	12.36
103	683	5	13.6
162	125	5	7.3
246	135	3	8.57
102	385	6	9.97
110	2007	3	16.79
119	193	5	8.66
466	153	5	32.58
142	102	18	5.34
192	462	3	20.09
102	1101	6	25.44
214	274	3	17.01
114	224	5	8.32
890	116	3	13.19
114	128	14	9.89
101	1485	4	11.07
169	109	10	12.49
101	1529	4	11.94
450	113	5	17.82
901	118	3	14.41
784	204	3	25.04
140	119	21	52.56
1776	103	5	25.51
791	103	4	10.49
1076	14	4	6.89
141	1153	4	30.51
2680	103	4	22.61
213	157	4	15.06
295	104	9	16.67
224	118	4	7.65
2574	815	3	45.73
251	151	5	23.61
102	1658	6	31.94
717	101	4	5.06
472	404	3	27.73
12	604	4	6.62
110	2668	5	40.08
106	227	18	51.02
110	2839	3	20.59
291	14	10	5.84
1244	14	3	4.38
2771	12	4	23.49
850	106	4	12.94
600	115	3	9.75
118	122	11	5.62
118	218	3	3.97
269	119	4	9.98
446	106	4	7.48
5137	103	3	22.61
165	156	12	55.92
110	1239	4	20.51
4445	128	3	33.31
208	104	15	25.79
174	134	7	20.12
102	772	7	25.92
104	3775	4	30.57
316	119	3	7.06
897	14	4	5.2
1941	14	4	12.39
104	592	3	4.79
1324	14	7	24.56
101	3078	3	12.09
216	700	3	24.91
104	440	15	61.12
102	1785	3	11.43
8	4702	3	34.05
101	191	82	284.08
348	101	17	38.63
234	157	3	10.93
131	104	49	71.31
106	489	4	8.4
775	101	4	5.64
252	109	4	5.22
117	4022	3	29.76
103	104	300	379.07
113	377	5	14.89
150	304	3	12.61
286	119	4	10.42
104	1204	3	8.86
243	14	12	6.15
118	247	8	28.3
150	355	3	13.88
248	110	4	5.14
2843	158	3	31.09
101	1351	8	34.8
101	441	25	100.26
185	660	3	22.11
131	417	7	41.28
101	593	23	113.94
382	107	4	7.01
2060	2336	3	53.39
683	120	3	13.19
744	103	4	9.78
182	150	3	7.15
2079	14	3	8.16
1471	12	3	8.9
220	236	5	32.15
1170	14	4	7.42
101	893	6	14.77
336	1819	3	35.79
543	14	7	9.19
4541	103	3	22.61
1382	108	3	12.85
955	12	4	10.64
842	383	3	31.31
101	1026	6	17.03
106	663	10	47.87
132	211	6	20.96
2896	112	3	21.61
277	394	5	43.34
102	1482	3	10.09
104	692	4	9.83
101	4408	3	18.64
110	860	3	10.73
426	104	4	5.39
1679	2111	7	144.89
188	102	9	4.51
103	2343	4	22.61
333	113	3	5.26
105	1231	3	10.36
311	1207	3	31.96
2130	103	4	20.73
145	172	7	22.23
101	1797	6	26.1
1417	108	3	13.43
102	261	6	5.23
135	576	4	22.68
124	182	4	6.16
1519	108	6	38.88
102	461	5	9.39
1189	124	3	18.05
184	131	3	4.93
151	575	3	17.71
102	4790	3	22.6
602	116	5	22.92
105	173	24	47.77
267	120	3	6.17
101	775	9	27.35
101	850	7	18.79
569	108	3	7.13
16	392	3	12.86
297	106	5	6.21
3982	121	3	26.99
684	147	3	17.88
9	12	44	37.11
111	351	5	13.1
110	757	3	10.15
181	148	3	6.47
1330	112	4	22.61
1470	14	3	5.3
146	165	3	4.78
116	266	3	4.66
170	998	3	23.84
157	222	3	10.16
383	109	4	8.92
477	246	4	33.85
125	107	21	9.4
101	726	4	5.34
176	124	6	12.2
106	913	12	74.5
125	161	12	34.98
408	123	6	27.91
657	104	4	9.22
246	102	10	15.05
135	306	9	50.78
2391	45	6	112.14
101	1900	3	8.51
101	2004	8	49.71
101	3340	4	24.85
222	130	6	20.86
333	154	3	13.5
748	110	4	15.52
178	143	13	59.44
102	244	10	15.05
104	5342	3	22.93
115	101	315	592.86
474	111	3	7.47
132	102	21	6.01
722	1687	5	77.22
1326	107	3	12.23
16	101	32	7.64
110	2296	4	26.87
777	190	3	23.58
111	160	17	34.75
111	106	48	13.46
104	796	8	33.81
101	2217	5	22.87
794	12	4	8.97
101	367	18	45.7
958	104	3	7.7
305	104	8	13.75
221	116	4	6.05
101	1234	4	9.63
1431	121	9	84.08
768	115	4	17.58
102	670	10	42.41
124	633	3	13.88
594	103	4	8.05
101	1491	3	6.48
650	115	3	10.4
101	1559	7	31.55
818	112	5	24.42
573	12	5	9.66
140	209	8	34.07
109	280	6	13.19
231	212	5	31.16
101	5162	3	18.64
123	320	3	7.96
226	123	3	5.14
270	186	6	38.55
519	148	3	16.51
103	1528	3	10.72
166	108	14	20.84
106	454	14	63.37
101	218	17	16.32
339	119	3	7.72
102	4708	3	22.6
151	418	3	15.31
299	643	4	39.29
101	3279	4	24.85
142	195	3	6.42
222	139	7	29.36
184	122	32	169.21
1134	153	3	22.87
1741	131	3	22.96
175	151	3	6.47
101	1961	3	8.51
186	673	3	22.45
102	1253	5	20.72
766	101	10	32.92
157	116	9	12.08
101	685	10	29.86
185	570	4	30.44
111	499	3	7.76
1008	108	4	17.13
116	195	9	21.26
104	870	6	22.73
110	718	9	50.41
110	650	7	33.77
273	110	22	104.95
623	112	3	9.9
161	119	8	13.83
2958	14	3	10.76
494	106	3	4.8
111	299	3	4.05
206	152	4	14.28
107	343	4	6.19
107	419	6	16.48
12	327	8	11.9
644	101	10	28.96
144	1757	3	24.26
349	113	3	5.67
285	808	6	66.48
101	1040	7	22.39
101	990	6	16.21
104	2510	3	14.74
106	824	6	24.65
360	107	5	10.23
432	124	3	11.1
194	212	3	13.02
129	194	9	32.03
145	200	4	11.35
603	102	3	4.53
103	4	4	11.73
324	118	4	11.62
215	141	4	12.29
108	133	14	6.88
369	103	4	3.86
101	1241	7	26.1
1251	103	3	9.03
101	1197	5	13.64
163	112	13	24.44
1044	106	3	9.31
552	14	5	4.16
163	158	3	6.13
114	456	3	8
7	7	33	96.3
174	106	10	6.95
718	109	3	9.53
340	131	16	113.83
110	1270	3	13.44
522	2774	5	85.28
183	193	3	10.79
118	207	6	14.05
170	101	53	97
1053	102	3	7.77
147	207	3	7.98
101	483	20	74.81
137	125	58	285.11
156	199	3	8.48
104	2919	3	16.28
865	121	4	22.57
126	145	7	9.95
126	312	5	19.88
131	148	4	4.29
104	2722	3	16.28
103	1471	3	10.09
138	693	3	16.94
101	3024	4	19.94
1667	140	3	23.83
1123	113	3	13.6
625	116	3	11.05
930	136	3	18.67
193	329	5	33.88
204	129	4	9.28
258	120	3	5.93
102	2128	5	29.39
101	1452	5	16.46
113	423	5	16.66
101	1376	4	10.31
1119	103	3	8.16
103	148	23	18.64
308	112	3	4.67
130	182	10	35.38
415	14	8	7.67
925	112	5	26.15
749	14	5	6.77
110	1358	11	93.19
101	3760	3	14.23
2576	14	3	9.29
1020	12	5	16.31
357	14	20	45.53
101	1545	4	11.94
101	1393	5	15.41
2683	842	3	46.04
101	329	7	4.52
717	116	5	24.95
491	134	6	37.08
482	110	4	11.72
102	5498	3	22.6
117	447	4	13.98
117	380	6	22.75
182	145	5	14.38
337	148	4	19.63
106	101	669	1329.25
352	972	3	31.71
136	101	113	211.63
101	1288	3	5.51
113	336	3	5.42
886	103	3	6.78
118	160	7	9.76
118	106	30	9.32
209	581	12	130.46
311	1204	3	31.96
169	875	4	32.55
1787	103	4	18.02
2931	14	3	10.76
480	114	4	13.26
1487	138	8	80.27
101	3507	3	14.23
259	280	3	19.38
122	256	4	10.12
225	179	3	12.62
206	111	8	15.83
105	480	3	4.46
2559	103	5	32.33
1158	14	3	3.99
101	1037	3	4.39
125	396	3	10.31
103	1681	3	11.43
827	103	3	6.5
132	250	5	18.97
12	230	46	184.71
101	835	9	29.4
1126	108	3	11.41
284	14	13	11.33
106	1061	3	9.7
101	2564	3	10.6
1498	131	6	53.66
181	104	12	9.5
116	118	21	19.16
171	240	3	12.71
578	107	5	16.14
110	2023	4	25.36
911	431	3	33.29
106	1618	6	35.27
110	3157	3	20.59
373	143	4	19.25
2168	14	3	8.16
677	103	4	9.15
102	504	5	10.37
329	105	6	10.38
2411	12	3	13.18
122	140	10	13.88
104	827	3	6.77
259	1424	7	90.82
111	134	18	21.42
134	104	43	56.62
188	118	8	18.98
648	384	5	55.11
120	110	70	169.31
132	195	3	5.58
377	112	3	6.05
12	108	133	73.26
1920	1155	3	46.13
391	197	3	18.62
1333	105	3	10.87
853	14	7	15.89
236	14	17	15.52
557	206	3	22.63
107	1280	4	18.17
405	102	6	11
108	246	4	3.89
108	104	157	179.01
158	118	5	4.12
101	5292	3	18.64
293	116	5	13.39
1015	109	3	12
103	617	4	8.3
274	108	26	124.14
102	529	10	35.29
107	1613	3	13.46
1206	14	3	3.99
135	337	6	30.67
101	759	5	9.04
125	133	8	9.31
284	127	7	30.5
643	112	9	51.72
3933	14	3	12.88
1357	108	4	19.75
1528	1879	3	48.47
325	116	3	6.13
238	1053	3	28.89
310	209	15	140.73
488	101	5	4.89
126	471	5	26.06
213	101	18	17.75
121	155	5	4.56
2416	111	4	29.43
102	1725	4	18.01
133	211	6	21.27
2030	112	6	47.66
679	14	7	12.72
231	121	3	5.31
1124	112	6	36.6
864	115	7	41.08
4682	106	3	24.29
279	154	4	18.33
2	405	3	12.21
104	1340	3	9.83
389	464	3	27.2
103	231	6	3.85
133	3719	3	30.15
169	102	20	23.47
101	1590	5	17.66
7	144	13	28.5
154	178	5	16.5
113	258	4	6.66
101	1163	4	9.02
190	113	5	5.1
541	108	6	21.64
118	182	4	4.43
829	14	4	4.85
2132	112	3	18.82
8	226	6	21.75
101	2807	4	19.94
1304	785	3	40.55
796	14	4	4.54
149	260	4	17.42
767	139	3	17.64
240	106	7	9.34
12	832	3	5.4
101	1166	12	63.27
101	1318	5	15.41
637	9	3	15.72
282	259	13	125.07
114	374	3	6.24
110	1285	7	45.84
305	231	13	124.13
141	308	6	30.07
112	2285	3	18.82
102	4500	3	22.6
109	244	4	4.9
986	101	4	7.49
109	102	149	185.72
124	2444	3	24.21
104	1173	3	8.86
141	350	19	150.97
127	101	55	21.47
1694	14	6	23.42
650	14	6	8.75
101	1575	4	11.94
101	1371	5	15.41
106	1354	3	11.11
101	1423	5	16.46
114	130	15	13.32
1332	103	4	15.25
854	12	3	5.4
362	108	8	24.96
1556	14	4	10.25
3333	4073	3	66.77
203	432	3	20.37
1587	14	3	5.86
133	102	61	110.73
123	336	3	8.39
1537	101	3	7.06
12	400	6	8.52
101	742	4	5.34
202	194	5	25.56
146	119	7	6.32
2654	103	4	22.61
2024	14	5	18.53
2397	112	5	41.8
2270	105	3	14.62
1385	12	4	13.62
110	2117	4	26.87
101	3152	3	12.09
103	634	3	4.9
145	505	3	15.52
112	466	4	12.58
168	104	15	12.4
115	227	5	8.79
1131	140	3	20.31
101	1764	6	26.1
3049	105	3	17.38
356	125	4	14.96
141	743	7	54.48
1282	14	5	12.37
1616	103	3	10.72
232	119	8	27.2
101	3477	3	14.23
101	3409	3	14.23
735	1614	4	58.01
188	195	3	11.29
678	12	3	4.26
328	14	22	49.12
104	812	6	21.39
122	174	7	13.7
12	326	8	11.69
106	845	3	7.98
432	102	4	5.35
120	253	3	5.88
148	464	3	15.67
349	158	3	14.29
1571	103	3	10.72
107	553	8	32.64
2508	103	4	22.61
101	1041	4	7.96
101	939	5	10.99
856	14	6	11.71
101	872	9	30.55
110	2290	3	17.8
741	112	3	10.85
161	179	4	12.7
110	905	3	11.04
104	735	6	20.21
133	1053	3	19.28
104	616	9	34.47
792	282	3	28.4
737	102	4	9.77
101	3611	4	24.85
640	107	4	12.27
3174	14	3	10.76
763	106	3	7.43
546	115	3	9.01
889	14	4	5.2
103	1086	3	8.16
104	3177	3	16.28
246	108	4	3.89
531	158	3	17.63
1466	103	11	82.93
2579	103	3	14.43
102	413	12	38.67
373	12	8	14.24
124	133	6	4.47
175	250	4	19.93
119	310	5	16.23
104	1705	4	18.42
101	3234	4	24.85
119	163	5	5.32
101	5409	3	18.64
101	3278	4	24.85
101	3354	3	14.23
178	505	3	19.72
134	517	3	14.55
1879	45	3	44.84
104	944	8	36.86
101	2464	4	17.4
116	194	4	4.14
181	146	4	9.81
701	284	3	27.54
116	327	3	6.21
186	597	3	21.52
107	241	14	40.68
102	1168	3	8.57
1437	103	3	10.09
107	169	8	4.51
1831	165	7	81.33
125	167	4	4.79
256	110	7	16.08
176	119	10	24.96
165	1202	5	46.63
1110	106	3	9.7
104	537	3	4.01
105	629	4	10.24
226	182	3	12.86
3090	115	4	33.15
117	483	9	48.65
106	468	4	8.01
130	231	3	7.22
101	1377	3	5.97
101	1557	8	39.88
195	102	18	29.19
1674	8	6	56.69
594	109	3	8.44
944	107	3	9.68
183	2820	4	48.88
703	109	3	9.53
114	155	9	9.49
334	12	5	3.98
1319	115	4	23
243	154	4	16.93
104	1125	9	48.87
313	165	3	14.32
150	143	12	42
313	103	19	63.81
12	3656	3	16.89
165	137	3	3.94
2926	103	3	15.98
2529	14	3	9.29
118	206	4	6.58
1292	907	3	40.65
117	1376	3	16.39
163	113	6	4.39
7	220	5	13.44
143	1221	3	21.63
8	5188	3	34.05
156	129	16	55.83
156	198	3	8.45
101	536	13	37.47
203	161	3	9.68
107	928	3	9.68
203	107	12	22.97
152	777	6	49.01
337	106	6	11.3
152	844	5	39.82
173	374	6	41.56
220	143	4	12.98
173	525	10	90.89
478	108	5	14.79
101	380	26	90.63
101	447	6	6.35
365	111	3	5.5
104	129	23	6.15
344	109	4	8.04
110	550	8	36.73
101	4856	3	18.64
248	101	11	7.93
619	104	3	4.96
1478	14	3	5.3
372	14	19	43.36
1190	103	5	19.86
192	2561	3	32.86
656	108	3	8.11
5440	105	3	24.03
732	14	7	13.87
101	1349	8	34.8
101	1289	6	19.98
114	158	20	49.13
1584	14	6	21.53
102	1084	6	25.44
265	12	7	5.6
615	14	5	5.16
130	330	3	9.95
140	102	19	5.96
123	101	61	16.07
111	903	3	11.51
1305	107	4	18.92
993	170	3	23.44
585	146	6	42.04
110	296	29	164.96
143	238	4	14.42
1551	14	3	5.86
104	1095	4	13.66
8	11	4	27.49
116	230	4	6.74
1065	14	4	6.89
673	112	5	22.52
116	119	28	38.77
161	378	3	15.41
831	12	3	5.4
452	103	15	61.35
1052	105	3	9.07
104	2225	5	29.93
107	141	28	41.68
241	118	11	44.99
157	200	6	25.12
12	431	5	6.84
124	293	10	49.85
124	219	5	13.41
101	1901	3	8.51
664	101	7	15.49
101	1977	5	20.76
112	224	6	11.46
622	282	3	26.79
142	119	12	19.15
3716	121	3	26.99
101	5322	3	18.64
109	637	4	14.37
198	14	19	9.2
719	106	3	6.95
660	103	8	29.05
178	304	3	15.34
104	2060	5	29.93
412	130	6	31.88
346	364	3	24.2
101	1799	4	12.94
106	1873	5	30.01
145	116	22	51.31
168	134	3	3.87
1242	109	3	13.34
212	140	3	7.38
669	107	3	7.76
101	1036	3	4.39
2359	45	3	47.11
377	114	3	6.24
107	391	7	19.65
3035	14	3	10.76
152	174	21	124.51
917	14	4	5.57
122	215	3	4.38
105	360	4	5.14
134	292	3	9.83
658	115	3	10.4
117	835	3	13.09
101	1984	5	20.76
124	104	41	29.93
155	191	4	12.83
103	618	3	4.71
429	322	3	24.9
112	300	4	7.88
249	139	15	93.57
119	195	6	12.38
101	5443	3	18.64
346	106	4	4.97
1294	14	5	12.37
216	147	3	8.4
1063	153	3	22.41
569	124	7	42.98
12	563	16	70.35
107	140	15	8.49
943	2591	6	111.3
101	1011	6	17.03
104	4609	3	22.93
106	730	4	11.8
167	123	4	4.05
196	597	3	22.11
110	1052	5	25.82
1018	14	7	19.39
789	121	5	29.59
111	264	5	9.53
141	715	3	17.43
171	1130	5	46.51
412	154	5	30.82
145	111	11	8.48
1277	118	3	16.87
1417	124	5	39.08
168	146	6	16.98
183	102	27	55.58
319	113	4	8.58
375	118	3	8.23
165	101	18	3.99
4146	3317	3	66.77
199	138	3	6.09
109	514	3	7.38
102	635	9	34.29
1266	12	3	7.86
455	9	3	13.25
101	1266	3	5.51
2112	1881	3	51.12
149	145	7	17.89
1650	14	4	10.25
948	103	3	7.09
1690	2761	4	75.35
291	113	3	4.36
152	600	3	18.15
8	114	13	9.98
1058	107	4	16.31
126	472	3	12.51
144	1417	3	22.83
102	1648	3	10.71
2008	12	3	11.03
218	145	3	8.19
179	12	19	20.16
101	1591	3	7.06
177	129	4	6.83
127	258	4	12.26
1708	116	4	27.09
140	124	16	39.37
103	196	12	11.81
343	111	7	22.62
101	1370	4	10.31
362	109	8	27.57
101	3871	3	14.23
159	182	8	35.79
243	130	5	17.4
1833	14	3	6.5
1005	103	3	7.78
12	3459	4	28.44
1468	14	3	5.3
116	713	3	11.76
793	2481	3	45.73
102	3608	3	18.15
120	1015	3	15.99
270	101	21	41.8
166	124	15	52.29
251	102	10	15.75
822	153	4	29.46
240	107	7	11.51
12	652	4	7.39
126	267	3	7.85
2475	14	3	9.29
101	2640	3	10.6
350	418	5	47.83
217	145	13	72.9
2092	1148	6	109.35
182	177	4	15.05
8	1394	3	21.21
128	722	4	23.32
1349	103	6	28.87
199	125	4	7.5
127	420	3	11.39
469	133	9	62.6
263	965	5	54.7
101	1117	3	4.73
4169	16	3	35.54
163	114	46	202.08
101	1251	7	26.1
174	120	4	4.06
154	136	4	5.52
7	164	4	4.41
108	146	52	153.81
178	200	5	23.04
722	2331	3	45.14
637	704	4	48.78
102	281	8	11.47
135	425	3	12.97
1055	14	5	10.17
144	863	5	37.08
3729	103	3	18.16
342	204	4	27.04
115	228	8	20.83
3391	14	3	12.88
324	108	4	6.25
191	587	3	21.68
102	1554	3	10.71
120	152	9	15.42
1270	108	3	12.33
212	14	21	18.27
111	219	12	34.67
623	114	4	15.79
111	123	14	4.14
188	21	7	22.07
104	744	8	32.09
172	111	22	63.21
101	4300	3	18.64
105	253	6	6.97
116	151	6	4.1
101	2381	6	37.28
146	118	12	20.11
101	4511	3	18.64
181	191	3	10.48
554	12	6	13.28
102	1195	3	8.57
284	139	4	15.33
663	12	3	4.26
125	176	12	39.91
102	362	7	12.84
135	174	3	4.33
115	436	3	7.52
101	1883	3	8.51
2428	103	3	14.43
108	397	6	16.68
119	118	31	58.78
101	298	52	235.35
166	118	6	8.18
447	114	5	17.77
904	109	3	10.94
224	194	3	13.78
135	1959	3	24.21
104	553	3	4.3
110	328	25	142.78
1193	110	4	19.83
133	1425	9	93.6
2	342	4	16.8
104	1259	5	21.24
294	3412	3	41.58
127	156	5	6.8
101	1573	3	7.06
130	104	26	11.14
237	111	27	135.1
415	114	5	16.43
1016	194	4	37.19
101	1180	3	5.1
444	124	10	63.17
101	1106	7	23.5
914	1071	15	291.83
106	1397	7	42.41
208	146	3	7.83
174	123	7	14.3
1169	14	7	21.68
109	564	5	18.13
140	581	4	23.59
743	103	11	51.65
118	133	30	87.75
101	2701	4	17.4
110	378	10	40.14
104	301	19	63.95
1828	103	3	11.43
156	141	4	6.3
655	102	4	8.84
105	2363	3	15.83
387	116	12	62.13
104	810	8	33.81
106	2424	3	16.08
12	145	22	7.58
117	2599	3	21.48
138	456	3	13.96
3687	2748	3	60.04
101	923	7	20.44
170	4429	3	39.24
101	856	8	23.89
212	112	7	13.66
106	704	5	16.59
168	106	14	14.61
129	211	3	5.81
546	14	6	6.36
101	1826	6	26.1
253	121	8	30.68
145	143	15	52.1
1241	103	5	20.74
108	207	6	6.48
2000	101	5	20.76
128	155	6	9.88
783	153	3	20.22
205	302	3	17.37
268	120	7	25.37
374	123	3	9.16
102	4903	3	22.6
7	2204	5	45.69
109	815	3	10.33
320	302	3	21.8
2650	14	3	9.29
189	12	21	30.65
102	548	5	10.91
124	206	3	4.9
1407	14	3	5.3
103	775	4	10.13
332	106	4	4.58
114	1969	3	18.03
102	1184	4	13.85
107	115	29	4.21
106	959	3	8.94
120	511	5	23.78
106	884	5	19.08
256	125	5	16.35
115	1306	3	15.26
101	601	16	60.73
216	107	31	126.23
290	101	15	22.95
101	820	4	5.96
2403	4336	3	62.95
148	107	11	5.28
107	272	4	4.11
107	129	32	38.29
102	1201	5	19.84
146	135	4	3.98
151	1207	7	67.78
152	492	4	24.8
760	14	8	18.82
197	154	5	18.61
1199	12	3	7.42
488	110	4	11.93
259	346	5	40.69
101	5442	3	18.64
1477	14	4	9.41
119	135	21	49.49
635	110	3	8.95
211	121	3	4.2
102	2881	4	25.18
1839	14	3	6.5
198	115	5	5.87
175	124	10	29.02
664	116	3	11.51
101	2037	3	8.51
101	2097	3	9.44
112	113	40	39.08
129	102	57	78.28
157	1328	3	24.22
259	297	4	28.84
1004	106	3	9.31
104	1992	3	12.56
1906	115	3	18.1
370	108	3	4.26
122	130	7	3.85
101	2240	3	9.44
1702	14	3	6.5
117	768	3	12.5
351	110	3	4.75
111	197	5	4.83
1989	103	4	19.25
111	330	4	8.28
101	1072	3	4.73
101	970	5	11.57
120	101	126	133.45
107	375	9	29.07
107	450	3	5.23
127	1339	3	19.8
309	104	17	54.2
110	482	7	28.4
1258	134	3	20.67
110	534	5	17.68
101	2749	5	31.07
126	281	3	8.18
12	603	17	82.26
106	186	21	46.05
137	202	3	6.41
106	228	7	8.3
114	544	3	8.94
144	569	8	59.96
1406	12	3	8.9
372	115	4	10.47
102	848	6	21.43
154	119	8	11.84
113	252	6	13.98
113	319	5	12.73
163	139	3	3.91
118	123	11	6.26
118	219	3	4.01
102	2236	3	13.23
110	1555	4	23.03
109	151	13	15.79
461	106	5	11.81
144	215	60	545.63
102	950	7	29.2
545	12	22	115.11
144	142	5	7.18
1261	14	4	8.01
686	12	3	4.26
450	112	11	57.31
558	103	4	7.34
1624	103	3	10.72
131	292	3	9.58
399	282	12	128.77
123	116	94	365.32
110	229	31	155.12
110	179	82	482.01
101	1146	8	31.14
106	1503	3	12.32
101	1198	3	5.1
136	110	16	14.97
490	306	3	25.79
375	102	6	9.78
147	104	30	34.03
117	191	11	30.02
126	162	26	122.69
101	594	5	6.6
913	14	5	9.01
497	12	4	5.18
2379	823	3	46.04
331	119	4	12.07
143	14	89	116.76
1327	108	3	12.85
1858	4155	3	60.68
508	112	4	13.42
1475	103	3	10.09
166	208	5	22.6
200	119	7	16.88
207	141	3	7.35
117	593	4	16.76
117	441	12	69.29
133	194	23	134.66
104	523	4	7.27
187	146	5	15.22
177	141	3	5.28
104	1281	7	35.82
140	235	3	8.68
1220	14	6	17.39
890	110	3	11.04
112	690	3	10.6
130	133	8	11.61
265	110	11	35.38
101	1403	5	16.46
119	211	5	10.56
101	2120	3	9.44
124	231	12	56.36
275	1103	3	30.46
135	205	3	6.6
677	109	3	9.3
112	114	21	5.24
101	698	6	11.94
106	1067	6	28.72
102	1226	3	9.02
738	116	16	129.53
101	2414	5	25.75
105	172	17	23.02
105	125	25	9.54
197	130	13	57.24
4008	297	3	46.08
172	137	4	7.57
122	154	5	4.56
810	14	4	4.54
104	844	3	6.77
953	130	3	17.98
1397	14	3	5.3
111	206	16	52.28
3639	14	3	12.88
321	102	7	10.68
101	894	6	14.77
106	813	4	12.54
1336	541	3	37.67
106	611	18	109.7
101	1027	6	17.03
147	2448	3	27.81
12	124	42	18.64
168	278	4	20.3
3111	120	3	24.58
307	101	11	12.62
640	147	3	17.63
2336	115	6	57.21
820	105	3	7.47
108	283	7	15.2
378	14	14	23.4
1316	112	3	14.97
774	14	5	7.16
253	106	5	4.78
215	204	6	36.36
101	1749	4	12.94
106	2031	3	13.88
111	1574	3	15.69
748	111	3	10.35
1335	102	3	9.53
205	173	3	10.89
161	124	11	30
134	131	5	4.59
426	146	4	21.15
101	2142	3	9.44
260	244	4	26.84
12	135	22	4.15
741	14	4	3.96
110	2295	4	26.87
277	297	3	20.41
3171	103	3	15.98
101	727	16	71.81
197	114	5	5.73
102	3986	3	18.15
364	168	4	23.52
268	107	6	9.73
249	113	8	22.56
119	102	67	66.16
1574	14	5	15.49
189	125	6	14.66
162	143	4	7.65
1350	103	3	9.54
102	346	6	8.72
1692	14	4	11.23
101	1951	6	28.47
104	3423	3	18.47
357	154	3	14.19
1363	12	3	8.35
259	891	3	28.4
2681	103	4	22.61
819	103	4	10.49
661	106	4	10.84
204	189	3	12.32
150	319	3	12.95
101	1386	3	5.97
130	219	3	6.39
169	194	10	55.67
126	1269	3	19.26
114	315	5	12.79
632	120	4	19.33
200	21	3	5.59
102	1693	4	18.01
149	431	6	40
110	150	28	71.2
101	3030	4	19.94
790	103	10	46.84
144	3857	3	31.19
1900	14	3	7.26
971	14	4	5.97
104	174	14	11.83
103	4152	3	22.61
170	110	8	7.97
1656	12	3	9.51
365	143	4	19.11
296	109	5	10.06
588	129	3	14.17
1837	120	3	19.9
154	151	3	4.75
718	165	4	30.3
1782	112	3	16.96
292	14	10	6.01
707	12	3	4.46
117	1559	3	17.64
2485	121	3	23.19
127	360	3	10.25
102	4567	3	22.6
130	118	8	4.53
103	151	29	38.03
130	179	5	10.92
103	209	9	7.59
114	253	5	10.31
362	120	5	19.02
119	743	6	35.77
159	108	28	68.1
109	292	6	13.87
947	14	6	13
141	533	3	15.28
177	156	4	11.63
2777	103	3	15.98
104	360	4	4.05
187	108	8	8.78
954	2898	3	48.69
117	362	4	11.59
226	119	4	7.86
1618	103	6	31.96
1123	110	3	12.52
4912	109	3	27.16
166	104	19	21.96
200	134	3	5.95
126	464	3	12.36
137	175	3	4.46
1079	109	3	12.41
276	209	4	24.85
143	573	3	16.06
110	463	12	61.58
1546	112	4	24.39
117	281	11	45.81
217	339	16	161.01
220	142	6	23.85
843	103	7	27.48
1115	14	4	6.89
2	117	9	5.64
210	105	6	3.88
102	2594	4	22.59
101	1194	3	5.1
781	124	3	15.15
626	333	3	28.23
158	207	3	9.52
119	410	3	9.05
1882	2477	3	52.36
902	103	5	16.44
889	12	3	5.68
1445	108	6	37.21
1853	9	4	34.49
104	3351	4	30.57
107	420	4	7.99
12	132	45	42.66
1012	112	5	27.51
12	197	43	126.53
101	993	12	54.43
120	273	3	6.29
101	941	16	87.06
360	108	4	7.35
101	874	5	10.45
260	107	5	6.37
122	101	54	6.96
172	114	6	5.41
117	940	4	20.81
560	153	7	53.77
111	347	3	5.15
104	1044	7	31.97
107	303	7	15.22
101	686	10	29.86
110	2547	3	19.02
101	789	5	9.48
229	130	4	11.58
373	14	12	16.71
101	1888	5	20.76
109	2398	4	28.63
124	135	7	6.86
101	2068	7	43.49
108	384	15	68.48
906	101	4	6.67
142	278	3	10.16
320	114	13	58.72
175	107	8	5.36
112	173	11	20.15
769	175	4	31.96
119	206	4	6.78
101	3325	4	24.85
101	3401	4	24.85
211	103	11	12.85
178	357	4	24.67
802	14	4	4.54
101	2629	3	10.6
463	14	15	37.14
116	182	7	11.59
101	2425	5	25.75
1400	1512	6	105.6
831	14	6	11.71
132	501	4	21.29
107	258	7	12.64
467	104	6	13.83
106	751	3	7.18
167	296	3	13.99
101	2170	3	9.44
104	839	4	11.26
2775	133	3	27.92
1630	14	4	10.25
1281	12	4	12.91
3149	121	3	24.77
103	4257	3	22.61
158	106	22	31.54
108	294	6	12.2
115	155	7	5.09
190	733	6	55.86
557	194	5	41.3
1460	116	4	25.06
469	102	5	9.62
104	1465	4	16.46
128	678	3	15.14
269	104	9	14.72
305	209	9	73.74
154	167	3	6.11
174	150	3	6.39
114	355	3	5.87
1179	14	5	11.56
169	546	3	19.02
101	1135	8	31.14
111	2493	3	19.51
101	445	17	52.21
220	168	5	23.75
4908	153	3	37.37
337	151	3	13.62
101	2735	4	19.94
101	3074	4	19.94
386	101	11	18.06
104	452	6	13.54
855	14	4	4.85
2868	103	3	15.98
101	277	14	18.26
1346	14	3	4.81
4400	3394	3	66.77
491	135	4	21.43
102	968	8	37.2
1444	106	7	42.41
473	12	4	4.83
114	156	13	21.47
102	909	4	11.28
218	133	3	7.13
102	1086	4	13.25
1317	14	5	13.28
265	14	20	28.65
130	195	3	4.97
3220	313	4	62.06
697	124	3	14.61
3278	1402	4	78.3
528	107	3	6.07
102	1978	4	19.23
149	147	4	6.69
1237	14	3	4.38
191	945	4	35.83
126	176	6	13.44
251	567	3	25.08
186	440	4	28.02
2034	108	4	23.83
101	504	15	47.24
683	103	3	5.29
128	5338	3	33.31
301	797	3	29.03
109	1272	5	28.13
110	366	21	118.71
104	153	16	9
183	104	18	25.99
150	372	4	21.4
102	2632	3	14.42
104	1518	3	11.02
522	2803	5	85.28
2701	368	3	39.67
282	14	14	13.75
808	106	4	12.54
262	152	13	88.78
2139	14	3	8.16
2427	103	4	22.61
567	103	29	204.04
103	430	5	8.55
2820	103	4	25.19
179	14	52	87.81
1771	12	3	10.22
102	888	5	16.43
130	150	4	4.26
231	118	5	12.32
127	141	7	9.18
110	1558	4	23.03
104	1263	6	28.22
105	609	4	9.96
104	402	7	15.17
160	235	5	23.94
160	163	18	100.67
121	202	4	6.71
102	1722	3	11.43
2925	14	3	10.76
800	103	4	10.49
354	394	7	70.94
3160	12	3	14.71
101	2432	3	10.6
216	145	3	8.14
110	802	6	29.75
152	555	4	25.79
104	1082	3	8.45
381	108	4	7.73
104	4268	3	22.93
148	244	3	10.32
113	1841	3	17.05
125	193	3	4.02
107	188	14	25.71
411	118	3	9.01
2384	2375	6	134.22
138	101	107	192.72
45	1887	3	44.84
113	1078	3	13.6
112	101	201	204.71
114	689	4	16.42
109	904	6	30.92
158	182	4	12.26
2611	14	3	9.29
158	121	9	17.06
681	127	3	15.05
145	113	9	5.84
104	3377	3	18.47
253	136	3	8.96
110	5515	3	27.27
1473	109	3	14.45
101	1778	4	12.94
115	272	8	24.76
307	183	3	15.7
342	111	3	5.07
168	311	3	14.44
109	3643	3	22.69
120	113	15	5.68
432	146	3	14.39
132	196	3	5.58
12	107	98	14.98
85	114	4	9.5
186	896	3	24.21
110	877	3	11.04
122	187	6	12.38
101	2355	3	10.6
110	980	3	11.73
109	1662	4	23.96
351	14	8	5.11
1469	14	5	14.31
345	529	4	38.72
235	125	10	43.9
107	474	3	5.49
271	143	4	15.77
126	699	5	30.98
101	918	12	52.2
1097	103	5	19.06
134	210	3	6.81
239	471	3	23.37
152	317	4	19.62
315	102	5	4.79
1368	14	3	4.81
546	110	3	7.81
587	14	5	4.63
2937	106	3	17.63
2196	115	4	28.63
155	7	5	5.67
1874	1510	3	48.47
108	566	3	7.13
164	101	68	146.44
127	675	3	15.05
184	102	10	5.86
1070	101	4	8.46
249	222	4	24.83
2423	2093	3	53.39
105	155	17	15.46
197	101	17	10.37
101	2595	3	10.6
57	126	12	55.3
110	774	8	44.21
116	207	6	11.87
554	14	7	9.56
107	172	14	19.83
157	158	4	9.04
107	125	21	9.4
101	816	5	9.48
949	103	5	17.03
101	606	11	32.39
148	261	8	44.63
110	4664	3	27.27
997	399	3	33.14
1468	12	4	14.42
104	490	11	40.87
101	5143	3	18.64
133	299	6	28.08
1193	14	3	3.99
1861	12	3	11.03
226	108	6	7.94
1481	103	5	22.81
106	388	15	60.34
341	116	3	6.46
166	123	5	6.71
102	1631	3	10.71
251	104	12	23.79
544	114	3	8.94
295	209	10	83.38
873	104	3	7.06
113	419	7	27.75
101	1372	5	15.41
113	343	5	13.9
1584	138	4	33.11
144	157	8	23.03
104	1112	8	40.73
104	1170	5	20.36
680	125	5	29.49
404	103	16	60.28
150	189	5	17.64
459	121	7	37.11
983	1373	4	58.9
869	14	4	5.2
8	1600	3	21.88
102	2583	3	14.42
3194	14	5	28.77
118	195	4	5.39
1552	103	3	10.72
136	190	3	5.61
101	1253	3	5.51
525	113	3	8.66
166	545	4	27.68
331	146	4	18.31
126	340	4	15.23
3086	109	3	20.48
104	156	14	6.42
110	383	4	9.05
3505	121	4	41.97
112	403	6	20.96
1751	106	4	20.2
973	105	4	13.97
101	1616	3	7.06
2312	551	3	41.8
674	103	6	18.56
108	151	22	39.33
2108	153	6	69.06
1263	109	6	36.54
345	368	3	24.2
273	128	3	8.06
110	1036	5	25.82
201	108	14	31.71
107	360	7	18.66
212	110	32	147.87
1365	103	3	9.54
1042	105	3	9.07
12	396	6	8.52
176	167	3	8.06
126	4293	3	33.23
121	4566	3	31.48
310	104	7	10.61
1080	109	4	19.06
116	262	3	4.61
104	926	5	17.52
816	107	4	14
268	179	4	21.39
142	146	8	18.38
101	3368	3	14.23
119	219	3	4.15
189	14	47	83.86
103	637	4	8.85
373	115	3	6.3
106	1855	3	13.88
3786	103	3	18.16
1736	14	4	11.23
102	2141	3	13.23
2973	106	3	17.63
479	14	6	5.09
127	158	7	13.7
258	103	6	5.06
150	130	12	34.95
127	112	12	5.57
101	1571	5	17.66
102	937	3	7.08
102	878	3	6.78
288	124	8	35.36
1249	815	4	56.22
121	101	236	530.25
143	138	13	37.86
322	124	3	8.57
272	137	9	47.97
8	387	3	11.33
2118	2511	3	53.39
110	330	5	11.62
715	287	4	39.35
123	130	26	69.89
114	3847	3	24.05
105	646	3	6.28
1956	112	5	36.65
104	303	5	4.76
117	245	29	170.92
296	120	9	39.62
13	126	6	15.85
655	104	3	5.35
106	198	16	30.82
12	717	4	7.97
230	170	4	18.5
149	161	3	5.47
285	114	3	4.27
149	107	70	267.18
101	1104	3	4.73
275	244	7	56.22
163	222	3	11.08
193	394	6	45.81
646	108	14	86.35
2	12	46	43.91
101	4138	3	18.64
590	127	8	54.67
858	106	7	31.25
118	135	19	40.38
186	1343	3	27.28
101	1331	4	10.31
101	1271	5	14.47
1109	12	3	7.01
237	508	4	34.29
303	106	8	16.61
113	154	9	9.14
532	127	3	13.18
109	501	3	7.38
2	216	5	16.09
1050	107	3	10.4
110	1122	8	52.17
490	116	3	9.36
104	1481	4	16.46
556	446	3	29.9
117	311	9	36.46
117	260	4	8.24
217	161	12	75.58
309	102	10	20.48
149	148	3	4.08
126	283	3	8.18
101	461	5	4.31
1495	14	5	14.31
251	148	8	43.73
939	103	4	11.73
13	590	3	21.86
113	1160	4	21.3
519	119	3	11.04
117	395	3	7.61
207	188	3	12.37
104	393	16	60.42
965	107	3	10.03
571	111	5	19.41
1262	107	3	11.71
150	225	3	9.93
1175	120	3	16.86
440	140	4	20.8
193	244	7	46.38
179	112	21	67.41
101	1482	5	16.46
148	2017	3	26.11
833	108	7	35.38
169	106	15	17.28
124	741	3	14.87
101	1526	4	11.94
450	110	3	6.75
119	264	3	5.79
104	1786	3	11.73
742	103	4	9.78
119	133	20	44.66
512	136	4	21.72
103	724	4	9.78
388	107	3	3.95
101	651	7	14.94
311	153	7	42.02
125	21	6	4.05
167	534	4	27.43
773	103	12	60.63
254	110	7	16.08
181	119	9	22.01
104	1077	3	8.45
267	108	4	4.59
760	12	4	8.62
1199	14	3	3.99
111	378	3	5.6
105	241	5	3.91
117	1075	3	14.91
197	319	3	17
398	132	3	12.07
122	275	5	15.57
2812	461	3	43.39
120	300	5	16.31
106	691	6	22.23
284	361	10	100.42
321	123	4	12.76
16	140	4	4.05
12	246	9	9.16
271	111	5	9.93
101	1845	3	7.73
215	116	19	81.37
115	338	6	18.93
102	340	6	8.56
516	268	4	35.52
106	3229	3	19.83
480	12	4	5
110	1750	3	15.94
164	454	3	17.7
5515	14	3	17.26
101	847	7	18.79
106	1065	6	28.72
102	1228	9	51.96
297	109	5	10.06
12	426	14	45.55
101	2492	3	10.6
1880	105	3	13.63
1367	106	3	11.11
211	108	6	6.68
104	1793	4	18.42
198	110	5	4.31
101	2118	5	22.87
106	1682	6	37.24
318	111	3	4.45
175	104	16	16.76
124	118	21	34.9
228	214	3	15.47
103	806	4	10.49
443	244	5	43.92
189	140	3	5.99
215	111	4	3.86
275	772	3	27.95
129	219	21	123.25
144	1031	3	20.31
194	109	10	18.7
1760	12	3	10.22
110	1833	6	43.16
109	955	9	58.19
128	186	4	7.43
128	228	3	6.66
1041	14	5	10.17
108	119	90	220.18
102	3057	3	15.97
1122	14	7	20.48
104	846	6	22.04
5190	106	3	24.29
351	115	5	14.35
111	208	7	12.26
111	150	10	9.67
1778	103	6	33.91
245	127	11	54.05
101	892	12	50.2
471	114	3	8.14
120	224	3	4.71
564	102	4	7.33
12	123	51	27.31
476	2478	3	41.96
271	116	10	38.26
132	146	5	6.25
629	111	4	14.83
220	113	26	122.32
887	131	4	26.38
117	193	6	10.21
649	163	6	49.38
104	188	9	5.07
101	2669	4	17.4
170	155	3	6.38
110	410	7	24.65
104	336	9	19.77
143	344	3	12.1
230	137	3	8.13
1	7	8	20.34
101	385	16	37.9
913	12	3	5.98
101	596	20	89.2
282	115	5	11.44
102	768	6	20.17
102	819	3	6.22
102	648	4	8.84
144	387	9	59.11
336	542	7	76.62
101	1148	7	24.73
101	1352	3	5.97
141	267	3	9.83
118	102	61	49.57
375	104	4	4.27
150	113	12	16.75
109	196	13	30.34
179	115	6	6.67
1220	12	4	12.91
1827	14	5	16.87
252	106	5	4.7
144	187	13	62.71
101	1405	6	22.58
143	12	27	14.28
1859	14	3	7.26
101	266	22	44.29
110	2894	3	20.59
519	108	3	6.62
1841	105	3	12.8
399	163	4	23.84
104	589	4	8.41
272	302	3	20.43
131	210	5	15.59
2435	134	4	38.58
563	104	6	16.12
143	258	7	34.43
101	2984	4	19.94
1670	1350	4	65.08
123	154	11	24.75
150	154	9	31.79
313	106	4	4.05
101	1388	3	5.97
101	1440	5	16.46
103	210	15	25.09
218	120	5	11.55
101	1237	4	9.63
136	155	4	5.56
102	669	4	9.14
7	181	5	9.16
3250	12	3	16.89
101	2729	4	19.94
1274	930	3	41
344	147	4	19.04
559	14	7	9.56
1258	103	5	20.74
2179	103	3	13.24
101	4752	3	18.64
153	434	5	31.55
101	547	14	43.75
156	188	3	7.87
101	471	14	39.18
106	155	26	42.45
137	284	3	9.68
101	428	9	14.54
101	368	26	88.18
12	849	13	66.95
112	1719	3	16.96
111	109	37	18.48
111	235	4	5.14
122	111	15	4.69
109	1811	3	15.84
101	2144	3	9.44
216	431	4	30.76
126	715	4	22.84
107	407	4	7.7
102	1436	3	10.09
201	119	4	5.93
2603	103	3	14.43
449	115	3	7.78
317	812	3	29.47
129	133	29	107.27
168	119	5	5.73
102	299	5	4.3
1221	14	3	4.38
158	212	4	15.1
119	349	3	7.9
101	3546	4	24.85
4073	4169	3	71.27
531	12	4	5.55
214	812	3	25.57
880	14	4	5.2
112	275	3	3.93
129	383	5	23.04
1339	14	5	13.28
5280	165	3	38.89
859	105	4	12.62
106	1731	9	72.89
106	1671	3	13.05
107	156	19	27.68
241	133	8	37.42
332	119	6	22.82
786	233	6	63.11
101	681	13	47.26
366	130	3	10.82
197	116	10	25.87
105	338	6	10.87
102	3984	3	18.15
101	2399	4	17.4
101	4649	3	18.64
648	121	3	13.12
9	127	7	7.06
1629	12	3	9.51
57	117	4	6.08
106	885	4	13.36
806	136	5	35.06
125	118	55	190.05
176	104	11	6.4
125	280	4	12.27
121	2077	4	32.44
3261	1310	4	77.45
246	123	5	14.57
2948	240	3	37.65
124	326	8	38.75
124	209	4	8.48
101	1947	3	8.51
542	103	13	54.7
119	122	10	4.4
158	133	7	16.53
298	110	4	6.74
139	119	7	4.95
3771	103	3	18.16
108	250	16	55.61
178	189	5	22.14
178	139	4	8.66
165	761	4	31.06
3782	12	3	16.89
696	106	4	11.47
106	2059	3	14.87
113	609	3	9.78
115	224	8	20.04
201	109	5	4.4
107	540	5	15.19
12	262	17	38.63
120	256	4	9.86
188	133	11	45.77
134	208	5	15.8
161	167	4	11.26
101	2190	5	22.87
104	672	12	57.69
260	218	4	24.87
104	597	8	27.91
2569	103	5	32.33
1835	115	3	17.25
101	414	29	119.36
739	110	4	15.52
296	121	4	11.49
121	344	3	8.26
266	107	5	6.55
832	116	8	52.05
152	710	3	19.33
221	113	5	7.87
275	103	18	51.96
496	14	6	5.56
101	1315	9	42.7
101	1255	7	26.1
3117	103	3	15.98
610	14	12	32.67
1842	105	5	27.84
103	192	13	13.74
110	1469	7	49.32
159	124	6	9.4
1535	118	3	18.66
164	611	3	19.75
1522	116	7	56.76
127	113	11	4.28
187	124	7	18.37
104	496	14	59.89
104	345	9	20.32
102	5463	3	22.6
638	104	6	18.65
101	245	57	226.71
110	2989	3	20.59
341	288	3	21.81
117	2786	3	23.05
257	522	14	165.6
776	14	8	18.82
316	106	5	6.86
837	14	9	25.54
101	3059	3	12.09
2083	124	4	33.81
101	260	43	148.3
101	311	26	73.27
501	153	5	33.73
343	141	5	24.9
106	1124	6	28.72
2539	105	3	15.83
204	243	4	23.07
279	143	4	15.95
103	3028	3	15.98
109	148	11	9.05
193	297	3	16.23
248	115	6	13.97
269	121	3	6.38
340	103	6	8.58
690	105	4	11.15
2041	106	3	13.88
7	249	7	26.64
808	104	3	6.5
1963	258	3	34.38
190	101	39	70.89
588	111	3	8.79
552	8	3	14.34
230	16	4	13.8
12	602	15	67.31
1140	101	4	9.02
103	1133	3	8.58
382	118	3	8.33
101	462	8	12.97
291	12	6	4.63
1628	14	5	15.49
337	135	3	11.19
101	1075	4	8.46
2593	409	3	40.51
4569	14	3	17.26
106	734	6	22.78
2757	12	5	35.55
102	1455	3	10.09
12	105	170	74.5
201	208	10	68.39
110	938	11	76.14
172	141	5	12.15
1325	140	4	31.78
161	146	3	4.4
530	102	4	6.91
351	113	3	5.67
111	194	28	112.7
400	5296	3	48.57
104	1989	3	12.56
109	4	3	11.27
139	21	5	4.86
102	3139	3	15.97
108	163	9	6.9
384	113	3	6.23
110	3490	3	22.8
124	413	5	22.71
236	110	5	7.54
129	247	15	85.38
101	1920	4	14.13
124	108	16	4.33
263	14	13	9.8
115	524	7	32.64
3137	14	3	10.76
1604	531	3	38.76
1098	116	8	58.17
142	104	35	42.23
104	974	7	30.91
106	2329	3	16.08
104	899	3	7.06
116	104	46	13.94
899	111	3	11.51
148	162	5	13.02
125	195	3	4.08
229	14	33	66.32
126	991	5	34.89
126	872	3	16.78
654	103	3	5.09
138	110	12	7.01
617	560	3	32.3
877	14	7	16.66
205	140	9	39.79
128	227	6	20.89
1362	101	3	5.97
108	118	22	6.66
106	2089	3	14.87
101	1711	6	26.1
924	14	4	5.57
5485	14	3	17.26
194	108	6	4.9
129	122	18	33.64
223	150	4	15.3
3887	103	3	18.16
101	891	6	14.77
101	1100	5	12.89
12	176	15	9.62
1895	105	3	13.63
2176	14	3	8.16
12	122	481	2353.89
102	1588	4	16.96
149	700	4	28.17
104	778	5	15.38
171	354	3	15.87
117	847	3	13.09
105	543	3	5.03
586	107	3	6.75
560	556	3	31.45
116	219	4	5.84
315	446	3	25.15
110	817	6	29.75
111	459	3	7.32
105	175	10	6.54
684	102	3	5.28
101	773	21	122.48
202	167	4	15.62
157	189	5	18.28
102	1153	3	8.57
1078	105	4	15.05
157	139	4	5.99
107	152	11	6.68
107	252	7	12.38
1764	103	4	18.02
1155	105	3	9.89
124	119	12	10.32
2920	14	3	10.76
112	228	7	15.92
135	202	3	6.31
112	186	9	16.55
102	515	6	14.49
769	115	3	11.4
101	3391	3	14.23
101	5430	3	18.64
102	2698	3	14.42
317	404	7	69.18
103	102	211	141.02
615	111	3	9.19
237	272	7	55.6
1558	14	4	10.25
105	729	3	6.96
110	160	16	28.8
133	132	6	7.19
327	115	3	5.42
101	3000	4	19.94
121	269	4	10.57
483	1147	3	35.9
101	193	15	6.41
131	102	39	39.69
126	308	7	32.36
257	101	11	8.74
126	107	133	502.31
403	111	3	6.1
126	161	6	11.19
685	3004	3	46.19
276	102	8	11.31
106	113	45	14.32
117	266	3	4.84
111	713	3	10.1
104	335	15	47.64
104	268	9	14.55
102	2615	3	14.42
117	1405	3	16.98
221	130	3	6.56
110	1250	3	13.44
102	769	3	5.97
190	173	12	72.06
247	102	11	18.71
101	1201	3	5.1
136	113	10	5.71
101	1353	9	42.7
104	1486	3	10.39
2	126	17	42.87
109	484	5	16.67
210	107	12	24.96
101	1304	8	34.8
190	137	24	142.18
218	364	3	19.8
342	643	3	28.87
693	9	6	41.48
5188	9	3	34.16
539	108	19	120.9
13	171	10	55.76
101	472	18	61.12
1127	103	5	19.06
149	283	4	18.16
110	398	12	54.85
451	109	4	11
3073	170	3	32.52
105	1029	3	9.07
182	107	8	6.79
255	183	3	14.23
160	267	5	25.74
182	410	3	18.06
117	428	3	8.43
153	183	3	7.24
105	843	3	7.75
491	119	3	10.71
200	132	3	5.8
103	1406	3	10.09
148	635	3	17.94
289	1738	3	34.38
508	202	3	21.52
580	139	6	40.26
195	160	3	8.78
101	1493	6	22.58
379	215	3	19.84
144	288	9	51.27
573	14	13	34.73
101	3680	3	14.23
140	324	4	17.18
1150	101	7	24.73
102	2275	7	52.75
784	116	6	34.18
189	128	3	4.41
12	1283	6	25.12
135	237	5	18.83
175	146	10	39.76
101	1898	5	20.76
124	194	4	7.2
101	2002	4	14.13
108	581	4	11.93
164	186	5	19.46
102	2649	3	14.42
1217	105	3	10.36
1567	112	4	24.39
123	761	3	14.49
724	12	5	12.5
239	108	11	28.78
9	14	123	178.77
381	192	4	26.66
5448	103	3	22.61
745	103	17	102.07
116	133	10	7.69
116	339	10	44.82
101	4574	3	18.64
102	1180	4	13.85
627	102	4	8.56
107	111	63	51.29
101	621	4	4.08
110	4527	3	27.27
533	120	3	11.34
126	714	3	15.31
1	58	4	30.52
132	246	5	18.66
349	101	17	38.63
101	979	5	11.57
106	827	5	18.52
134	277	4	14.73
101	2263	4	15.57
1942	14	3	7.26
109	1630	6	40.96
102	2957	3	15.97
1578	103	3	10.72
117	1897	3	19.24
205	174	9	52.32
788	541	3	33.94
3434	131	3	29.88
763	102	4	10.12
391	102	4	4.18
996	104	3	7.7
155	352	4	21.01
145	338	3	12.2
101	1642	4	11.94
337	109	4	7.93
116	887	4	20.05
3247	3321	4	92.72
326	111	3	4.67
296	105	5	5.89
101	481	18	62.34
933	14	5	9.01
382	145	3	13.03
101	362	21	59.62
149	176	9	38.23
126	147	6	7.54
1	2	3	4.26
732	259	3	27.17
336	587	3	27.76
552	12	4	5.95
317	301	3	21.71
102	608	6	17.14
186	1109	3	25.77
727	785	12	191.27
665	12	4	7.67
110	1332	4	21.26
140	146	9	21.98
127	224	4	10.45
101	1374	9	42.7
130	119	11	11.23
169	133	3	3.88
4099	2725	3	64.54
102	920	4	11.72
1416	103	4	16.06
703	106	3	6.95
179	139	4	8.7
288	108	10	28.6
717	130	3	15.79
2044	14	3	7.26
101	281	40	140.17
121	186	8	20.33
1159	14	4	7.42
121	228	6	17.6
624	255	5	49.08
133	219	3	7.18
101	2974	4	19.94
585	102	3	4.36
105	707	3	6.72
191	2555	3	32.82
427	107	5	12.42
510	114	3	8.61
12	2307	5	27.29
207	111	7	12.26
102	1319	4	15.23
107	101	138	12.17
101	790	17	85.57
125	102	38	22.25
1008	106	3	9.31
105	199	7	4.31
16	59	4	39.77
57	171	3	11.45
630	14	6	8.35
102	4890	3	22.6
102	4814	3	22.6
183	893	3	23.86
119	160	7	10.09
119	106	29	8.91
104	1806	4	18.42
162	205	3	10.09
3399	3330	3	62.27
12	1288	3	7.86
101	2067	3	9.44
102	308	8	13.23
101	1753	3	7.73
574	153	30	367.55
603	104	4	8.41
145	129	5	4.9
278	130	3	8.56
108	192	8	9.46
356	14	10	10.05
178	154	10	46.5
909	106	3	8.28
188	206	10	65.55
134	192	3	5.57
1433	14	3	5.3
398	105	5	9.2
104	791	3	6.5
101	2258	3	9.44
1156	115	3	14.24
122	303	3	7.23
426	250	3	22.7
12	278	11	17.68
117	2462	3	21.48
104	4582	3	22.93
101	992	3	4.08
148	384	14	110.53
467	146	4	22.32
101	940	8	25.89
471	140	5	29.36
104	705	3	5.77
110	855	8	46.09
172	129	8	21.66
407	111	6	20.2
104	2559	5	32.85
132	148	4	4.38
271	125	3	7.42
235	143	4	14.2
12	182	18	18.75
502	127	3	13
1102	103	3	8.16
145	184	3	6.13
817	14	6	11.14
102	323	16	49.82
168	135	3	3.95
414	14	7	5.35
945	106	3	8.6
128	173	4	6.08
178	113	9	15.2
104	1973	3	12.56
839	111	3	11.19
108	124	50	91.74
560	1113	3	36.35
555	104	3	4.3
142	120	7	6.05
103	665	3	5.29
155	261	3	11.68
124	177	29	150.58
102	458	31	194.58
189	130	4	8.23
1045	106	3	9.31
1538	14	3	5.86
114	814	4	17.89
908	115	3	12.3
125	145	11	21.92
806	108	3	9.35
1509	14	3	5.86
2442	14	3	9.29
12	432	5	6.84
101	2562	3	10.6
392	116	5	17
57	216	4	22.22
117	889	3	13.41
102	1780	3	11.43
186	214	9	57.54
633	102	3	4.89
166	146	3	4.84
106	494	8	27.64
117	445	4	13.98
153	337	3	13.68
272	110	6	12.99
110	167	47	194.29
104	587	7	21.92
1815	165	7	81.33
102	2249	5	29.39
368	103	5	6.51
1482	103	4	16.06
1194	14	3	3.99
101	3914	3	14.23
243	110	5	7.95
299	174	3	14.6
159	208	4	15.16
114	111	27	10.89
4000	313	3	46.5
379	113	3	6.23
101	1543	4	11.94
106	1108	6	28.72
154	104	17	11.22
12	2005	3	11.03
144	452	5	29.53
114	354	3	5.87
303	123	4	12.11
101	1210	6	19.98
102	2430	3	14.42
150	493	3	16.76
1028	110	3	12.11
182	147	3	6.15
3189	14	3	10.76
700	115	4	16.85
117	277	3	5.13
104	334	32	158.84
110	416	23	144.73
1410	106	3	11.68
571	12	4	6.16
101	3833	3	14.23
140	218	3	7.67
114	116	21	9.38
1240	109	8	55.24
112	808	14	105.59
101	1420	6	22.58
237	141	9	46.31
580	113	4	14.77
361	120	5	19.02
224	1	3	12.31
144	1474	5	44.37
1299	313	3	33.01
316	105	6	9.62
454	106	3	4.41
147	119	8	9.06
815	103	3	6.23
291	110	8	22.85
104	252	9	13.53
3628	103	3	18.16
110	470	19	120.63
104	152	15	7.22
1153	109	4	19.69
331	104	8	15.4
156	111	7	4.05
5103	120	3	31.29
113	214	16	56.89
163	8	4	5.97
712	102	3	5.5
1071	14	4	6.89
117	1421	3	16.98
109	567	23	173.29
119	1089	3	16.11
109	396	3	5.49
145	158	4	6.95
104	3196	3	16.28
129	160	10	27.62
651	14	5	5.75
264	268	5	37.21
380	2104	7	113.05
128	101	148	284.26
405	104	4	4.98
626	157	4	27.7
122	138	9	10.26
109	1783	4	23.96
111	136	11	6.15
106	677	6	21.7
120	112	14	4.15
120	158	10	20.24
101	966	6	16.21
12	233	30	92.13
167	7	4	4.62
101	653	15	58.8
185	423	3	18.7
120	409	3	9.34
176	148	4	10.1
202	121	5	10.27
1484	14	7	26.32
366	14	13	19.52
2069	103	4	20.73
2990	165	3	32.16
181	124	12	41.38
146	131	5	6.13
392	157	3	14.93
254	101	15	18.7
110	682	7	34.39
171	173	4	13.04
119	278	3	6.15
339	324	3	22.98
105	1504	3	12.07
401	14	7	4.77
2628	14	3	9.29
1000	12	3	6.64
2957	103	3	15.98
538	3367	3	46.66
388	105	5	8.86
135	137	5	5.29
769	14	4	4.24
489	127	3	12.83
102	4687	3	22.6
320	112	7	22.28
8	1853	4	34.34
104	1837	3	11.73
209	107	6	5.58
101	1882	8	49.71
157	113	18	39.47
202	131	8	30.4
786	123	8	57.13
165	3569	4	51.87
2011	103	3	12.26
116	148	8	7.37
325	130	3	9.86
116	206	5	8.36
2527	14	3	9.29
117	606	3	11.04
4532	12	3	21.33
2029	112	5	36.65
117	816	3	12.78
825	108	3	9.64
328	12	7	8.89
122	125	14	17.21
1232	103	5	20.74
315	103	5	4.8
453	108	3	5.76
104	2385	5	32.85
120	155	11	23.2
135	370	3	11.9
793	1344	3	40.55
194	136	5	14.28
103	1090	3	8.16
115	284	3	4.27
101	1626	3	7.06
1165	101	3	5.1
178	130	7	19.45
4787	106	3	24.29
103	2374	3	14.43
918	12	3	5.98
466	418	3	27.95
247	2	3	8.33
113	14	109	11.15
122	5203	3	31.52
215	643	3	24.26
154	133	4	5.36
2977	14	3	10.76
518	101	18	66.31
110	1199	5	27.4
743	107	3	8.24
118	194	4	5.39
117	1508	5	35.81
2457	136	5	52.62
196	214	5	26.92
104	111	76	39.76
326	116	6	19.92
123	523	3	11.84
117	163	5	3.92
111	680	6	28.37
410	121	5	20.85
1176	14	5	11.56
13	117	15	49.63
144	1246	5	42.21
203	180	5	23.85
514	106	5	12.84
865	108	3	9.95
1598	103	3	10.72
121	110	46	79.32
187	179	3	10.13
101	3105	3	12.09
109	1573	4	22.89
694	124	6	38.2
764	244	3	27
159	118	6	6.8
109	104	133	152.99
177	116	43	217.9
257	4163	3	44.96
106	1144	6	29.75
101	1509	4	11.94
101	1577	4	11.94
854	14	5	8.02
102	939	4	11.72
144	236	3	9.08
