7262	1
6164	2
8843	3
84	4
818	5
7585	6
5735	7
1993	8
8801	9
8609	10
9062	11
5214	12
4256	13
2977	14
2563	15
5788	16
1037	17
9654	18
3977	19
8561	20
3013	21
3378	22
6090	23
4978	24
1669	25
4676	26
6055	27
21	28
6752	29
1775	30
7348	31
6438	32
9472	33
7371	34
5274	35
7993	36
4564	37
1106	38
6189	39
7185	40
5246	41
1969	42
5659	43
3543	44
3191	45
4480	46
9794	47
8382	48
6172	49
1194	50
7329	51
3195	52
7745	53
8538	54
6447	55
1312	56
3413	57
4452	58
1904	59
6795	60
59	61
6105	62
5079	63
2310	64
1841	65
6515	66
7128	67
9721	68
8041	69
8508	70
500	71
1569	72
6420	73
1412	74
5806	75
1784	76
8196	77
3686	78
8212	79
3774	80
6845	81
2765	82
3815	83
1963	84
4906	85
2397	86
2858	87
1220	88
4019	89
7304	90
3673	91
5945	92
3971	93
4230	94
8560	95
8535	96
7936	97
4270	98
3863	99
4688	100
3031	101
3314	102
1863	103
4914	104
3508	105
9185	106
5026	107
7662	108
6252	109
939	110
5350	111
2675	112
5366	113
329	114
5379	115
7165	116
2220	117
4816	118
6548	119
137	120
7688	121
10	122
8888	123
8967	124
5944	125
7152	126
4926	127
3139	128
7024	129
1638	130
9780	131
4002	132
6857	133
9838	134
3927	135
4894	136
2057	137
592	138
810	139
1211	140
8432	141
2034	142
6243	143
91	144
8519	145
1280	146
7251	147
1900	148
5193	149
8869	150
4325	151
5048	152
8321	153
1513	154
1712	155
1687	156
1868	157
9411	158
1362	159
2053	160
8458	161
4793	162
4595	163
139	164
3264	165
7493	166
9687	167
7153	168
5018	169
837	170
7929	171
1229	172
6176	173
5418	174
4095	175
7848	176
50	177
6408	178
3833	179
8988	180
2383	181
7020	182
1277	183
1736	184
678	185
579	186
6633	187
4856	188
3358	189
9742	190
5034	191
6689	192
6116	193
6109	194
1644	195
1989	196
3574	197
6377	198
6403	199
7263	200
5993	201
8013	202
5864	203
494	204
9410	205
7056	206
3664	207
5683	208
7270	209
4773	210
8697	211
7177	212
8278	213
4033	214
9158	215
7509	216
84	217
4512	218
7515	219
2824	220
174	221
3884	222
1361	223
6810	224
866	225
8753	226
7150	227
4475	228
1897	229
8859	230
40	231
4860	232
5185	233
522	234
2144	235
3987	236
4948	237
2651	238
8145	239
3269	240
3390	241
3604	242
7675	243
5554	244
9107	245
8606	246
619	247
3290	248
1532	249
2582	250
6386	251
2113	252
2590	253
457	254
6631	255
5544	256
6807	257
6659	258
57	259
8089	260
3658	261
7855	262
6816	263
1051	264
5900	265
578	266
8778	267
5876	268
5550	269
6263	270
9727	271
875	272
7795	273
557	274
1276	275
8673	276
2318	277
9601	278
571	279
5095	280
9244	281
1760	282
8018	283
8983	284
5266	285
6133	286
4791	287
660	288
923	289
9596	290
5520	291
3157	292
327	293
3840	294
743	295
8910	296
4626	297
9849	298
6582	299
7014	300
546	301
2921	302
6456	303
8590	304
5057	305
7475	306
2491	307
2678	308
6235	309
1204	310
3493	311
2956	312
3504	313
1110	314
65	315
734	316
3406	317
8657	318
4904	319
2120	320
2349	321
5615	322
953	323
7440	324
7133	325
7555	326
2981	327
9761	328
5394	329
3404	330
4758	331
6486	332
6527	333
1367	334
6646	335
661	336
4409	337
2722	338
5668	339
7727	340
614	341
2609	342
936	343
2802	344
9843	345
5003	346
8146	347
6837	348
4785	349
9630	350
944	351
9314	352
5835	353
9246	354
4225	355
7722	356
7343	357
3562	358
5774	359
4348	360
6773	361
8150	362
4694	363
4674	364
233	365
8544	366
7238	367
3527	368
4172	369
2973	370
3529	371
1252	372
4357	373
5384	374
2157	375
6425	376
6256	377
7463	378
30	379
8269	380
6169	381
1774	382
7432	383
2808	384
6359	385
6839	386
438	387
7147	388
5495	389
1617	390
6010	391
39	392
5696	393
1549	394
4062	395
97	396
697	397
4594	398
6624	399
4644	400
9353	401
5123	402
3570	403
5176	404
996	405
7187	406
4799	407
6938	408
6562	409
4275	410
9510	411
8100	412
7924	413
8289	414
6928	415
6862	416
5635	417
6761	418
1654	419
5647	420
6573	421
9824	422
287	423
4333	424
5521	425
1728	426
4353	427
8456	428
9755	429
7236	430
5787	431
896	432
3235	433
765	434
1196	435
8373	436
4527	437
672	438
232	439
3338	440
8665	441
2747	442
7889	443
8026	444
8573	445
2394	446
9565	447
601	448
7237	449
7545	450
6059	451
1008	452
9	453
3123	454
4129	455
7125	456
193	457
8758	458
459	459
8419	460
7797	461
4121	462
1631	463
6851	464
4184	465
2512	466
9165	467
284	468
3497	469
1310	470
5631	471
4381	472
3055	473
97	474
5127	475
7245	476
9506	477
8434	478
9001	479
135	480
9643	481
3973	482
461	483
1125	484
3232	485
5796	486
692	487
8810	488
8829	489
7635	490
6874	491
8597	492
6259	493
1555	494
7638	495
813	496
7315	497
5853	498
9074	499
4849	500
6300	501
2845	502
2162	503
7413	504
2664	505
32	506
9252	507
7810	508
4822	509
6883	510
2276	511
5629	512
4157	513
6205	514
6494	515
6265	516
2784	517
5061	518
4696	519
8464	520
7596	521
3453	522
4414	523
2529	524
3899	525
3698	526
74	527
4919	528
9022	529
1481	530
6135	531
6165	532
670	533
1265	534
2226	535
5434	536
8586	537
5972	538
1068	539
3525	540
4517	541
5537	542
3865	543
1026	544
8437	545
7680	546
7776	547
3916	548
299	549
4753	550
3207	551
5667	552
2421	553
2149	554
19	555
4207	556
3778	557
8053	558
8117	559
2339	560
4213	561
9005	562
3975	563
1456	564
8812	565
3921	566
4771	567
7060	568
6918	569
1563	570
3282	571
9589	572
9355	573
38	574
3081	575
6052	576
7267	577
6072	578
3199	579
6609	580
8427	581
5926	582
7584	583
9555	584
5764	585
111	586
5979	587
6701	588
1911	589
8832	590
8218	591
5281	592
7798	593
6576	594
9670	595
2863	596
9349	597
3501	598
603	599
4746	600
6975	601
8926	602
6402	603
4540	604
4630	605
344	606
8796	607
2607	608
6887	609
3187	610
8790	611
7694	612
6357	613
6516	614
3449	615
1300	616
1429	617
7713	618
1966	619
5459	620
5409	621
9031	622
4749	623
3262	624
5302	625
3245	626
8451	627
4008	628
7580	629
5533	630
9208	631
6768	632
8991	633
6144	634
3297	635
9430	636
9241	637
4881	638
9384	639
7737	640
1927	641
6620	642
1829	643
7322	644
3331	645
1658	646
4132	647
5443	648
3782	649
9286	650
8781	651
6528	652
2236	653
1754	654
7339	655
3210	656
8391	657
7172	658
82	659
9775	660
4327	661
3169	662
8183	663
8649	664
2449	665
5608	666
6299	667
1134	668
45	669
606	670
822	671
8050	672
2667	673
7742	674
2937	675
6369	676
283	677
2129	678
7298	679
374	680
2736	681
7468	682
900	683
5060	684
267	685
1075	686
1711	687
5509	688
6970	689
465	690
4539	691
5800	692
8763	693
3550	694
707	695
361	696
5158	697
1717	698
3309	699
160	700
1762	701
3428	702
9245	703
5805	704
1053	705
6800	706
6909	707
8285	708
8984	709
9527	710
4235	711
778	712
7499	713
8099	714
8692	715
8477	716
4908	717
2376	718
8863	719
4293	720
3656	721
429	722
4721	723
2998	724
7123	725
8062	726
3869	727
565	728
6691	729
1334	730
9483	731
4053	732
4508	733
3303	734
5025	735
5653	736
6249	737
8961	738
2923	739
9693	740
7788	741
3903	742
8752	743
7821	744
5518	745
8277	746
5478	747
7297	748
1390	749
7648	750
41	751
4845	752
3980	753
1365	754
2810	755
7163	756
505	757
5485	758
3968	759
5055	760
8986	761
3317	762
3097	763
3799	764
5729	765
3511	766
3935	767
2526	768
2082	769
3632	770
4903	771
1882	772
8999	773
7287	774
1602	775
9480	776
1448	777
8839	778
5778	779
3892	780
9752	781
961	782
2766	783
423	784
2006	785
876	786
3028	787
9781	788
225	789
1933	790
4911	791
1850	792
677	793
1203	794
6660	795
42	796
436	797
1991	798
1872	799
4439	800
7444	801
7542	802
9518	803
7385	804
7932	805
4952	806
7118	807
7534	808
8937	809
6477	810
7039	811
4082	812
8644	813
3396	814
2966	815
1496	816
8809	817
4596	818
2770	819
7771	820
6022	821
3294	822
8101	823
1808	824
3023	825
6201	826
1281	827
6294	828
4550	829
4987	830
910	831
2393	832
6190	833
8931	834
9099	835
6921	836
8074	837
5430	838
4858	839
2493	840
2158	841
5035	842
772	843
6335	844
5663	845
823	846
7458	847
7526	848
2229	849
1236	850
736	851
404	852
9595	853
3929	854
3472	855
2288	856
3102	857
9069	858
1759	859
8224	860
1920	861
912	862
7715	863
2706	864
1984	865
7335	866
2368	867
2475	868
3680	869
7111	870
2769	871
4693	872
1047	873
9368	874
2576	875
2993	876
5614	877
2513	878
8307	879
5827	880
2019	881
1034	882
6462	883
8739	884
682	885
5307	886
7368	887
3494	888
2878	889
8951	890
615	891
7284	892
4862	893
8348	894
8398	895
4278	896
3665	897
8055	898
5973	899
1884	900
1217	901
7775	902
6306	903
9306	904
1370	905
1152	906
7887	907
4034	908
6451	909
8942	910
4812	911
2948	912
8262	913
7268	914
4117	915
1342	916
77	917
8378	918
8637	919
6878	920
3755	921
4032	922
4722	923
6680	924
750	925
8655	926
1587	927
2584	928
7071	929
1484	930
8602	931
4859	932
9385	933
3952	934
5951	935
1542	936
3444	937
6870	938
2947	939
4048	940
1278	941
8165	942
5768	943
4198	944
889	945
8600	946
7500	947
901	948
9044	949
9199	950
7668	951
2307	952
4969	953
1769	954
4505	955
3164	956
4633	957
8782	958
3328	959
5492	960
460	961
6474	962
4682	963
5793	964
6270	965
7575	966
6690	967
6566	968
1215	969
4817	970
9174	971
8016	972
728	973
7114	974
9497	975
4966	976
8247	977
7465	978
3517	979
9169	980
4835	981
8279	982
5869	983
5273	984
18	985
512	986
8617	987
9708	988
6467	989
5545	990
9396	991
3708	992
371	993
357	994
1180	995
6391	996
3931	997
7231	998
5785	999
2608	1000
6999	1001
5743	1002
9323	1003
5661	1004
791	1005
6733	1006
8916	1007
7042	1008
1127	1009
168	1010
6623	1011
9791	1012
6183	1013
7562	1014
1151	1015
2697	1016
3046	1017
7790	1018
4423	1019
6598	1020
1044	1021
7970	1022
9600	1023
2850	1024
6030	1025
9033	1026
7968	1027
9445	1028
3077	1029
2580	1030
7362	1031
2689	1032
7621	1033
6317	1034
1525	1035
3465	1036
1420	1037
596	1038
5531	1039
8767	1040
1773	1041
8017	1042
1753	1043
6285	1044
893	1045
117	1046
7079	1047
2075	1048
2534	1049
6772	1050
8819	1051
8131	1052
710	1053
4154	1054
5217	1055
7017	1056
5817	1057
1441	1058
8532	1059
2366	1060
1187	1061
3613	1062
4337	1063
1025	1064
2864	1065
7682	1066
6305	1067
6817	1068
3996	1069
927	1070
6539	1071
492	1072
1425	1073
1562	1074
1050	1075
265	1076
5644	1077
8612	1078
6942	1079
9804	1080
7778	1081
4287	1082
6346	1083
6215	1084
2036	1085
663	1086
3403	1087
3143	1088
5982	1089
8807	1090
585	1091
966	1092
8964	1093
2703	1094
1990	1095
3745	1096
4205	1097
732	1098
6841	1099
21	1100
4686	1101
199	1102
7987	1103
2571	1104
898	1105
6000	1106
5011	1107
8640	1108
2250	1109
838	1110
8850	1111
890	1112
2704	1113
6079	1114
1709	1115
5421	1116
595	1117
8202	1118
7342	1119
9482	1120
323	1121
192	1122
4777	1123
8251	1124
3967	1125
1458	1126
4504	1127
8992	1128
6354	1129
6146	1130
4755	1131
4332	1132
22	1133
9038	1134
1046	1135
4249	1136
5009	1137
1862	1138
617	1139
1021	1140
3414	1141
3260	1142
5642	1143
3702	1144
759	1145
2896	1146
184	1147
8759	1148
6641	1149
8548	1150
3720	1151
6955	1152
9188	1153
8615	1154
9351	1155
1364	1156
2564	1157
8304	1158
867	1159
2195	1160
5628	1161
6195	1162
3412	1163
2266	1164
8516	1165
2209	1166
8911	1167
3185	1168
6953	1169
989	1170
5353	1171
9289	1172
5810	1173
5279	1174
3877	1175
366	1176
3002	1177
4829	1178
3993	1179
4432	1180
8836	1181
6715	1182
3145	1183
8405	1184
7101	1185
4186	1186
1118	1187
7495	1188
9237	1189
2035	1190
5102	1191
9053	1192
6409	1193
6739	1194
9523	1195
1307	1196
4364	1197
4232	1198
9085	1199
8339	1200
6363	1201
2084	1202
8663	1203
3340	1204
3495	1205
218	1206
2735	1207
558	1208
2412	1209
2249	1210
3463	1211
7994	1212
8827	1213
3519	1214
305	1215
7420	1216
178	1217
3298	1218
9724	1219
1649	1220
7777	1221
6082	1222
4193	1223
9240	1224
48	1225
2357	1226
5326	1227
3697	1228
1610	1229
5223	1230
4215	1231
370	1232
4962	1233
2593	1234
5738	1235
7631	1236
6759	1237
6221	1238
2051	1239
2166	1240
9521	1241
8171	1242
8310	1243
3753	1244
2708	1245
5891	1246
9850	1247
9845	1248
4395	1249
6063	1250
2072	1251
5747	1252
5706	1253
8760	1254
4640	1255
363	1256
5858	1257
2555	1258
5151	1259
8661	1260
5911	1261
4568	1262
7394	1263
8234	1264
7964	1265
9655	1266
9710	1267
8971	1268
1323	1269
4788	1270
6008	1271
5276	1272
8632	1273
26	1274
2388	1275
8442	1276
6812	1277
7697	1278
6806	1279
6441	1280
5401	1281
5361	1282
8785	1283
6572	1284
1978	1285
5339	1286
2210	1287
1182	1288
2781	1289
8703	1290
5567	1291
2386	1292
9101	1293
6421	1294
6423	1295
3455	1296
2894	1297
6537	1298
4838	1299
2403	1300
2010	1301
1945	1302
9667	1303
9696	1304
4177	1305
2452	1306
1405	1307
116	1308
7431	1309
8245	1310
6268	1311
169	1312
4077	1313
8799	1314
4554	1315
1511	1316
7022	1317
1427	1318
4473	1319
5699	1320
2779	1321
8153	1322
8459	1323
6301	1324
5337	1325
6683	1326
4331	1327
2480	1328
312	1329
6877	1330
3241	1331
3286	1332
2935	1333
7547	1334
3970	1335
6150	1336
3225	1337
5905	1338
4532	1339
9259	1340
126	1341
4382	1342
2730	1343
8505	1344
8088	1345
1190	1346
414	1347
5715	1348
8546	1349
2247	1350
6327	1351
3204	1352
745	1353
2712	1354
6606	1355
2963	1356
7207	1357
9612	1358
9427	1359
4878	1360
307	1361
1097	1362
4984	1363
2568	1364
2011	1365
8445	1366
4557	1367
8693	1368
3221	1369
5456	1370
5231	1371
6987	1372
3354	1373
4488	1374
6186	1375
3184	1376
355	1377
8816	1378
8496	1379
2517	1380
2612	1381
9135	1382
925	1383
2334	1384
8288	1385
4234	1386
9108	1387
118	1388
3431	1389
9308	1390
9807	1391
4003	1392
3029	1393
2598	1394
297	1395
6511	1396
6723	1397
4600	1398
9277	1399
9344	1400
310	1401
3897	1402
2042	1403
6262	1404
8589	1405
3057	1406
7137	1407
5341	1408
7820	1409
825	1410
8051	1411
113	1412
2595	1413
5472	1414
3158	1415
2044	1416
317	1417
216	1418
5499	1419
991	1420
3480	1421
4528	1422
7701	1423
5842	1424
8495	1425
6436	1426
2917	1427
5600	1428
1546	1429
5523	1430
4466	1431
1398	1432
6326	1433
9177	1434
6992	1435
2350	1436
3176	1437
5317	1438
8987	1439
6046	1440
9441	1441
1459	1442
8499	1443
1523	1444
1805	1445
5141	1446
950	1447
9454	1448
5333	1449
2687	1450
2949	1451
2867	1452
1750	1453
1737	1454
8022	1455
7645	1456
2433	1457
5987	1458
2826	1459
1833	1460
4917	1461
7257	1462
6756	1463
7006	1464
2951	1465
3729	1466
9822	1467
7927	1468
1479	1469
9318	1470
7113	1471
629	1472
6888	1473
1251	1474
1572	1475
5066	1476
279	1477
8743	1478
1793	1479
443	1480
151	1481
6886	1482
314	1483
2182	1484
9575	1485
8817	1486
3292	1487
3401	1488
1166	1489
52	1490
2978	1491
69	1492
9583	1493
5767	1494
9584	1495
1377	1496
5658	1497
6384	1498
517	1499
7386	1500
8565	1501
8130	1502
4832	1503
796	1504
9616	1505
2591	1506
7254	1507
7972	1508
9827	1509
8159	1510
350	1511
7029	1512
7826	1513
8282	1514
3263	1515
8124	1516
9109	1517
2152	1518
1698	1519
994	1520
5348	1521
5607	1522
1385	1523
6655	1524
6688	1525
6664	1526
4243	1527
1170	1528
5587	1529
4120	1530
5144	1531
6610	1532
5376	1533
5271	1534
2868	1535
5529	1536
9413	1537
2392	1538
4296	1539
552	1540
4601	1541
7018	1542
9292	1543
51	1544
701	1545
7291	1546
657	1547
6217	1548
4167	1549
2419	1550
9765	1551
9671	1552
2804	1553
7667	1554
4058	1555
8276	1556
1254	1557
6009	1558
7702	1559
1304	1560
345	1561
6159	1562
6328	1563
3725	1564
5121	1565
4424	1566
5970	1567
7469	1568
5666	1569
1855	1570
7870	1571
6047	1572
5027	1573
4138	1574
2090	1575
932	1576
1666	1577
2900	1578
1117	1579
3682	1580
6676	1581
4707	1582
5371	1583
6361	1584
2360	1585
5442	1586
6131	1587
7814	1588
2474	1589
2381	1590
8381	1591
9175	1592
6389	1593
4147	1594
3461	1595
4289	1596
9360	1597
5815	1598
5741	1599
7951	1600
8236	1601
9228	1602
2483	1603
4379	1604
89	1605
2342	1606
2995	1607
909	1608
8325	1609
2277	1610
9559	1611
95	1612
2373	1613
1545	1614
1679	1615
8894	1616
7759	1617
1867	1618
5559	1619
1292	1620
1510	1621
8962	1622
450	1623
3118	1624
47	1625
6170	1626
1858	1627
3989	1628
6443	1629
9298	1630
974	1631
3381	1632
8238	1633
2885	1634
8509	1635
8746	1636
7117	1637
6448	1638
7731	1639
2207	1640
5311	1641
2265	1642
2382	1643
4570	1644
7310	1645
2095	1646
8982	1647
9159	1648
2311	1649
8699	1650
331	1651
6602	1652
7512	1653
2059	1654
1438	1655
8733	1656
7812	1657
4323	1658
9230	1659
7239	1660
3496	1661
7105	1662
2425	1663
849	1664
3419	1665
7191	1666
8646	1667
5689	1668
67	1669
196	1670
5431	1671
92	1672
9557	1673
9117	1674
7977	1675
7098	1676
7875	1677
1816	1678
9679	1679
207	1680
8856	1681
5717	1682
3477	1683
133	1684
3411	1685
9063	1686
486	1687
4420	1688
3389	1689
6414	1690
7080	1691
1063	1692
3618	1693
1923	1694
3037	1695
8960	1696
6865	1697
3376	1698
5277	1699
7685	1700
6658	1701
1910	1702
2341	1703
2338	1704
2962	1705
955	1706
9591	1707
1406	1708
7226	1709
8947	1710
1820	1711
8094	1712
8818	1713
1788	1714
3677	1715
9132	1716
5234	1717
1248	1718
3860	1719
6627	1720
3268	1721
2789	1722
6127	1723
760	1724
2198	1725
5645	1726
1461	1727
7077	1728
5424	1729
1869	1730
523	1731
5467	1732
3669	1733
613	1734
6338	1735
1810	1736
886	1737
5937	1738
3126	1739
5551	1740
8407	1741
8004	1742
2283	1743
4561	1744
9140	1745
2610	1746
8345	1747
2653	1748
8390	1749
7398	1750
4590	1751
5918	1752
645	1753
1108	1754
103	1755
53	1756
3402	1757
2380	1758
4516	1759
1319	1760
2304	1761
4404	1762
553	1763
1620	1764
9003	1765
156	1766
4599	1767
2172	1768
7174	1769
1283	1770
8255	1771
6153	1772
2020	1773
5335	1774
496	1775
7382	1776
2253	1777
1384	1778
7206	1779
4441	1780
9554	1781
1080	1782
277	1783
4123	1784
3443	1785
2331	1786
7723	1787
5833	1788
8691	1789
5355	1790
3524	1791
4309	1792
7225	1793
9336	1794
1940	1795
2801	1796
112	1797
3486	1798
534	1799
8346	1800
5873	1801
3114	1802
4577	1803
5920	1804
550	1805
4837	1806
690	1807
8794	1808
6951	1809
6057	1810
4057	1811
604	1812
3417	1813
4801	1814
8706	1815
8253	1816
6392	1817
7561	1818
8974	1819
2494	1820
8274	1821
7770	1822
36	1823
2372	1824
5159	1825
1581	1826
2391	1827
4840	1828
9801	1829
6585	1830
8081	1831
1311	1832
6675	1833
8032	1834
4738	1835
4491	1836
8892	1837
7517	1838
125	1839
6593	1840
2205	1841
9443	1842
7053	1843
2843	1844
8525	1845
5748	1846
2561	1847
1030	1848
4986	1849
2820	1850
4740	1851
3917	1852
8334	1853
2682	1854
3167	1855
7869	1856
7942	1857
2080	1858
5496	1859
1975	1860
9130	1861
9778	1862
7494	1863
7897	1864
1700	1865
5368	1866
7096	1867
1249	1868
2147	1869
2758	1870
3079	1871
5086	1872
2979	1873
6990	1874
788	1875
2224	1876
1656	1877
4745	1878
1491	1879
6677	1880
9030	1881
4320	1882
3333	1883
6058	1884
180	1885
2490	1886
8152	1887
8605	1888
4085	1889
5389	1890
9639	1891
6016	1892
3802	1893
3700	1894
6750	1895
3902	1896
5914	1897
8297	1898
9068	1899
1434	1900
4809	1901
5449	1902
59	1903
1834	1904
6269	1905
3226	1906
4960	1907
7258	1908
4743	1909
9239	1910
8811	1911
9641	1912
482	1913
3476	1914
6398	1915
3030	1916
5116	1917
5692	1918
6991	1919
840	1920
4360	1921
9675	1922
7215	1923
2760	1924
3576	1925
3885	1926
2881	1927
5468	1928
8685	1929
9522	1930
6019	1931
5590	1932
6977	1933
7569	1934
6348	1935
7958	1936
4299	1937
4378	1938
3521	1939
5	1940
6288	1941
8484	1942
803	1943
5097	1944
5041	1945
6850	1946
4451	1947
4135	1948
2757	1949
9793	1950
70	1951
9776	1952
3252	1953
6744	1954
3283	1955
5813	1956
4593	1957
2362	1958
5910	1959
938	1960
4937	1961
5781	1962
9125	1963
6630	1964
4399	1965
7574	1966
104	1967
5118	1968
1866	1969
3846	1970
9802	1971
9851	1972
4689	1973
608	1974
6178	1975
1972	1976
4672	1977
1556	1978
5250	1979
8480	1980
2832	1981
5110	1982
5726	1983
3101	1984
3643	1985
5208	1986
9307	1987
1072	1988
4769	1989
2097	1990
6743	1991
4069	1992
2340	1993
319	1994
134	1995
4231	1996
9603	1997
410	1998
1928	1999
36	2000
8098	2001
4901	2002
1192	2003
3223	2004
521	2005
3205	2006
1646	2007
1121	2008
9380	2009
1949	2010
4621	2011
4968	2012
6796	2013
7605	2014
5067	2015
5526	2016
2233	2017
3759	2018
8556	2019
5163	2020
6601	2021
7380	2022
274	2023
71	2024
1798	2025
573	2026
201	2027
7774	2028
3812	2029
1119	2030
1553	2031
933	2032
9012	2033
6416	2034
4930	2035
1071	2036
5847	2037
6579	2038
6500	2039
7992	2040
9605	2041
1831	2042
2426	2043
5654	2044
7086	2045
7323	2046
5015	2047
8362	2048
9284	2049
5481	2050
8376	2051
7705	2052
83	2053
4097	2054
3342	2055
3699	2056
4685	2057
1188	2058
6094	2059
5601	2060
4435	2061
9549	2062
1055	2063
7626	2064
8079	2065
3259	2066
4562	2067
4079	2068
5441	2069
8295	2070
8940	2071
8952	2072
6373	2073
2161	2074
1694	2075
6997	2076
2515	2077
335	2078
7248	2079
1049	2080
6934	2081
479	2082
1799	2083
780	2084
9120	2085
5425	2086
7513	2087
7961	2088
409	2089
3587	2090
4851	2091
9458	2092
5071	2093
9337	2094
9294	2095
3594	2096
5571	2097
2031	2098
8096	2099
6828	2100
6077	2101
6011	2102
8372	2103
7347	2104
2640	2105
1916	2106
9785	2107
1921	2108
3160	2109
4580	2110
3814	2111
8787	2112
6432	2113
9784	2114
1781	2115
2184	2116
8684	2117
3872	2118
2738	2119
6853	2120
589	2121
5284	2122
4071	2123
8000	2124
54	2125
873	2126
4668	2127
4208	2128
2444	2129
9262	2130
8482	2131
7143	2132
8838	2133
3070	2134
6911	2135
476	2136
8555	2137
8193	2138
9626	2139
9078	2140
2663	2141
4974	2142
5330	2143
8648	2144
575	2145
4567	2146
6171	2147
2308	2148
2013	2149
2842	2150
4673	2151
9052	2152
2312	2153
766	2154
5919	2155
8613	2156
4485	2157
568	2158
9704	2159
6872	2160
2064	2161
8302	2162
1931	2163
2295	2164
250	2165
2617	2166
7073	2167
3583	2168
6902	2169
4934	2170
9414	2171
7332	2172
5080	2173
3889	2174
6714	2175
3330	2176
7333	2177
4454	2178
3350	2179
1238	2180
8862	2181
6174	2182
9691	2183
2670	2184
5329	2185
6505	2186
8379	2187
7828	2188
3022	2189
6193	2190
296	2191
972	2192
9214	2193
9816	2194
7543	2195
7508	2196
5427	2197
6712	2198
3498	2199
8973	2200
7510	2201
2007	2202
8837	2203
1224	2204
3767	2205
5466	2206
1961	2207
9665	2208
2330	2209
5597	2210
792	2211
4598	2212
2823	2213
5646	2214
2052	2215
415	2216
3219	2217
7367	2218
7074	2219
6595	2220
3209	2221
1611	2222
8103	2223
1613	2224
3405	2225
4436	2226
7866	2227
3307	2228
5108	2229
8581	2230
9405	2231
7886	2232
1165	2233
222	2234
4088	2235
8327	2236
1227	2237
103	2238
2870	2239
1606	2240
9717	2241
2070	2242
6273	2243
915	2244
5906	2245
390	2246
1594	2247
4298	2248
1031	2249
5351	2250
2048	2251
126	2252
4998	2253
4666	2254
4814	2255
9011	2256
4148	2257
8830	2258
3105	2259
3598	2260
1286	2261
7473	2262
1996	2263
6512	2264
5120	2265
8417	2266
1527	2267
1691	2268
9136	2269
6459	2270
4136	2271
497	2272
25	2273
4670	2274
8135	2275
2165	2276
8249	2277
969	2278
2032	2279
3882	2280
285	2281
8111	2282
8629	2283
79	2284
9391	2285
3140	2286
9065	2287
2516	2288
4642	2289
8147	2290
7240	2291
1082	2292
7497	2293
3409	2294
7100	2295
9144	2296
381	2297
2455	2298
2222	2299
3786	2300
1962	2301
8389	2302
3649	2303
2361	2304
9764	2305
7651	2306
2606	2307
4354	2308
81	2309
9340	2310
1147	2311
4703	2312
3874	2313
203	2314
4921	2315
2546	2316
2424	2317
8039	2318
7208	2319
4730	2320
5616	2321
238	2322
3948	2323
4247	2324
2553	2325
2521	2326
7632	2327
6787	2328
6876	2329
4089	2330
6866	2331
3565	2332
2242	2333
5420	2334
5515	2335
7779	2336
2000	2337
4495	2338
2557	2339
2899	2340
5358	2341
8714	2342
720	2343
8305	2344
8365	2345
8563	2346
5640	2347
5641	2348
9558	2349
6067	2350
8470	2351
1164	2352
1303	2353
1528	2354
1902	2355
4971	2356
9061	2357
472	2358
4524	2359
7190	2360
2943	2361
3633	2362
7598	2363
547	2364
9743	2365
4392	2366
9381	2367
6617	2368
9395	2369
9224	2370
9821	2371
4716	2372
2018	2373
1952	2374
8741	2375
6108	2376
368	2377
2500	2378
6455	2379
6272	2380
3400	2381
7768	2382
5725	2383
4770	2384
3410	2385
5942	2386
3806	2387
2827	2388
971	2389
7346	2390
2079	2391
7452	2392
282	2393
5497	2394
2875	2395
9760	2396
4490	2397
8281	2398
8652	2399
6612	2400
4443	2401
1410	2402
2674	2403
5338	2404
2328	2405
2940	2406
8551	2407
187	2408
7031	2409
7423	2410
1589	2411
3271	2412
1114	2413
9712	2414
154	2415
9170	2416
4959	2417
3117	2418
7054	2419
2874	2420
129	2421
1222	2422
3273	2423
4210	2424
7067	2425
3374	2426
4996	2427
3588	2428
8724	2429
5360	2430
98	2431
1809	2432
3347	2433
9623	2434
9500	2435
865	2436
4665	2437
2377	2438
616	2439
5528	2440
8287	2441
9471	2442
7043	2443
9511	2444
6868	2445
1096	2446
8452	2447
5043	2448
2389	2449
7354	2450
1843	2451
6223	2452
8840	2453
6711	2454
1718	2455
6081	2456
1437	2457
3983	2458
726	2459
5089	2460
8553	2461
1259	2462
8805	2463
7422	2464
2982	2465
1693	2466
7271	2467
7337	2468
9223	2469
4756	2470
1233	2471
3434	2472
2092	2473
8993	2474
7141	2475
6741	2476
9705	2477
7366	2478
9757	2479
9220	2480
7021	2481
5718	2482
8756	2483
9398	2484
7338	2485
6279	2486
2922	2487
9496	2488
2961	2489
4340	2490
5860	2491
4511	2492
115	2493
4895	2494
1939	2495
7612	2496
4391	2497
4869	2498
3746	2499
1673	2500
7606	2501
343	2502
80	2503
8056	2504
1667	2505
848	2506
3357	2507
3216	2508
6233	2509
883	2510
2852	2511
5172	2512
1408	2513
3901	2514
6051	2515
9225	2516
567	2517
2853	2518
9520	2519
8672	2520
7161	2521
2429	2522
8622	2523
66	2524
2989	2525
2259	2526
6979	2527
2600	2528
2169	2529
94	2530
9450	2531
6824	2532
1571	2533
3785	2534
975	2535
8614	2536
7764	2537
37	2538
3600	2539
3301	2540
189	2541
7212	2542
985	2543
5744	2544
2837	2545
8127	2546
599	2547
1112	2548
5578	2549
7794	2550
6847	2551
6078	2552
7813	2553
6042	2554
6898	2555
6315	2556
4541	2557
3133	2558
2643	2559
5386	2560
6858	2561
1697	2562
762	2563
177	2564
4493	2565
9841	2566
161	2567
831	2568
6069	2569
5674	2570
8393	2571
6091	2572
4687	2573
3346	2574
5893	2575
8106	2576
12	2577
8483	2578
5605	2579
7019	2580
5465	2581
162	2582
2189	2583
6229	2584
3638	2585
2296	2586
8358	2587
1707	2588
5224	2589
4197	2590
245	2591
23	2592
6197	2593
9236	2594
7355	2595
7736	2596
3737	2597
5612	2598
6749	2599
3284	2600
5180	2601
3590	2602
8219	2603
1223	2604
6684	2605
138	2606
9734	2607
5867	2608
9071	2609
8867	2610
3492	2611
7249	2612
5650	2613
4669	2614
5422	2615
439	2616
4099	2617
123	2618
983	2619
4902	2620
1351	2621
3657	2622
1605	2623
6332	2624
8208	2625
8545	2626
5411	2627
7319	2628
5140	2629
269	2630
7856	2631
675	2632
185	2633
3551	2634
1129	2635
7549	2636
2457	2637
1369	2638
1	2639
4312	2640
5040	2641
3034	2642
1243	2643
3344	2644
2130	2645
508	2646
8742	2647
6590	2648
5772	2649
2245	2650
2009	2651
1253	2652
1399	2653
7246	2654
9762	2655
7023	2656
234	2657
6722	2658
1800	2659
9179	2660
3548	2661
7762	2662
1689	2663
2538	2664
2936	2665
8091	2666
7280	2667
1016	2668
6358	2669
7090	2670
1058	2671
1501	2672
7840	2673
7603	2674
5191	2675
4005	2676
2347	2677
5148	2678
1671	2679
5540	2680
9768	2681
4334	2682
4506	2683
9561	2684
5156	2685
6960	2686
1341	2687
536	2688
4651	2689
380	2690
1285	2691
356	2692
8506	2693
8369	2694
6811	2695
8957	2696
5428	2697
1457	2698
31	2699
6372	2700
7205	2701
7120	2702
81	2703
4413	2704
8539	2705
8335	2706
1534	2707
3659	2708
8284	2709
5501	2710
2709	2711
8179	2712
9009	2713
1629	2714
9232	2715
4076	2716
6478	2717
8682	2718
3084	2719
2143	2720
5262	2721
7729	2722
1154	2723
1593	2724
8831	2725
990	2726
3532	2727
8446	2728
8976	2729
2337	2730
1814	2731
3289	2732
8489	2733
8230	2734
5117	2735
1466	2736
9795	2737
138	2738
5916	2739
3783	2740
6076	2741
9420	2742
9446	2743
6258	2744
8347	2745
9028	2746
6971	2747
4547	2748
7083	2749
2263	2750
7227	2751
2542	2752
3122	2753
2086	2754
8266	2755
2	2756
8627	2757
7672	2758
3666	2759
9309	2760
742	2761
1636	2762
4957	2763
2112	2764
7665	2765
9751	2766
5884	2767
1731	2768
4406	2769
7275	2770
9172	2771
7052	2772
9312	2773
1131	2774
7597	2775
5745	2776
5012	2777
3688	2778
8428	2779
3425	2780
8611	2781
2985	2782
6591	2783
7193	2784
9067	2785
3648	2786
4609	2787
3979	2788
7405	2789
5705	2790
1618	2791
4661	2792
1765	2793
176	2794
6005	2795
7965	2796
3091	2797
7747	2798
7425	2799
3761	2800
5811	2801
1161	2802
3069	2803
342	2804
8265	2805
2622	2806
5400	2807
25	2808
9799	2809
4359	2810
6621	2811
3992	2812
4560	2813
5662	2814
2688	2815
6823	2816
4102	2817
66	2818
5950	2819
862	2820
3539	2821
49	2822
774	2823
2099	2824
2829	2825
1755	2826
3920	2827
2096	2828
8097	2829
6017	2830
647	2831
6974	2832
3274	2833
1756	2834
646	2835
7064	2836
3946	2837
7317	2838
894	2839
2175	2840
8562	2841
382	2842
9273	2843
6748	2844
4361	2845
4893	2846
1234	2847
6525	2848
5347	2849
4555	2850
6632	2851
7746	2852
8631	2853
8541	2854
3447	2855
3439	2856
4064	2857
9730	2858
754	2859
4548	2860
3675	2861
2565	2862
5923	2863
7418	2864
5928	2865
6944	2866
3348	2867
3964	2868
4456	2869
4744	2870
8998	2871
2552	2872
530	2873
9607	2874
3487	2875
6770	2876
4142	2877
7940	2878
5237	2879
408	2880
4426	2881
2297	2882
2335	2883
9613	2884
2668	2885
6339	2886
3359	2887
194	2888
6209	2889
2103	2890
8594	2891
7471	2892
9407	2893
5555	2894
4939	2895
9660	2896
8187	2897
8075	2898
7948	2899
2573	2900
251	2901
4947	2902
2260	2903
1925	2904
9587	2905
1663	2906
2056	2907
7199	2908
3240	2909
3190	2910
612	2911
6804	2912
8036	2913
3151	2914
1812	2915
795	2916
9178	2917
6891	2918
6065	2919
1492	2920
6771	2921
8585	2922
2437	2923
7358	2924
7004	2925
576	2926
5581	2927
6908	2928
1509	2929
7428	2930
658	2931
4455	2932
1782	2933
8355	2934
9618	2935
716	2936
3631	2937
4583	2938
9058	2939
4784	2940
1079	2941
3368	2942
2926	2943
8882	2944
125	2945
6616	2946
6947	2947
5819	2948
3776	2949
563	2950
2986	2951
3969	2952
8312	2953
7849	2954
7451	2955
7982	2956
6124	2957
6589	2958
6207	2959
699	2960
4681	2961
8438	2962
5737	2963
8591	2964
6510	2965
7011	2966
2327	2967
6542	2968
1832	2969
8723	2970
970	2971
8935	2972
7351	2973
5436	2974
3131	2975
8418	2976
7154	2977
4014	2978
3612	2979
4314	2980
2741	2981
4021	2982
9677	2983
9056	2984
948	2985
2980	2986
6012	2987
1157	2988
3676	2989
4616	2990
3285	2991
1680	2992
5760	2993
9658	2994
1579	2995
6725	2996
5433	2997
2898	2998
8886	2999
158	3000
5721	3001
393	3002
4709	3003
5933	3004
5498	3005
4767	3006
5627	3007
6216	3008
6654	3009
7871	3010
3503	3011
3036	3012
1493	3013
5786	3014
211	3015
6607	3016
430	3017
4385	3018
2644	3019
2451	3020
6412	3021
7033	3022
4342	3023
3189	3024
3731	3025
1024	3026
5634	3027
3838	3028
633	3029
641	3030
4411	3031
4905	3032
503	3033
5547	3034
3380	3035
2562	3036
48	3037
8120	3038
9409	3039
755	3040
5943	3041
548	3042
63	3043
4107	3044
2599	3045
6365	3046
6026	3047
9771	3048
8354	3049
6697	3050
3829	3051
1107	3052
5909	3053
3726	3054
4852	3055
8497	3056
8511	3057
485	3058
1744	3059
6940	3060
6241	3061
4492	3062
2914	3063
6662	3064
9515	3065
302	3066
2624	3067
1612	3068
7956	3069
8603	3070
2137	3071
9846	3072
5216	3073
6177	3074
7523	3075
3462	3076
7168	3077
8780	3078
7577	3079
7615	3080
8054	3081
4223	3082
1823	3083
5064	3084
9357	3085
1380	3086
5593	3087
8668	3088
1720	3089
5179	3090
1648	3091
3540	3092
4723	3093
5711	3094
8395	3095
3014	3096
3867	3097
4250	3098
7858	3099
1138	3100
7485	3101
7564	3102
2911	3103
6102	3104
2024	3105
2466	3106
7643	3107
6645	3108
4725	3109
5087	3110
4219	3111
751	3112
2367	3113
1619	3114
6212	3115
3074	3116
5684	3117
4619	3118
4286	3119
2417	3120
8256	3121
6507	3122
6782	3123
1907	3124
7209	3125
8855	3126
5924	3127
7198	3128
5966	3129
9087	3130
2188	3131
2063	3132
6501	3133
9659	3134
5364	3135
7877	3136
7732	3137
100	3138
2945	3139
914	3140
4764	3141
2286	3142
7630	3143
1626	3144
6107	3145
695	3146
1701	3147
8689	3148
7557	3149
4054	3150
2901	3151
6730	3152
7159	3153
8740	3154
5598	3155
1985	3156
7540	3157
3732	3158
9848	3159
6793	3160
4892	3161
2177	3162
6103	3163
13	3164
424	3165
6699	3166
9106	3167
9105	3168
8232	3169
1014	3170
4175	3171
401	3172
1403	3173
8375	3174
7769	3175
7744	3176
3110	3177
105	3178
85	3179
9325	3180
4297	3181
1880	3182
5609	3183
8359	3184
2892	3185
4478	3186
7823	3187
1879	3188
7135	3189
7211	3190
9267	3191
8374	3192
1725	3193
7708	3194
6534	3195
3421	3196
4476	3197
2038	3198
8386	3199
7502	3200
5050	3201
1241	3202
1875	3203
6819	3204
17	3205
5210	3206
7424	3207
683	3208
9322	3209
833	3210
6939	3211
1070	3212
346	3213
4279	3214
3313	3215
9073	3216
3535	3217
3679	3218
673	3219
4576	3220
2713	3221
4369	3222
9128	3223
4474	3224
2646	3225
7220	3226
6978	3227
1197	3228
7001	3229
3479	3230
4328	3231
1924	3232
8336	3233
1483	3234
8877	3235
4543	3236
124	3237
1020	3238
9489	3239
1522	3240
3704	3241
1950	3242
4826	3243
1054	3244
3561	3245
6881	3246
1621	3247
9164	3248
6113	3249
6568	3250
6489	3251
8237	3252
2477	3253
5032	3254
6726	3255
739	3256
1235	3257
1316	3258
2468	3259
4922	3260
16	3261
841	3262
7565	3263
3007	3264
316	3265
4977	3266
6151	3267
1116	3268
478	3269
2699	3270
119	3271
2404	3272
1590	3273
2602	3274
1450	3275
8997	3276
667	3277
3196	3278
5357	3279
9619	3280
1122	3281
8308	3282
8949	3283
8040	3284
6508	3285
7312	3286
115	3287
5044	3288
7171	3289
1214	3290
5623	3291
8181	3292
9400	3293
9674	3294
8675	3295
8443	3296
6506	3297
3813	3298
5377	3299
1818	3300
6353	3301
7397	3302
4166	3303
4720	3304
7480	3305
3762	3306
1442	3307
3559	3308
5199	3309
8268	3310
4727	3311
3475	3312
5076	3313
3719	3314
1247	3315
2134	3316
6882	3317
7843	3318
9662	3319
369	3320
8182	3321
292	3322
5742	3323
1059	3324
2128	3325
3454	3326
6123	3327
5885	3328
4094	3329
4991	3330
2190	3331
3446	3332
4790	3333
727	3334
1887	3335
1682	3336
8104	3337
1994	3338
9226	3339
6260	3340
3075	3341
3585	3342
271	3343
7234	3344
8681	3345
2140	3346
1357	3347
4092	3348
7363	3349
9350	3350
468	3351
3563	3352
2673	3353
9321	3354
2049	3355
96	3356
4049	3357
3663	3358
3343	3359
2613	3360
8700	3361
4000	3362
1662	3363
2400	3364
9163	3365
4639	3366
2462	3367
3544	3368
5272	3369
580	3370
3851	3371
29	3372
3451	3373
7588	3374
7900	3375
2200	3376
9080	3377
7378	3378
3222	3379
6694	3380
3954	3381
9266	3382
6043	3383
3871	3384
7095	3385
9449	3386
3542	3387
8625	3388
777	3389
9369	3390
3752	3391
5473	3392
4145	3393
2248	3394
7563	3395
4712	3396
2497	3397
165	3398
6913	3399
8410	3400
9141	3401
7477	3402
1714	3403
6345	3404
2118	3405
7830	3406
7695	3407
330	3408
6625	3409
4351	3410
1524	3411
3878	3412
6844	3413
555	3414
1580	3415
98	3416
9469	3417
3363	3418
1974	3419
7867	3420
108	3421
1770	3422
2659	3423
5560	3424
2518	3425
1948	3426
8323	3427
1397	3428
8769	3429
6029	3430
8188	3431
8400	3432
3458	3433
2954	3434
7302	3435
2319	3436
756	3437
5820	3438
5527	3439
9399	3440
8895	3441
5349	3442
400	3443
3575	3444
8431	3445
9123	3446
6387	3447
1840	3448
5963	3449
1998	3450
9556	3451
3382	3452
5471	3453
3645	3454
9788	3455
6915	3456
819	3457
5303	3458
8254	3459
2214	3460
9	3461
3391	3462
1899	3463
7183	3464
9562	3465
9103	3466
8314	3467
5577	3468
3893	3469
2522	3470
2707	3471
2346	3472
9024	3473
8038	3474
2559	3475
6099	3476
3936	3477
398	3478
5007	3479
9102	3480
7647	3481
7140	3482
7250	3483
532	3484
7037	3485
8333	3486
170	3487
611	3488
2301	3489
6520	3490
6626	3491
3181	3492
303	3493
6319	3494
3608	3495
190	3496
9300	3497
6471	3498
3939	3499
109	3500
10	3501
90	3502
3353	3503
7726	3504
3757	3505
2976	3506
6018	3507
740	3508
4695	3509
1905	3510
4879	3511
6985	3512
4149	3513
3911	3514
6028	3515
7331	3516
7356	3517
3689	3518
7752	3519
9303	3520
2395	3521
426	3522
8133	3523
2969	3524
1153	3525
8200	3526
3520	3527
2700	3528
5517	3529
6251	3530
1416	3531
8012	3532
2879	3533
5294	3534
5861	3535
6032	3536
3054	3537
4500	3538
4416	3539
2192	3540
2625	3541
6449	3542
9211	3543
6491	3544
506	3545
5253	3546
7947	3547
40	3548
3460	3549
8994	3550
2123	3551
1158	3552
3142	3553
8789	3554
3864	3555
5506	3556
6790	3557
117	3558
817	3559
2223	3560
7686	3561
4025	3562
8775	3563
1332	3564
2959	3565
1981	3566
8835	3567
5130	3568
2154	3569
3211	3570
4410	3571
787	3572
7899	3573
7415	3574
2585	3575
7911	3576
7666	3577
8132	3578
2133	3579
1806	3580
605	3581
5014	3582
8901	3583
4607	3584
1973	3585
3094	3586
3879	3587
2159	3588
5375	3589
4159	3590
2661	3591
7051	3592
4066	3593
1591	3594
2946	3595
4708	3596
2482	3597
8870	3598
266	3599
9032	3600
800	3601
4388	3602
1089	3603
5264	3604
7138	3605
2910	3606
8749	3607
2107	3608
3578	3609
8828	3610
2170	3611
1498	3612
9703	3613
9000	3614
8650	3615
7991	3616
4201	3617
155	3618
4151	3619
965	3620
5857	3621
364	3622
1436	3623
5969	3624
942	3625
705	3626
6140	3627
3490	3628
262	3629
6545	3630
3826	3631
698	3632
2427	3633
7757	3634
6762	3635
6728	3636
2732	3637
4951	3638
7453	3639
4464	3640
7684	3641
1914	3642
8671	3643
3088	3644
5001	3645
4855	3646
9636	3647
8435	3648
121	3649
2418	3650
9744	3651
7803	3652
4016	3653
4671	3654
9569	3655
1630	3656
76	3657
6120	3658
6479	3659
3740	3660
4558	3661
644	3662
3842	3663
2321	3664
993	3665
6980	3666
8680	3667
7369	3668
1413	3669
127	3670
9347	3671
477	3672
2544	3673
4970	3674
3788	3675
255	3676
3938	3677
8371	3678
9023	3679
8072	3680
8063	3681
5952	3682
3043	3683
6963	3684
9207	3685
5207	3686
294	3687
7392	3688
6856	3689
5761	3690
2422	3691
3536	3692
8729	3693
9146	3694
5897	3695
5633	3696
1634	3697
8220	3698
3546	3699
4737	3700
872	3701
3735	3702
4565	3703
2094	3704
135	3705
5314	3706
2641	3707
9094	3708
8090	3709
8156	3710
1676	3711
6296	3712
4877	3713
6821	3714
1485	3715
9122	3716
2856	3717
6470	3718
9299	3719
4431	3720
627	3721
998	3722
6648	3723
8761	3724
2873	3725
3365	3726
5215	3727
3489	3728
4211	3729
7678	3730
5094	3731
9773	3732
3332	3733
358	3734
8157	3735
4658	3736
5922	3737
1120	3738
1271	3739
1061	3740
8370	3741
7121	3742
7607	3743
946	3744
7799	3745
6524	3746
9783	3747
3900	3748
5054	3749
4372	3750
3173	3751
3275	3752
4272	3753
8793	3754
7781	3755
3828	3756
9296	3757
7108	3758
9046	3759
6493	3760
2485	3761
6640	3762
7716	3763
1558	3764
9608	3765
4815	3766
9651	3767
7129	3768
5452	3769
1828	3770
8822	3771
4090	3772
3660	3773
261	3774
6337	3775
4477	3776
4292	3777
4820	3778
3361	3779
6753	3780
148	3781
3124	3782
958	3783
1573	3784
1898	3785
2303	3786
4611	3787
7922	3788
4265	3789
7041	3790
1350	3791
341	3792
6173	3793
4643	3794
5836	3795
1133	3796
8352	3797
1126	3798
6343	3799
7591	3800
1641	3801
4711	3802
3976	3803
5844	3804
9694	3805
5874	3806
447	3807
7831	3808
5017	3809
1269	3810
9110	3811
5192	3812
3674	3813
7704	3814
7403	3815
8842	3816
5579	3817
7106	3818
2772	3819
4861	3820
3056	3821
7609	3822
1291	3823
507	3824
4273	3825
651	3826
2952	3827
8884	3828
6210	3829
8216	3830
5570	3831
27	3832
9673	3833
2298	3834
1414	3835
1960	3836
4130	3837
1136	3838
1077	3839
5765	3840
869	3841
6920	3842
3584	3843
425	3844
8481	3845
877	3846
9354	3847
9145	3848
3456	3849
4536	3850
3593	3851
7999	3852
5592	3853
215	3854
3377	3855
76	3856
3026	3857
4427	3858
9042	3859
4841	3860
6160	3861
8747	3862
6368	3863
4363	3864
6650	3865
6780	3866
807	3867
466	3868
3777	3869
753	3870
6198	3871
5625	3872
3552	3873
7583	3874
539	3875
1677	3876
99	3877
2665	3878
8549	3879
3569	3880
1535	3881
8235	3882
2290	3883
7883	3884
4804	3885
5190	3886
1376	3887
6075	3888
5655	3889
3003	3890
6483	3891
3592	3892
3853	3893
1274	3894
7533	3895
9772	3896
9715	3897
3531	3898
6275	3899
5439	3900
4254	3901
9394	3902
4220	3903
3257	3904
6356	3905
9805	3906
9345	3907
6104	3908
2017	3909
5553	3910
9363	3911
28	3912
4932	3913
9235	3914
8878	3915
7219	3916
6062	3917
930	3918
2717	3919
5312	3920
4803	3921
8222	3922
664	3923
4549	3924
8210	3925
455	3926
4182	3927
7243	3928
5947	3929
6381	3930
4143	3931
7817	3932
4237	3933
55	3934
6867	3935
3482	3936
3940	3937
2737	3938
9580	3939
3972	3940
7009	3941
8	3942
1272	3943
334	3944
5320	3945
1890	3946
6674	3947
8229	3948
256	3949
4965	3950
4245	3951
5365	3952
7738	3953
1531	3954
5513	3955
6698	3956
5604	3957
4163	3958
300	3959
226	3960
7202	3961
6291	3962
4499	3963
1517	3964
119	3965
413	3966
6637	3967
5416	3968
7085	3969
7681	3970
5929	3971
9590	3972
8401	3973
7873	3974
5948	3975
8754	3976
2244	3977
749	3978
9534	3979
4873	3980
6509	3981
3247	3982
6907	3983
973	3984
3821	3985
2724	3986
6709	3987
9481	3988
3345	3989
656	3990
3623	3991
829	3992
7785	3993
9803	3994
549	3995
6536	3996
2345	3997
8469	3998
6745	3999
3107	4000
2971	4001
8610	4002
1842	4003
7758	4004
1007	4005
9114	4006
3018	4007
2268	4008
1747	4009
383	4010
7048	4011
19	4012
9255	4013
3994	4014
3021	4015
4867	4016
7046	4017
5846	4018
2531	4019
4641	4020
2718	4021
14	4022
5343	4023
7910	4024
7576	4025
5403	4026
6861	4027
868	4028
3020	4029
9290	4030
5992	4031
5382	4032
7885	4033
8666	4034
582	4035
7995	4036
1917	4037
8918	4038
3041	4039
5352	4040
6777	4041
4397	4042
717	4043
9531	4044
56	4045
1795	4046
3614	4047
4153	4048
8683	4049
7622	4050
8667	4051
4994	4052
2047	4053
913	4054
3741	4055
4925	4056
4140	4057
9343	4058
934	4059
3959	4060
7807	4061
8447	4062
4467	4063
8914	4064
260	4065
1822	4066
1255	4067
8033	4068
2291	4069
5122	4070
2405	4071
5240	4072
7487	4073
2503	4074
8872	4075
2817	4076
4679	4077
4544	4078
7934	4079
7978	4080
6137	4081
9551	4082
9006	4083
3876	4084
1230	4085
402	4086
4137	4087
3130	4088
1183	4089
3008	4090
5462	4091
6986	4092
6157	4093
3866	4094
7340	4095
688	4096
6460	4097
9040	4098
5306	4099
5854	4100
3	4101
7789	4102
4412	4103
6929	4104
4808	4105
9100	4106
1395	4107
9155	4108
8875	4109
7501	4110
3957	4111
5960	4112
2356	4113
3483	4114
8738	4115
7435	4116
8402	4117
15	4118
4563	4119
3005	4120
4515	4121
5105	4122
6314	4123
62	4124
4241	4125
4798	4126
8170	4127
8656	4128
5295	4129
1596	4130
5652	4131
5707	4132
7200	4133
7627	4134
2628	4135
1526	4136
4134	4137
5296	4138
8865	4139
4146	4140
9634	4141
2889	4142
4768	4143
4982	4144
6074	4145
5390	4146
3038	4147
7010	4148
2647	4149
5125	4150
7659	4151
5675	4152
4622	4153
8169	4154
770	4155
5299	4156
3373	4157
2838	4158
7579	4159
99	4160
5839	4161
551	4162
6401	4163
6001	4164
6580	4165
3392	4166
8162	4167
9365	4168
9611	4169
5010	4170
6191	4171
8071	4172
2180	4173
6267	4174
6204	4175
5251	4176
9678	4177
8694	4178
3510	4179
2415	4180
1936	4181
110	4182
4216	4183
3717	4184
7902	4185
545	4186
6556	4187
3823	4188
5967	4189
905	4190
4269	4191
8413	4192
2540	4193
2102	4194
8874	4195
4898	4196
1029	4197
3603	4198
4823	4199
9387	4200
9184	4201
7491	4202
6984	4203
4497	4204
8808	4205
6852	4206
7707	4207
4529	4208
6533	4209
8930	4210
4046	4211
2519	4212
4692	4213
495	4214
5691	4215
3768	4216
5318	4217
8844	4218
7406	4219
2077	4220
1779	4221
8198	4222
5051	4223
1480	4224
9358	4225
3770	4226
4936	4227
7916	4228
6034	4229
4813	4230
4080	4231
2439	4232
5480	4233
3547	4234
5522	4235
1266	4236
3696	4237
5038	4238
2402	4239
2211	4240
1938	4241
2745	4242
78	4243
2906	4244
3159	4245
2385	4246
9545	4247
7255	4248
4173	4249
6596	4250
2525	4251
847	4252
6788	4253
35	4254
1564	4255
4624	4256
4346	4257
8514	4258
6237	4259
157	4260
3801	4261
9247	4262
9151	4263
2787	4264
1144	4265
1353	4266
2445	4267
493	4268
2511	4269
5727	4270
5104	4271
8466	4272
3734	4273
2907	4274
85	4275
5404	4276
6048	4277
8710	4278
2848	4279
2463	4280
7824	4281
2777	4282
5437	4283
7436	4284
134	4285
2504	4286
572	4287
86	4288
6411	4289
3115	4290
8543	4291
3577	4292
9680	4293
8529	4294
4263	4295
5964	4296
9479	4297
5195	4298
8912	4299
9406	4300
1852	4301
475	4302
9143	4303
2764	4304
2374	4305
8559	4306
9749	4307
7429	4308
588	4309
1087	4310
4041	4311
484	4312
843	4313
7590	4314
4174	4315
1992	4316
4700	4317
5494	4318
163	4319
1819	4320
6469	4321
452	4322
6702	4323
8616	4324
123	4325
175	4326
3217	4327
9747	4328
8639	4329
9386	4330
6484	4331
516	4332
8129	4333
5405	4334
7851	4335
7230	4336
1891	4337
7395	4338
5286	4339
6672	4340
2502	4341
2398	4342
6900	4343
67	4344
20	4345
649	4346
1980	4347
5435	4348
1218	4349
7915	4350
7625	4351
7464	4352
6101	4353
5773	4354
7711	4355
2696	4356
5769	4357
7536	4358
7535	4359
3039	4360
6577	4361
4728	4362
7852	4363
735	4364
9404	4365
7139	4366
6242	4367
5138	4368
3027	4369
8306	4370
109	4371
1551	4372
1702	4373
4081	4374
6973	4375
8934	4376
5791	4377
2844	4378
6618	4379
5552	4380
631	4381
8777	4382
4257	4383
9276	4384
1486	4385
8044	4386
5566	4387
2916	4388
3321	4389
3299	4390
51	4391
3602	4392
6776	4393
4887	4394
2093	4395
8190	4396
2163	4397
4985	4398
6364	4399
5139	4400
3369	4401
5985	4402
3385	4403
642	4404
3947	4405
7650	4406
7786	4407
6284	4408
9193	4409
2679	4410
4083	4411
8397	4412
5453	4413
6937	4414
7623	4415
1732	4416
6371	4417
5826	4418
3685	4419
4010	4420
4581	4421
8160	4422
6038	4423
2447	4424
5111	4425
1148	4426
7652	4427
9787	4428
3352	4429
8221	4430
2654	4431
793	4432
4830	4433
9609	4434
9748	4435
6892	4436
6518	4437
4169	4438
3861	4439
288	4440
144	4441
1849	4442
5106	4443
7466	4444
7677	4445
1772	4446
2514	4447
2862	4448
9490	4449
2185	4450
8468	4451
7307	4452
3641	4453
6757	4454
5202	4455
5206	4456
4017	4457
6179	4458
1099	4459
7629	4460
2919	4461
403	4462
6231	4463
2642	4464
9160	4465
4128	4466
1337	4467
3630	4468
1696	4469
18	4470
82	4471
6230	4472
3424	4473
4717	4474
8773	4475
4880	4476
1566	4477
7311	4478
9168	4479
8215	4480
2710	4481
7930	4482
44	4483
458	4484
5292	4485
929	4486
5990	4487
4615	4488
6247	4489
6498	4490
8424	4491
2859	4492
7539	4493
5712	4494
2925	4495
2778	4496
4126	4497
1383	4498
9133	4499
9474	4500
3073	4501
4190	4502
6024	4503
417	4504
6736	4505
1670	4506
554	4507
75	4508
2543	4509
2767	4510
5837	4511
8270	4512
4	4513
8301	4514
333	4515
1768	4516
9731	4517
416	4518
984	4519
8211	4520
6792	4521
499	4522
9594	4523
6946	4524
2530	4525
4330	4526
1141	4527
8662	4528
5816	4529
5913	4530
5564	4531
8114	4532
537	4533
9205	4534
8002	4535
2243	4536
6794	4537
8317	4538
6325	4539
5178	4540
8858	4541
827	4542
6280	4543
1889	4544
3560	4545
7983	4546
7503	4547
4854	4548
289	4549
7349	4550
6311	4551
3824	4552
7919	4553
1226	4554
6003	4555
8687	4556
2532	4557
544	4558
433	4559
487	4560
9388	4561
5561	4562
1826	4563
7028	4564
122	4565
640	4566
1906	4567
8592	4568
5133	4569
2313	4570
892	4571
6826	4572
3619	4573
8332	4574
7005	4575
9828	4576
6719	4577
784	4578
5153	4579
3071	4580
6463	4581
1098	4582
2799	4583
2193	4584
6264	4585
2098	4586
3121	4587
7568	4588
3085	4589
9256	4590
3857	4591
2614	4592
1628	4593
377	4594
2912	4595
8651	4596
4024	4597
3962	4598
2317	4599
5249	4600
5516	4601
2176	4602
6781	4603
4606	4604
3773	4605
2638	4606
4336	4607
5024	4608
9728	4609
2690	4610
805	4611
1005	4612
9008	4613
6383	4614
8638	4615
141	4616
5464	4617
2411	4618
7725	4619
2621	4620
2545	4621
1346	4622
1035	4623
2446	4624
6700	4625
5309	4626
5167	4627
3087	4628
1586	4629
8708	4630
5983	4631
8228	4632
9029	4633
5753	4634
2669	4635
3723	4636
9183	4637
16	4638
50	4639
9614	4640
385	4641
9823	4642
6996	4643
3228	4644
3438	4645
46	4646
4850	4647
5470	4648
5534	4649
2203	4650
4763	4651
3832	4652
9283	4653
208	4654
1603	4655
738	4656
2523	4657
4842	4658
9707	4659
5862	4660
2289	4661
1652	4662
9004	4663
8449	4664
594	4665
4226	4666
1943	4667
8736	4668
3709	4669
9540	4670
4194	4671
1146	4672
5270	4673
3694	4674
9134	4675
324	4676
8765	4677
1263	4678
213	4679
7093	4680
5789	4681
6649	4682
564	4683
6122	4684
2076	4685
2807	4686
1986	4687
741	4688
6203	4689
7421	4690
5293	4691
3279	4692
456	4693
2476	4694
5702	4695
3932	4696
4916	4697
874	4698
3440	4699
6485	4700
5115	4701
921	4702
140	4703
1382	4704
9390	4705
2333	4706
5649	4707
9448	4708
24	4709
6554	4710
8433	4711
8825	4712
879	4713
54	4714
1559	4715
1794	4716
1557	4717
4525	4718
7679	4719
3469	4720
9840	4721
5490	4722
3445	4723
1530	4724
9487	4725
5542	4726
6276	4727
8751	4728
3951	4729
5832	4730
6246	4731
4701	4732
1853	4733
6088	4734
291	4735
6480	4736
1815	4737
2934	4738
8030	4739
4419	4740
3847	4741
8356	4742
8031	4743
4585	4744
7181	4745
8503	4746
2719	4747
1967	4748
128	4749
9097	4750
5362	4751
5132	4752
6504	4753
8550	4754
9440	4755
6931	4756
9438	4757
4650	4758
9435	4759
2026	4760
6323	4761
5673	4762
671	4763
9201	4764
9275	4765
6578	4766
2041	4767
8047	4768
802	4769
1115	4770
2750	4771
4825	4772
5186	4773
2535	4774
1418	4775
7434	4776
758	4777
3052	4778
7285	4779
4176	4780
106	4781
93	4782
5532	4783
8299	4784
3537	4785
7313	4786
2615	4787
1926	4788
7655	4789
4401	4790
9231	4791
6989	4792
5221	4793
8779	4794
78	4795
7359	4796
1588	4797
2818	4798
7589	4799
2798	4800
4807	4801
5166	4802
6720	4803
6594	4804
8558	4805
9007	4806
9238	4807
8142	4808
3236	4809
3119	4810
7445	4811
5461	4812
353	4813
3718	4814
9253	4815
8786	4816
4675	4817
4559	4818
1657	4819
35	4820
1184	4821
3206	4822
4875	4823
9375	4824
2865	4825
6225	4826
6587	4827
5758	4828
3556	4829
9248	4830
7881	4831
359	4832
685	4833
5222	4834
2028	4835
8108	4836
4627	4837
7908	4838
7377	4839
8567	4840
3852	4841
2819	4842
6834	4843
428	4844
694	4845
6603	4846
2416	4847
2939	4848
2997	4849
1930	4850
9493	4851
9234	4852
7459	4853
9476	4854
1560	4855
1537	4856
1069	4857
7483	4858
6667	4859
3809	4860
2800	4861
9485	4862
7581	4863
3441	4864
884	4865
8735	4866
1042	4867
5698	4868
3258	4869
8857	4870
6904	4871
9070	4872
9361	4873
7599	4874
7504	4875
5879	4876
1066	4877
9338	4878
3922	4879
6885	4880
1245	4881
9533	4882
309	4883
7918	4884
236	4885
8300	4886
2279	4887
8353	4888
6958	4889
6218	4890
8711	4891
6541	4892
7360	4893
7906	4894
7151	4895
5487	4896
4678	4897
1083	4898
1944	4899
7441	4900
9432	4901
4310	4902
7619	4903
949	4904
3214	4905
7299	4906
2524	4907
8107	4908
5090	4909
1860	4910
4390	4911
9426	4912
2793	4913
9726	4914
618	4915
61	4916
4975	4917
5682	4918
8248	4919
3765	4920
3627	4921
1478	4922
5504	4923
17	4924
5685	4925
9013	4926
7050	4927
2886	4928
263	4929
9465	4930
5242	4931
7559	4932
7038	4933
1877	4934
7182	4935
5265	4936
7408	4937
141	4938
7136	4939
1827	4940
8194	4941
311	4942
885	4943
7996	4944
1327	4945
6293	4946
9582	4947
4545	4948
4371	4949
3280	4950
7689	4951
9180	4952
4468	4953
7084	4954
4189	4955
8293	4956
8027	4957
9649	4958
235	4959
354	4960
4752	4961
8126	4962
6557	4963
6404	4964
9810	4965
6775	4966
7709	4967
4	4968
3509	4969
4118	4970
7412	4971
2637	4972
3025	4973
4430	4974
3640	4975
7613	4976
1665	4977
1296	4978
418	4979
5269	4980
9542	4981
3512	4982
6767	4983
3459	4984
2830	4985
2601	4986
7854	4987
2396	4988
186	4989
4317	4990
4425	4991
7756	4992
680	4993
24	4994
4949	4995
6848	4996
9842	4997
3296	4998
8363	4999
2413	5000
4990	5001
5205	5002
5241	5003
7124	5004
3106	5005
4018	5006
2238	5007
4992	5008
9113	5009
982	5010
7673	5011
173	5012
7409	5013
8579	5014
4864	5015
543	5016
684	5017
1661	5018
4038	5019
7321	5020
9162	5021
6779	5022
4924	5023
2126	5024
3797	5025
3974	5026
844	5027
2884	5028
7832	5029
9786	5030
623	5031
7593	5032
3667	5033
1929	5034
6304	5035
6	5036
6592	5037
8924	5038
2768	5039
2119	5040
3507	5041
7847	5042
8416	5043
1703	5044
290	5045
2181	5046
2212	5047
8457	5048
1716	5049
6261	5050
143	5051
4043	5052
2237	5053
9756	5054
1521	5055
4447	5056
3172	5057
8138	5058
2501	5059
8205	5060
8239	5061
3388	5062
7008	5063
2825	5064
9278	5065
6919	5066
5203	5067
4482	5068
5324	5069
1145	5070
7514	5071
7411	5072
7888	5073
6219	5074
6791	5075
8852	5076
9339	5077
2834	5078
4523	5079
2996	5080
8343	5081
5387	5082
5902	5083
6290	5084
3810	5085
3149	5086
5825	5087
9346	5088
854	5089
5476	5090
9257	5091
8946	5092
9581	5093
5823	5094
7305	5095
2539	5096
5834	5097
7931	5098
8641	5099
4109	5100
828	5101
5313	5102
8624	5103
3943	5104
947	5105
9656	5106
3478	5107
6035	5108
7836	5109
7691	5110
6394	5111
9566	5112
4684	5113
860	5114
2213	5115
5713	5116
1893	5117
8642	5118
5084	5119
7862	5120
4659	5121
2155	5122
34	5123
7296	5124
502	5125
7336	5126
5325	5127
3177	5128
8122	5129
5213	5130
3982	5131
3150	5132
5078	5133
6444	5134
4417	5135
7478	5136
9501	5137
264	5138
6565	5139
2742	5140
7761	5141
7384	5142
5457	5143
5814	5144
8623	5145
4131	5146
4036	5147
9697	5148
8568	5149
1941	5150
5558	5151
7242	5152
1302	5153
1764	5154
5174	5155
9812	5156
8834	5157
5732	5158
5096	5159
7350	5160
6740	5161
7520	5162
3566	5163
2632	5164
7186	5165
907	5166
7417	5167
4486	5168
6569	5169
5233	5170
58	5171
8176	5172
1261	5173
9564	5174
5475	5175
6830	5176
6670	5177
9719	5178
9370	5179
202	5180
3963	5181
2218	5182
8067	5183
3605	5184
8357	5185
7448	5186
6194	5187
4980	5188
3032	5189
2790	5190
5170	5191
9227	5192
7012	5193
7130	5194
6015	5195
8042	5196
4284	5197
700	5198
9121	5199
4634	5200
8392	5201
8197	5202
2208	5203
5169	5204
1208	5205
9578	5206
4569	5207
8659	5208
6424	5209
3845	5210
5824	5211
7720	5212
7498	5213
6154	5214
3067	5215
2131	5216
8498	5217
2727	5218
132	5219
8242	5220
4509	5221
1123	5222
7698	5223
1325	5224
2460	5225
3981	5226
8677	5227
8674	5228
7618	5229
6450	5230
8318	5231
7066	5232
560	5233
5164	5234
3870	5235
1851	5236
9813	5237
6307	5238
308	5239
3153	5240
9829	5241
9808	5242
4277	5243
2060	5244
3179	5245
6196	5246
1449	5247
2040	5248
1381	5249
2217	5250
630	5251
2965	5252
3047	5253
4632	5254
8328	5255
2091	5256
7784	5257
3040	5258
6746	5259
3961	5260
8009	5261
6864	5262
2537	5263
7898	5264
4217	5265
1514	5266
1692	5267
8490	5268
5708	5269
8019	5270
7935	5271
9831	5272
4871	5273
4591	5274
9316	5275
1901	5276
4617	5277
3621	5278
1356	5279
9539	5280
1947	5281
5145	5282
3395	5283
8970	5284
2364	5285
7069	5286
4001	5287
2650	5288
6671	5289
127	5290
3238	5291
4734	5292
593	5293
6523	5294
6785	5295
3910	5296
7558	5297
902	5298
9495	5299
4074	5300
1440	5301
8705	5302
9081	5303
4366	5304
4612	5305
4006	5306
2122	5307
7374	5308
8932	5309
8385	5310
1078	5311
748	5312
42	5313
7868	5314
1101	5315
5626	5316
5548	5317
3200	5318
6378	5319
3065	5320
6254	5321
8588	5322
9836	5323
7131	5324
9258	5325
7078	5326
2723	5327
4073	5328
1185	5329
1470	5330
6605	5331
9148	5332
9219	5333
7730	5334
8286	5335
7570	5336
179	5337
5953	5338
3433	5339
1451	5340
229	5341
4935	5342
6002	5343
2062	5344
8226	5345
325	5346
6717	5347
864	5348
7529	5349
9434	5350
7372	5351
9147	5352
5750	5353
7641	5354
5363	5355
8975	5356
1625	5357
6502	5358
1094	5359
2968	5360
4927	5361
1313	5362
5460	5363
5539	5364
3335	5365
1861	5366
5013	5367
4124	5368
1937	5369
7058	5370
420	5371
2510	5372
8045	5373
3651	5374
4718	5375
5488	5376
8748	5377
220	5378
1715	5379
133	5380
31	5381
9753	5382
231	5383
5938	5384
4448	5385
1407	5386
903	5387
3256	5388
5812	5389
1160	5390
2733	5391
687	5392
3672	5393
4691	5394
5200	5395
2151	5396
2275	5397
2762	5398
3336	5399
5573	5400
1763	5401
6208	5402
8161	5403
6738	5404
3596	5405
4667	5406
1167	5407
2506	5408
6303	5409
1453	5410
5613	5411
9035	5412
5830	5413
7099	5414
5077	5415
5255	5416
411	5417
8172	5418
4065	5419
4972	5420
6399	5421
3468	5422
6983	5423
412	5424
2023	5425
7527	5426
1837	5427
7157	5428
3051	5429
2135	5430
4741	5431
4909	5432
960	5433
3739	5434
6395	5435
5098	5436
9288	5437
5688	5438
9740	5439
6085	5440
4683	5441
101	5442
6914	5443
3136	5444
5458	5445
9439	5446
1064	5447
7806	5448
7460	5449
6798	5450
7370	5451
7055	5452
1363	5453
7115	5454
6959	5455
4625	5456
8073	5457
6417	5458
3215	5459
8163	5460
8873	5461
4714	5462
5088	5463
2635	5464
6558	5465
4020	5466
3795	5467
8821	5468
3607	5469
6897	5470
462	5471
6060	5472
9498	5473
8920	5474
4311	5475
5483	5476
659	5477
2994	5478
2616	5479
1287	5480
987	5481
4368	5482
7357	5483
6863	5484
2085	5485
7801	5486
7442	5487
32	5488
1721	5489
3591	5490
4886	5491
5757	5492
64	5493
2370	5494
5821	5495
2498	5496
4778	5497
9302	5498
3180	5499
8896	5500
3805	5501
7765	5502
8315	5503
1678	5504
4469	5505
1873	5506
5182	5507
2251	5508
5882	5509
1739	5510
4586	5511
3276	5512
1640	5513
136	5514
295	5515
6202	5516
140	5517
2016	5518
1402	5519
4110	5520
7859	5521
3572	5522
6355	5523
6803	5524
1790	5525
3808	5526
3655	5527
4052	5528
7375	5529
8350	5530
2487	5531
8415	5532
3978	5533
6185	5534
2520	5535
5954	5536
3246	5537
9519	5538
2693	5539
4446	5540
1519	5541
1163	5542
33	5543
89	5544
8460	5545
1946	5546
529	5547
3999	5548
4051	5549
9844	5550
8513	5551
7025	5552
3082	5553
4472	5554
7217	5555
8922	5556
1660	5557
820	5558
1507	5559
164	5560
7062	5561
1315	5562
253	5563
7047	5564
7399	5565
3076	5566
4072	5567
8275	5568
2454	5569
3691	5570
5856	5571
9051	5572
3193	5573
7857	5574
931	5575
239	5576
3229	5577
9433	5578
5392	5579
6531	5580
391	5581
3986	5582
1102	5583
3890	5584
8085	5585
6220	5586
5524	5587
2287	5588
8989	5589
1723	5590
2239	5591
7571	5592
518	5593
4956	5594
4604	5595
4262	5596
8803	5597
73	5598
3956	5599
5417	5600
7344	5601
3120	5602
2567	5603
1258	5604
5356	5605
2560	5606
3875	5607
5336	5608
9714	5609
4101	5610
5082	5611
5268	5612
5188	5613
3502	5614
9720	5615
9856	5616
1783	5617
6685	5618
834	5619
4170	5620
6855	5621
4705	5622
8058	5623
1056	5624
5282	5625
9265	5626
2660	5627
4444	5628
8095	5629
632	5630
1982	5631
2619	5632
7646	5633
3589	5634
4786	5635
9139	5636
3387	5637
2695	5638
2246	5639
7903	5640
9809	5641
3687	5642
1500	5643
348	5644
9374	5645
3341	5646
3716	5647
1460	5648
1574	5649
5248	5650
298	5651
8420	5652
763	5653
3278	5654
1011	5655
3355	5656
6954	5657
4571	5658
4955	5659
6025	5660
5887	5661
9570	5662
7710	5663
7544	5664
87	5665
5114	5666
7637	5667
8686	5668
5907	5669
9251	5670
8771	5671
1536	5672
2694	5673
6949	5674
5959	5675
2068	5676
1540	5677
9548	5678
4587	5679
6379	5680
2964	5681
501	5682
956	5683
2771	5684
4760	5685
8722	5686
5502	5687
952	5688
1052	5689
7461	5690
5595	5691
3266	5692
332	5693
2854	5694
5100	5695
4465	5696
5648	5697
721	5698
769	5699
2728	5700
607	5701
8421	5702
2314	5703
9774	5704
8607	5705
782	5706
6039	5707
2088	5708
2033	5709
6181	5710
6628	5711
6472	5712
4183	5713
2841	5714
3397	5715
3819	5716
9197	5717
2883	5718
8078	5719
5988	5720
2183	5721
2234	5722
198	5723
8440	5724
5687	5725
1156	5726
4918	5727
9790	5728
8290	5729
7664	5730
6755	5731
6638	5732
945	5733
1338	5734
6021	5735
5831	5736
7516	5737
9424	5738
6331	5739
1201	5740
6014	5741
1724	5742
1533	5743
6586	5744
6737	5745
7751	5746
6854	5747
1339	5748
2574	5749
1848	5750
6086	5751
2918	5752
6341	5753
8250	5754
7148	5755
3072	5756
1219	5757
9389	5758
3930	5759
4870	5760
26	5761
3606	5762
7818	5763
1518	5764
1027	5765
9017	5766
7373	5767
7894	5768
9142	5769
3728	5770
7419	5771
7518	5772
8005	5773
7628	5774
5746	5775
2351	5776
9304	5777
9610	5778
5146	5779
4236	5780
1006	5781
8241	5782
9203	5783
7040	5784
8943	5785
6708	5786
764	5787
3366	5788
7608	5789
4792	5790
5232	5791
7127	5792
4324	5793
9767	5794
4944	5795
4765	5796
9535	5797
3579	5798
5754	5799
3567	5800
7815	5801
7663	5802
9072	5803
3048	5804
2893	5805
8384	5806
6080	5807
4608	5808
1786	5809
8909	5810
5940	5811
1060	5812
8569	5813
1257	5814
6312	5815
6575	5816
9661	5817
8800	5818
8620	5819
6760	5820
8411	5821
8206	5822
96	5823
5328	5824
4863	5825
3715	5826
7065	5827
1529	5828
8128	5829
845	5830
4546	5831
8493	5832
8134	5833
2435	5834
1124	5835
7909	5836
453	5837
2857	5838
1439	5839
4589	5840
9509	5841
181	5842
1242	5843
8776	5844
6869	5845
2450	5846
3601	5847
4715	5848
209	5849
5173	5850
8688	5851
3295	5852
8465	5853
8113	5854
7639	5855
68	5856
8826	5857
5194	5858
3249	5859
2773	5860
3749	5861
6071	5862
2221	5863
776	5864
510	5865
1734	5866
6727	5867
3188	5868
4316	5869
9698	5870
1373	5871
2589	5872
5228	5873
5664	5874
3545	5875
8342	5876
6430	5877
2631	5878
2252	5879
5225	5880
6037	5881
6635	5882
6407	5883
5710	5884
1881	5885
9835	5886
249	5887
9653	5888
150	5889
8566	5890
9378	5891
4731	5892
6859	5893
5109	5894
815	5895
1740	5896
6962	5897
9528	5898
3926	5899
9315	5900
4258	5901
643	5902
5603	5903
4031	5904
3325	5905
8441	5906
4352	5907
4318	5908
590	5909
4597	5910
405	5911
2187	5912
2775	5913
8361	5914
6490	5915
1958	5916
3481	5917
5852	5918
4119	5919
6180	5920
6056	5921
4075	5922
5621	5923
5004	5924
6453	5925
3914	5926
7960	5927
1132	5928
9124	5929
1686	5930
7214	5931
2715	5932
1951	5933
8861	5934
367	5935
5994	5936
5	5937
2194	5938
513	5939
8453	5940
3491	5941
9418	5942
4697	5943
1915	5944
7952	5945
1401	5946
4290	5947
7796	5948
72	5949
2309	5950
7981	5951
6495	5952
2726	5953
6347	5954
9586	5955
9295	5956
1802	5957
8770	5958
1348	5959
1446	5960
9462	5961
4063	5962
2030	5963
1464	5964
9529	5965
7718	5966
8015	5967
5388	5968
5849	5969
9098	5970
2254	5971
8396	5972
4114	5973
5762	5974
4733	5975
1567	5976
8715	5977
3950	5978
1284	5979
4056	5980
1811	5981
7969	5982
4762	5983
1388	5984
9111	5985
5901	5986
5514	5987
6584	5988
8476	5989
20	5990
3844	5991
5886	5992
6982	5993
9798	5994
5828	5995
6141	5996
1465	5997
6349	5998
7081	5999
4649	6000
3009	6001
922	6002
4322	6003
5888	6004
9020	6005
102	6006
9222	6007
5283	6008
6835	6009
4103	6010
2323	6011
9648	6012
7201	6013
2761	6014
7195	6015
9215	6016
5794	6017
9463	6018
4367	6019
8628	6020
2684	6021
7553	6022
4941	6023
5968	6024
5258	6025
7741	6026
1651	6027
7169	6028
9204	6029
3639	6030
3742	6031
8313	6032
8059	6033
1105	6034
5129	6035
1979	6036
2833	6037
4185	6038
5680	6039
8084	6040
9254	6041
1294	6042
2549	6043
6742	6044
7210	6045
7326	6046
58	6047
1506	6048
811	6049
7748	6050
5677	6051
3011	6052
3230	6053
3367	6054
781	6055
9819	6056
8077	6057
2173	6058
9451	6059
9550	6060
9249	6061
3100	6062
9043	6063
7734	6064
5414	6065
100	6066
1221	6067
9116	6068
8956	6069
5152	6070
7218	6071
5419	6072
2633	6073
7244	6074
7676	6075
3888	6076
8523	6077
620	6078
6560	6079
3636	6080
4913	6081
6487	6082
5961	6083
7560	6084
3016	6085
7389	6086
5489	6087
118	6088
9371	6089
3304	6090
9341	6091
5412	6092
7953	6093
4775	6094
2794	6095
4995	6096
6040	6097
3913	6098
7061	6099
1473	6100
1090	6101
8524	6102
7957	6103
9018	6104
8704	6105
7316	6106
5257	6107
4757	6108
1209	6109
9657	6110
7402	6111
4266	6112
3624	6113
3098	6114
6126	6115
6374	6116
5484	6117
1836	6118
9271	6119
7235	6120
2262	6121
2895	6122
4445	6123
8175	6124
386	6125
7462	6126
908	6127
4308	6128
1730	6129
624	6130
6924	6131
9221	6132
6899	6133
9604	6134
6454	6135
3095	6136
3747	6137
1913	6138
9217	6139
7404	6140
5591	6141
6735	6142
1130	6143
5775	6144
1685	6145
8899	6146
6106	6147
1419	6148
6431	6149
4983	6150
7179	6151
8732	6152
9709	6153
4677	6154
7955	6155
979	6156
6222	6157
5962	6158
8076	6159
4897	6160
4300	6161
1719	6162
60	6163
6473	6164
8905	6165
2142	6166
2054	6167
6926	6168
1022	6169
7277	6170
8271	6171
1423	6172
1675	6173
4579	6174
5872	6175
5892	6176
268	6177
6278	6178
2648	6179
4610	6180
4652	6181
5927	6182
5074	6183
3090	6184
2748	6185
8618	6186
5070	6187
2811	6188
4307	6189
2702	6190
8209	6191
5549	6192
6813	6193
5197	6194
8340	6195
5065	6196
4306	6197
6342	6198
9503	6199
2496	6200
9285	6201
3156	6202
5875	6203
7937	6204
4111	6205
80	6206
8595	6207
3349	6208
2453	6209
6130	6210
768	6211
6718	6212
8309	6213
440	6214
5016	6215
9075	6216
586	6217
4405	6218
4178	6219
4702	6220
3807	6221
4338	6222
7293	6223
2443	6224
3265	6225
5069	6226
5209	6227
3837	6228
978	6229
8429	6230
421	6231
4811	6232
4104	6233
6559	6234
7809	6235
7365	6236
9622	6237
4828	6238
2267	6239
6286	6240
2680	6241
2478	6242
3738	6243
9700	6244
1000	6245
1892	6246
9701	6247
3148	6248
7188	6249
6211	6250
9627	6251
8608	6252
1336	6253
2499	6254
3050	6255
2780	6256
5399	6257
8806	6258
562	6259
4440	6260
6152	6261
7904	6262
789	6263
7295	6264
7925	6265
9153	6266
5619	6267
8919	6268
7401	6269
2355	6270
1767	6271
481	6272
9216	6273
7528	6274
4370	6275
3626	6276
9269	6277
5033	6278
9690	6279
3329	6280
9576	6281
5624	6282
1655	6283
8893	6284
171	6285
5851	6286
4853	6287
7990	6288
610	6289
2887	6290
6544	6291
8977	6292
4538	6293
1516	6294
9633	6295
2305	6296
515	6297
5749	6298
5219	6299
1172	6300
4552	6301
7455	6302
3791	6303
3678	6304
4028	6305
8871	6306
7197	6307
4588	6308
6843	6309
2488	6310
7740	6311
5395	6312
8023	6313
4874	6314
5776	6315
8003	6316
9592	6317
1844	6318
6827	6319
6442	6320
4896	6321
528	6322
5889	6323
315	6324
1934	6325
9077	6326
8653	6327
4015	6328
349	6329
2344	6330
1411	6331
5508	6332
1149	6333
5941	6334
6097	6335
4179	6336
5637	6337
1100	6338
7164	6339
6199	6340
911	6341
2406	6342
1748	6343
3024	6344
2199	6345
2656	6346
3912	6347
8338	6348
7683	6349
8082	6350
3175	6351
7286	6352
5878	6353
6948	6354
1878	6355
3856	6356
4061	6357
3364	6358
5346	6359
8246	6360
5029	6361
2928	6362
3208	6363
5917	6364
11	6365
4037	6366
5562	6367
6330	6368
6292	6369
1504	6370
6393	6371
4698	6372
6682	6373
1477	6374
2387	6375
9076	6376
7800	6377
1856	6378
1547	6379
3137	6380
9243	6381
6277	6382
252	6383
2716	6384
5002	6385
4602	6386
7345	6387
7213	6388
5525	6389
6382	6390
7976	6391
4646	6392
6943	6393
8406	6394
129	6395
5898	6396
6482	6397
8647	6398
4713	6399
2027	6400
6923	6401
7410	6402
6115	6403
4418	6404
1575	6405
3533	6406
1584	6407
6967	6408
4222	6409
7760	6410
1207	6411
1735	6412
9745	6413
3758	6414
2471	6415
3166	6416
1171	6417
2115	6418
7724	6419
7654	6420
8578	6421
1821	6422
1637	6423
3213	6424
6045	6425
1103	6426
9466	6427
2125	6428
5756	6429
5955	6430
957	6431
2430	6432
5136	6433
7923	6434
7808	6435
8643	6436
4227	6437
5474	6438
2592	6439
9408	6440
1683	6441
6652	6442
4196	6443
3670	6444
7966	6445
9436	6446
9066	6447
2701	6448
7860	6449
464	6450
128	6451
2774	6452
8320	6453
7912	6454
9847	6455
5354	6456
8140	6457
7511	6458
5546	6459
5797	6460
8953	6461
6287	6462
4313	6463
852	6464
4761	6465
4200	6466
7027	6467
7890	6468
1599	6469
3506	6470
3965	6471
6669	6472
3526	6473
676	6474
2931	6475
7102	6476
6673	6477
5583	6478
259	6479
4636	6480
1088	6481
44	6482
5723	6483
9377	6484
4438	6485
4582	6486
5563	6487
1343	6488
2121	6489
509	6490
3904	6491
8939	6492
1392	6493
3998	6494
4344	6495
6440	6496
4613	6497
8109	6498
4396	6499
2078	6500
7049	6501
2869	6502
3192	6503
9189	6504
5396	6505
561	6506
878	6507
559	6508
3161	6509
336	6510
3650	6511
4350	6512
38	6513
3827	6514
6889	6515
6396	6516
9310	6517
3308	6518
8847	6519
7308	6520
4680	6521
1835	6522
5602	6523
1358	6524
9806	6525
871	6526
9599	6527
2204	6528
2270	6529
6513	6530
5448	6531
60	6532
4484	6533
6283	6534
5006	6535
3132	6536
7793	6537
114	6538
634	6539
4836	6540
7531	6541
609	6542
7773	6543
888	6544
4246	6545
3748	6546
6281	6547
5586	6548
2623	6549
7733	6550
1305	6551
4575	6552
4152	6553
8322	6554
7216	6555
6282	6556
4383	6557
9514	6558
5310	6559
435	6560
8001	6561
7109	6562
5019	6563
1886	6564
8394	6565
1489	6566
4029	6567
7142	6568
5584	6569
6890	6570
7819	6571
5904	6572
7489	6573
5039	6574
7974	6575
3991	6576
1237	6577
7381	6578
855	6579
5447	6580
836	6581
9403	6582
3642	6583
8240	6584
3733	6585
3004	6586
7687	6587
5976	6588
3958	6589
7656	6590
5782	6591
2554	6592
3203	6593
3822	6594
2352	6595
525	6596
3197	6597
7184	6598
9047	6599
4206	6600
3362	6601
9263	6602
8944	6603
1495	6604
6214	6605
95	6606
1306	6607
786	6608
7325	6609
3841	6610
8488	6611
5393	6612
5681	6613
3103	6614
5759	6615
5406	6616
5037	6617
8941	6618
3792	6619
9291	6620
3430	6621
8329	6622
4522	6623
6439	6624
1494	6625
6321	6626
6802	6627
3319	6628
3941	6629
9699	6630
3323	6631
3261	6632
850	6633
1443	6634
4329	6635
9792	6636
8388	6637
9543	6638
6766	6639
9560	6640
2141	6641
5137	6642
7155	6643
338	6644
3557	6645
7525	6646
4400	6647
6266	6648
1432	6649
6227	6650
821	6651
2101	6652
3099	6653
3850	6654
9470	6655
4888	6656
3035	6657
853	6658
3513	6659
2597	6660
322	6661
2358	6662
8927	6663
3724	6664
1092	6665
6385	6666
9014	6667
237	6668
1859	6669
9711	6670
2626	6671
7901	6672
373	6673
5957	6674
1467	6675
2269	6676
7222	6677
7110	6678
9166	6679
8485	6680
2359	6681
7805	6682
1627	6683
1592	6684
5971	6685
1502	6686
4603	6687
9402	6688
9499	6689
713	6690
9039	6691
8804	6692
4422	6693
2835	6694
943	6695
4993	6696
1389	6697
1909	6698
1871	6699
5287	6700
6600	6701
723	6702
706	6703
3625	6704
3371	6705
2791	6706
6244	6707
621	6708
1273	6709
5373	6710
7306	6711
143	6712
9119	6713
3599	6714
3906	6715
9444	6716
8474	6717
6995	6718
1726	6719
4648	6720
221	6721
7657	6722
8368	6723
2442	6724
8890	6725
7973	6726
6550	6727
6880	6728
574	6729
1111	6730
6313	6731
8296	6732
4834	6733
6706	6734
7303	6735
2570	6736
5818	6737
9171	6738
5154	6739
8148	6740
449	6741
5784	6742
23	6743
1394	6744
8263	6745
142	6746
570	6747
9494	6748
3693	6749
1487	6750
5850	6751
7600	6752
467	6753
1013	6754
9759	6755
7314	6756
2908	6757
4900	6758
1953	6759
27	6760
6613	6761
3311	6762
5695	6763
1202	6764
5980	6765
1193	6766
3134	6767
9280	6768
2924	6769
122	6770
861	6771
6054	6772
7387	6773
7921	6774
3398	6775
9635	6776
9095	6777
3337	6778
8233	6779
5244	6780
3763	6781
375	6782
83	6783
1	6784
715	6785
2390	6786
6497	6787
9176	6788
597	6789
8921	6790
7300	6791
4203	6792
1983	6793
4637	6794
2882	6795
5730	6796
9194	6797
6132	6798
1796	6799
6138	6800
7176	6801
388	6802
897	6803
5783	6804
396	6805
6457	6806
4365	6807
9676	6808
3586	6809
6044	6810
1919	6811
7933	6812
1396	6813
2230	6814
2872	6815
1206	6816
152	6817
3420	6818
9683	6819
6433	6820
7486	6821
5949	6822
4912	6823
8897	6824
2191	6825
4070	6826
4797	6827
5267	6828
8070	6829
5107	6830
5161	6831
5569	6832
4810	6833
258	6834
5930	6835
3045	6836
8207	6837
7324	6838
2326	6839
7446	6840
7433	6841
6053	6842
9210	6843
1968	6844
7554	6845
4938	6846
3891	6847
5093	6848
9202	6849
8938	6850
8757	6851
470	6852
4535	6853
4520	6854
4747	6855
5316	6856
5455	6857
8664	6858
469	6859
7578	6860
3128	6861
427	6862
2201	6863
2105	6864
9157	6865
8115	6866
846	6867
6831	6868
636	6869
7016	6870
3703	6871
9585	6872
7917	6873
4645	6874
2744	6875
6968	6876
7728	6877
1817	6878
9059	6879
4961	6880
3711	6881
7175	6882
2132	6883
8180	6884
5072	6885
1162	6886
1976	6887
9702	6888
4483	6889
6981	6890
2197	6891
9415	6892
3231	6893
665	6894
2465	6895
3356	6896
8475	6897
5512	6898
809	6899
4981	6900
2004	6901
6250	6902
7116	6903
6232	6904
6517	6905
7167	6906
8403	6907
5291	6908
244	6909
4164	6910
3721	6911
7950	6912
3554	6913
3464	6914
8512	6915
7134	6916
7388	6917
4882	6918
2786	6919
8963	6920
4782	6921
45	6922
9437	6923
1347	6924
9115	6925
7989	6926
8552	6927
6253	6928
7294	6929
6110	6930
4171	6931
87	6932
7864	6933
8167	6934
8213	6935
4144	6936
9104	6937
5340	6938
1668	6939
1326	6940
5986	6941
8399	6942
6969	6943
9663	6944
4214	6945
8260	6946
3617	6947
6226	6948
7566	6949
1015	6950
8634	6951
5594	6952
5572	6953
6333	6954
1824	6955
1632	6956
3244	6957
6561	6958
6809	6959
4112	6960
6657	6961
6089	6962
4943	6963
139	6964
2354	6965
5058	6966
6245	6967
4180	6968
6729	6969
9735	6970
9484	6971
7467	6972
1314	6973
9191	6974
3835	6975
5519	6976
1275	6977
4950	6978
2055	6979
9537	6980
7572	6981
693	6982
6095	6983
4199	6984
9048	6985
5134	6986
6166	6987
8587	6988
7967	6989
8531	6990
474	6991
806	6992
637	6993
600	6994
130	6995
9624	6996
8783	6997
7506	6998
9330	6999
6574	7000
7166	7001
4463	7002
4494	7003
12	7004
3858	7005
4281	7006
4496	7007
8933	7008
407	7009
689	7010
3135	7011
1583	7012
3113	7013
1320	7014
4847	7015
4209	7016
2045	7017
2967	7018
3919	7019
2484	7020
8593	7021
3937	7022
3933	7023
5694	7024
6801	7025
2058	7026
6555	7027
8504	7028
1903	7029
8557	7030
7156	7031
3859	7032
6754	7033
8500	7034
3620	7035
798	7036
9209	7037
1169	7038
1639	7039
2124	7040
2241	7041
4060	7042
9348	7043
2999	7044
1017	7045
6647	7046
3800	7047
9156	7048
662	7049
3044	7050
2645	7051
7439	7052
533	7053
3484	7054
968	7055
2720	7056
9342	7057
9412	7058
6370	7059
483	7060
4542	7061
6336	7062
1084	7063
1178	7064
8502	7065
652	7066
2456	7067
2753	7068
7882	7069
1699	7070
3706	7071
4890	7072
4341	7073
4457	7074
9541	7075
5855	7076
4566	7077
4776	7078
4285	7079
3907	7080
6397	7081
1942	7082
3186	7083
8046	7084
5288	7085
4471	7086
4699	7087
1490	7088
9574	7089
747	7090
1431	7091
2805	7092
2258	7093
3668	7094
7476	7095
204	7096
2630	7097
7256	7098
6149	7099
71	7100
2927	7101
3887	7102
7721	7103
6020	7104
9763	7105
5870	7106
7076	7107
2851	7108
5031	7109
149	7110
5956	7111
7082	7112
1435	7113
7802	7114
4168	7115
2145	7116
7160	7117
1722	7118
159	7119
9332	7120
7075	7121
2662	7122
1970	7123
5053	7124
5809	7125
454	7126
2127	7127
3818	7128
8102	7129
3093	7130
2179	7131
7699	7132
2891	7133
6619	7134
7541	7135
2492	7136
1713	7137
3042	7138
8582	7139
7985	7140
569	7141
64	7142
839	7143
5073	7144
5731	7145
2676	7146
7481	7147
7379	7148
2148	7149
5359	7150
6350	7151
68	7152
4302	7153
3300	7154
4574	7155
1607	7156
6446	7157
703	7158
4301	7159
4091	7160
6583	7161
6815	7162
3033	7163
7816	7164
1463	7165
8267	7166
1839	7167
7861	7168
5576	7169
1469	7170
9692	7171
1745	7172
2441	7173
5254	7174
6805	7175
5046	7176
6663	7177
7330	7178
387	7179
7984	7180
2021	7181
2320	7182
5042	7183
3794	7184
7754	7185
6274	7186
7072	7187
3111	7188
6426	7189
7269	7190
9421	7191
2711	7192
2953	7193
9766	7194
6476	7195
9192	7196
1751	7197
719	7198
9270	7199
1113	7200
5381	7201
480	7202
3233	7203
6905	7204
1780	7205
4946	7206
8530	7207
5022	7208
6543	7209
101	7210
2974	7211
3784	7212
4827	7213
832	7214
5611	7215
1309	7216
5978	7217
6832	7218
2073	7219
5259	7220
5939	7221
4462	7222
7	7223
5915	7224
4321	7225
75	7226
1883	7227
5588	7228
8024	7229
6136	7230
1452	7231
3789	7232
5171	7233
773	7234
5651	7235
8908	7236
8069	7237
3756	7238
6731	7239
771	7240
7551	7241
4252	7242
4030	7243
242	7244
5227	7245
3408	7246
5391	7247
6710	7248
9086	7249
4421	7250
8191	7251
5896	7252
1600	7253
8093	7254
6822	7255
6546	7256
4503	7257
7519	7258
3918	7259
3467	7260
8259	7261
3862	7262
6492	7263
9459	7264
8630	7265
9367	7266
3	7267
1752	7268
7692	7269
7829	7270
9563	7271
1468	7272
5083	7273
858	7274
9686	7275
4690	7276
1932	7277
5218	7278
79	7279
1317	7280
9478	7281
906	7282
6375	7283
7490	7284
6540	7285
9092	7286
7252	7287
1959	7288
1650	7289
2136	7290
2363	7291
3817	7292
3066	7293
9401	7294
3944	7295
7717	7296
1032	7297
2206	7298
3769	7299
6145	7300
2228	7301
9173	7302
2763	7303
7281	7304
276	7305
2324	7306
5005	7307
8798	7308
8969	7309
622	7310
448	7311
8326	7312
5445	7313
7272	7314
2012	7315
3383	7316
7624	7317
8478	7318
1349	7319
5175	7320
1807	7321
4635	7322
5469	7323
2384	7324
5099	7325
9615	7326
1371	7327
4514	7328
7792	7329
3945	7330
8601	7331
5000	7332
4479	7333
7767	7334
9026	7335
1874	7336
7264	7337
6825	7338
444	7339
6468	7340
6846	7341
4839	7342
270	7343
9695	7344
9800	7345
7749	7346
3681	7347
5212	7348
9504	7349
5261	7350
3804	7351
6615	7352
147	7353
1659	7354
4507	7355
1857	7356
2915	7357
5367	7358
8887	7359
8823	7360
4534	7361
5582	7362
7891	7363
7045	7364
389	7365
7592	7366
8866	7367
8906	7368
9502	7369
2232	7370
7391	7371
306	7372
2541	7373
8177	7374
9597	7375
328	7376
8709	7377
372	7378
8426	7379
3471	7380
8846	7381
5808	7382
4407	7383
9010	7384
9161	7385
1785	7386
6661	7387
6732	7388
2114	7389
7700	7390
8155	7391
321	7392
9505	7393
3798	7394
9442	7395
8985	7396
2329	7397
1706	7398
1550	7399
4228	7400
6033	7401
7103	7402
1999	7403
6549	7404
8707	7405
4429	7406
7649	7407
9621	7408
9811	7409
153	7410
3060	7411
7178	7412
1918	7413
1454	7414
4964	7415
6553	7416
8996	7417
2472	7418
8154	7419
5030	7420
4012	7421
1095	7422
3905	7423
887	7424
3109	7425
8833	7426
9328	7427
4872	7428
6653	7429
542	7430
6840	7431
5656	7432
7274	7433
8762	7434
4376	7435
2440	7436
5397	7437
5243	7438
8702	7439
7247	7440
4251	7441
1896	7442
712	7443
628	7444
3394	7445
3671	7446
4304	7447
648	7448
1010	7449
8227	7450
9617	7451
6238	7452
1792	7453
2876	7454
5804	7455
365	7456
104	7457
2219	7458
8721	7459
4305	7460
5936	7461
2618	7462
3843	7463
1232	7464
5327	7465
3250	7466
7920	7467
9364	7468
228	7469
2586	7470
2256	7471
1771	7472
8925	7473
3764	7474
7089	7475
4942	7476
9817	7477
2302	7478
7328	7479
6636	7480
4802	7481
8189	7482
8029	7483
3418	7484
3239	7485
7145	7486
4759	7487
1293	7488
9090	7489
5728	7490
4729	7491
2797	7492
835	7493
6234	7494
6376	7495
217	7496
8981	7497
3610	7498
53	7499
6814	7500
1741	7501
8645	7502
6570	7503
9154	7504
9082	7505
1813	7506
9084	7507
3435	7508
2846	7509
1137	7510
7892	7511
1036	7512
4795	7513
5690	7514
7063	7515
3201	7516
7521	7517
8412	7518
8360	7519
6917	7520
8409	7521
5697	7522
995	7523
7524	7524
5235	7525
3198	7526
1003	7527
8633	7528
4623	7529
6415	7530
2409	7531
3661	7532
6360	7533
273	7534
4487	7535
3707	7536
3523	7537
5877	7538
5319	7539
9516	7540
5332	7541
7601	7542
8583	7543
1428	7544
6320	7545
8574	7546
804	7547
8712	7548
3751	7549
3515	7550
8192	7551
2353	7552
2792	7553
2813	7554
4434	7555
9517	7556
6167	7557
9453	7558
3573	7559
4271	7560
638	7561
9372	7562
5991	7563
3849	7564
6521	7565
9754	7566
5301	7567
6351	7568
446	7569
4885	7570
2408	7571
8143	7572
3254	7573
8945	7574
6849	7575
4162	7576
9647	7577
9383	7578
7926	7579
5247	7580
4086	7581
6703	7582
9049	7583
6547	7584
951	7585
8913	7586
7782	7587
4865	7588
2955	7589
7842	7590
1804	7591
5290	7592
1538	7593
5479	7594
1379	7595
272	7596
6271	7597
172	7598
6488	7599
1885	7600
8341	7601
2666	7602
2759	7603
4706	7604
5921	7605
718	7606
1776	7607
8764	7608
8654	7609
1295	7610
4224	7611
1475	7612
4264	7613
5618	7614
6111	7615
1404	7616
4794	7617
583	7618
1421	7619
8110	7620
4192	7621
2278	7622
1039	7623
3218	7624
2469	7625
9242	7626
3541	7627
8726	7628
8849	7629
451	7630
4248	7631
1598	7632
9431	7633
5880	7634
9815	7635
581	7636
9631	7637
7414	7638
9685	7639
5965	7640
2987	7641
9553	7642
9571	7643
5932	7644
1301	7645
4141	7646
5883	7647
1023	7648
8083	7649
7633	7650
8092	7651
4035	7652
9206	7653
4846	7654
3803	7655
339	7656
3928	7657
3089	7658
6910	7659
489	7660
3793	7661
2434	7662
7447	7663
5383	7664
6380	7665
4449	7666
824	7667
4628	7668
6464	7669
2578	7670
7959	7671
69	7672
8014	7673
131	7674
5848	7675
725	7676
6893	7677
2150	7678
1623	7679
9096	7680
1447	7681
8678	7682
540	7683
6871	7684
441	7685
5701	7686
4387	7687
7893	7688
9138	7689
8048	7690
2332	7691
9301	7692
4238	7693
2420	7694
3549	7695
5059	7696
3942	7697
4704	7698
9646	7699
9568	7700
6418	7701
9282	7702
9468	7703
5798	7704
3488	7705
9664	7706
8792	7707
8533	7708
7844	7709
5486	7710
9025	7711
1038	7712
9825	7713
1462	7714
9473	7715
442	7716
8696	7717
3848	7718
9758	7719
4907	7720
3873	7721
5298	7722
5315	7723
4255	7724
9167	7725
870	7726
7872	7727
2988	7728
7282	7729
6529	7730
7092	7731
5149	7732
6367	7733
3895	7734
1043	7735
5091	7736
3898	7737
8174	7738
5285	7739
1742	7740
1179	7741
918	7742
7253	7743
8448	7744
7811	7745
9567	7746
65	7747
6352	7748
9532	7749
183	7750
779	7751
2431	7752
7696	7753
7838	7754
4335	7755
5008	7756
6519	7757
3248	7758
2550	7759
6096	7760
1299	7761
2281	7762
5260	7763
1344	7764
6070	7765
4533	7766
4139	7767
111	7768
5610	7769
2087	7770
7279	7771
9579	7772
9573	7773
5211	7774
7986	7775
6119	7776
1298	7777
3327	7778
9352	7779
8695	7780
4796	7781
137	7782
1041	7783
8061	7784
8025	7785
4783	7786
3168	7787
2920	7788
8716	7789
3386	7790
8060	7791
967	7792
1174	7793
1845	7794
1155	7795
7070	7796
5477	7797
7538	7798
5996	7799
5263	7800
7472	7801
3450	7802
8430	7803
1081	7804
6912	7805
2261	7806
107	7807
5230	7808
4656	7809
9250	7810
7839	7811
1198	7812
4188	7813
7614	7814
3251	7815
5530	7816
9681	7817
5678	7818
8900	7819
351	7820
3683	7821
1359	7822
9725	7823
5370	7824
4976	7825
1004	7826
5454	7827
4150	7828
1175	7829
1838	7830
2348	7831
1474	7832
6224	7833
9131	7834
4876	7835
3305	7836
9854	7837
1415	7838
1019	7839
625	7840
8972	7841
1757	7842
3339	7843
7288	7844
2782	7845
9488	7846
2029	7847
4710	7848
7320	7849
9642	7850
2658	7851
3772	7852
6066	7853
7479	7854
7450	7855
445	7856
352	7857
286	7858
3796	7859
5912	7860
5278	7861
8173	7862
3744	7863
4195	7864
7505	7865
5822	7866
6957	7867
9274	7868
4122	7869
3580	7870
2740	7871
9668	7872
857	7873
4866	7874
7587	7875
3712	7876
4274	7877
1212	7878
2168	7879
2316	7880
4098	7881
3162	7882
112	7883
6187	7884
598	7885
9268	7886
2325	7887
5305	7888
4389	7889
2507	7890
669	7891
5415	7892
7276	7893
7232	7894
4408	7895
2509	7896
2714	7897
5838	7898
2264	7899
8891	7900
959	7901
4460	7902
2849	7903
1033	7904
3155	7905
8479	7906
9423	7907
2089	7908
9524	7909
8902	7910
8422	7911
132	7912
1505	7913
4004	7914
8507	7915
6158	7916
5023	7917
3616	7918
2992	7919
8158	7920
3825	7921
2108	7922
8366	7923
4181	7924
2202	7925
88	7926
2272	7927
3092	7928
8950	7929
4239	7930
2958	7931
9112	7932
8660	7933
3597	7934
2215	7935
210	7936
4754	7937
1191	7938
752	7939
9625	7940
4800	7941
3710	7942
73	7943
6390	7944
4078	7945
5703	7946
8344	7947
2438	7948
2871	7949
8065	7950
3242	7951
7954	7952
7938	7953
3061	7954
757	7955
2369	7956
2008	7957
1262	7958
6530	7959
1200	7960
4789	7961
1749	7962
6634	7963
2235	7964
281	7965
1028	7966
7407	7967
8068	7968
6604	7969
6050	7970
8492	7971
7755	7972
7617	7973
4818	7974
8670	7975
3553	7976
394	7977
9196	7978
5198	7979
7674	7980
2292	7981
9297	7982
7492	7983
8547	7984
2756	7985
8745	7986
8658	7987
8199	7988
6092	7989
6064	7990
6036	7991
5790	7992
7097	7993
7703	7994
6503	7995
6724	7996
9190	7997
5507	7998
4027	7999
4923	8000
8750	8001
7660	8002
1057	8003
801	8004
8575	8005
5147	8006
3886	8007
3426	8008
4501	8009
2634	8010
3692	8011
3505	8012
2683	8013
9526	8014
5541	8015
8968	8016
7594	8017
1520	8018
9382	8019
1330	8020
3416	8021
3654	8022
8037	8023
4573	8024
6668	8025
2812	8026
1825	8027
2855	8028
3138	8029
4884	8030
8572	8031
6564	8032
3015	8033
340	8034
1801	8035
8487	8036
9064	8037
5300	8038
4386	8039
2001	8040
8303	8041
246	8042
8144	8043
3334	8044
4026	8045
7750	8046
5220	8047
5989	8048
6965	8049
5131	8050
2274	8051
1140	8052
9620	8053
8701	8054
8534	8055
3960	8056
7841	8057
1009	8058
1643	8059
851	8060
9419	8061
9366	8062
4011	8063
4442	8064
5606	8065
14	8066
6922	8067
2746	8068
4498	8069
1956	8070
9335	8071
8166	8072
2938	8073
4349	8074
6098	8075
3629	8076
9723	8077
9016	8078
5632	8079
3078	8080
2729	8081
5049	8082
5493	8083
6481	8084
8936	8085
8577	8086
1267	8087
4087	8088
243	8089
2378	8090
5440	8091
4629	8092
5585	8093
5752	8094
5128	8095
9729	8096
9629	8097
1335	8098
3000	8099
1865	8100
4663	8101
8727	8102
1159	8103
5275	8104
5643	8105
3096	8106
7327	8107
7946	8108
635	8109
6087	8110
3375	8111
9538	8112
3924	8113
3775	8114
5374	8115
4022	8116
7228	8117
4084	8118
3705	8119
4766	8120
2579	8121
8316	8122
6567	8123
1085	8124
102	8125
5426	8126
2941	8127
5802	8128
7863	8129
6522	8130
2467	8131
4647	8132
4096	8133
3923	8134
13	8135
9319	8136
2005	8137
1040	8138
6184	8139
6643	8140
7753	8141
88	8142
2015	8143
686	8144
2572	8145
2299	8146
8510	8147
6388	8148
4283	8149
15	8150
7850	8151
188	8152
3429	8153
63	8154
6935	8155
7783	8156
8536	8157
4282	8158
219	8159
7532	8160
5289	8161
2322	8162
2271	8163
3743	8164
3854	8165
5575	8166
2306	8167
7032	8168
5974	8169
527	8170
6933	8171
6879	8172
9279	8173
5660	8174
7846	8175
5740	8176
6571	8177
6681	8178
5189	8179
7290	8180
7743	8181
6422	8182
1308	8183
9461	8184
4212	8185
940	8186
5803	8187
5841	8188
2991	8189
920	8190
8795	8191
711	8192
6083	8193
8494	8194
114	8195
5432	8196
4999	8197
6162	8198
9820	8199
3116	8200
1109	8201
4719	8202
8118	8203
1076	8204
7088	8205
4108	8206
895	8207
1374	8208
7474	8209
7283	8210
963	8211
2815	8212
1539	8213
6445	8214
2505	8215
3083	8216
6563	8217
7611	8218
3436	8219
9229	8220
3473	8221
1570	8222
986	8223
6334	8224
7107	8225
8264	8226
7719	8227
3243	8228
8784	8229
2983	8230
2866	8231
8349	8232
8791	8233
2847	8234
1340	8235
935	8236
2743	8237
3270	8238
3766	8239
9796	8240
8564	8241
7913	8242
9814	8243
5894	8244
1375	8245
5092	8246
5112	8247
5245	8248
6901	8249
8730	8250
2486	8251
904	8252
744	8253
1488	8254
22	8255
7865	8256
7884	8257
1604	8258
9606	8259
8526	8260
5402	8261
4655	8262
6228	8263
8876	8264
7341	8265
107	8266
9200	8267
2225	8268
4572	8269
8966	8270
3925	8271
2479	8272
37	8273
4638	8274
6006	8275
899	8276
3984	8277
9376	8278
7030	8279
7416	8280
5700	8281
1965	8282
8223	8283
4657	8284
8690	8285
5380	8286
924	8287
1012	8288
4928	8289
2448	8290
587	8291
1250	8292
6597	8293
9602	8294
5229	8295
7318	8296
8720	8297
2116	8298
1288	8299
2639	8300
2178	8301
584	8302
830	8303
1608	8304
5256	8305
9331	8306
8718	8307
8907	8308
2343	8309
2783	8310
5670	8311
7482	8312
241	8313
6452	8314
4883	8315
46	8316
8599	8317
8626	8318
8860	8319
2649	8320
1268	8321
761	8322
4920	8323
7149	8324
2315	8325
8057	8326
9530	8327
3811	8328
7309	8329
6820	8330
6129	8331
1135	8332
1289	8333
1386	8334
9187	8335
1048	8336
5739	8337
7550	8338
5801	8339
6666	8340
3360	8341
2410	8342
2489	8343
6966	8344
1065	8345
3880	8346
9536	8347
9181	8348
9722	8349
4461	8350
1578	8351
8802	8352
8958	8353
6049	8354
577	8355
6236	8356
4059	8357
4125	8358
5103	8359
2255	8360
1240	8361
5975	8362
2913	8363
4899	8364
1543	8365
4009	8366
4261	8367
3326	8368
3370	8369
3255	8370
8527	8371
7443	8372
1695	8373
8995	8374
1391	8375
9392	8376
3790	8377
9706	8378
2655	8379
3628	8380
142	8381
1746	8382
5491	8383
3564	8384
2904	8385
120	8386
2685	8387
5239	8388
5636	8389
8520	8390
3522	8391
3581	8392
7604	8393
3237	8394
3499	8395
5238	8396
6405	8397
7546	8398
7091	8399
4339	8400
7007	8401
2216	8402
4806	8403
3949	8404
6829	8405
9669	8406
2037	8407
9186	8408
7003	8409
9644	8410
5085	8411
91	8412
4592	8413
3154	8414
2739	8415
9089	8416
7192	8417
7057	8418
7712	8419
1345	8420
106	8421
3881	8422
6611	8423
9507	8424
992	8425
8473	8426
3997	8427
7376	8428
8351	8429
7879	8430
5535	8431
1352	8432
2293	8433
5693	8434
3988	8435
4780	8436
2577	8437
7895	8438
4115	8439
6769	8440
473	8441
1471	8442
4915	8443
3722	8444
8853	8445
8467	8446
8454	8447
313	8448
4891	8449
5344	8450
6435	8451
5135	8452
6716	8453
1645	8454
5630	8455
3019	8456
1609	8457
8330	8458
6758	8459
3053	8460
8518	8461
2975	8462
9093	8463
9195	8464
8273	8465
1150	8466
8717	8467
2785	8468
3318	8469
2587	8470
1758	8471
7400	8472
120	8473
7671	8474
8462	8475
5045	8476
4531	8477
9127	8478
1977	8479
6765	8480
5184	8481
9118	8482
463	8483
8086	8484
9638	8485
6139	8486
3253	8487
3372	8488
4039	8489
4244	8490
93	8491
7036	8492
6925	8493
6532	8494
9126	8495
5931	8496
7949	8497
6873	8498
9789	8499
4042	8500
4724	8501
5297	8502
4654	8503
6419	8504
8066	8505
7636	8506
7706	8507
2257	8508
6031	8509
8540	8510
2083	8511
1424	8512
8537	8513
6061	8514
2671	8515
7595	8516
7470	8517
4458	8518
9083	8519
8116	8520
9015	8521
2691	8522
2636	8523
6884	8524
2929	8525
8380	8526
2111	8527
6147	8528
1912	8529
1186	8530
7997	8531
4954	8532
1228	8533
3684	8534
8	8535
5780	8536
105	8537
6639	8538
1704	8539
882	8540
4578	8541
5536	8542
3427	8543
5777	8544
8136	8545
8137	8546
5981	8547
6797	8548
8455	8549
4521	8550
2375	8551
9326	8552
511	8553
5020	8554
1688	8555
422	8556
639	8557
7658	8558
7173	8559
34	8560
3990	8561
7223	8562
4833	8563
6783	8564
227	8565
56	8566
8854	8567
3836	8568
7002	8569
431	8570
39	8571
5779	8572
5866	8573
1761	8574
7787	8575
5736	8576
4751	8577
7944	8578
9317	8579
30	8580
8824	8581
471	8582
1690	8583
212	8584
9713	8585
1642	8586
1576	8587
7943	8588
4044	8589
7530	8590
7644	8591
3530	8592
74	8593
7896	8594
519	8595
3432	8596
3064	8597
4113	8598
6239	8599
7825	8600
5323	8601
9447	8602
6406	8603
6410	8604
7221	8605
6308	8606
7426	8607
2401	8608
8959	8609
6644	8610
9544	8611
1864	8612
1001	8613
9645	8614
130	8615
9293	8616
1971	8617
2458	8618
5622	8619
7880	8620
7853	8621
2547	8622
8324	8623
8928	8624
419	8625
7763	8626
8596	8627
1045	8628
2860	8629
9149	8630
4127	8631
9491	8632
6148	8633
5062	8634
5865	8635
182	8636
9422	8637
7766	8638
2603	8639
4253	8640
9492	8641
5510	8642
2755	8643
7975	8644
8954	8645
2300	8646
7104	8647
2672	8648
6114	8649
8978	8650
3277	8651
9416	8652
5113	8653
2686	8654
9362	8655
8425	8656
863	8657
5704	8658
6257	8659
926	8660
5052	8661
3351	8662
1417	8663
7393	8664
8725	8665
1647	8666
5935	8667
8979	8668
9769	8669
4805	8670
8851	8671
5450	8672
1601	8673
8450	8674
8734	8675
2160	8676
1888	8677
8123	8678
4664	8679
7971	8680
5733	8681
5995	8682
1582	8683
8676	8684
7941	8685
808	8686
7278	8687
6622	8688
5859	8689
399	8690
247	8691
55	8692
3293	8693
4618	8694
6428	8695
9457	8696
6004	8697
2957	8698
5829	8699
4459	8700
9839	8701
3423	8702
9329	8703
6295	8704
556	8705
3896	8706
3287	8707
2796	8708
2002	8709
9737	8710
6789	8711
5589	8712
7119	8713
6206	8714
2751	8715
1355	8716
5505	8717
8087	8718
9782	8719
980	8720
6429	8721
5665	8722
3595	8723
9689	8724
3908	8725
4428	8726
6895	8727
43	8728
5252	8729
8119	8730
566	8731
2066	8732
5899	8733
9797	8734
6538	8735
4510	8736
2905	8737
8383	8738
8186	8739
5444	8740
5036	8741
4774	8742
2698	8743
591	8744
2551	8745
9272	8746
4433	8747
7791	8748
6400	8749
3437	8750
1322	8751
4821	8752
1561	8753
8292	8754
9552	8755
5538	8756
6693	8757
7180	8758
3178	8759
41	8760
5181	8761
1935	8762
4191	8763
384	8764
535	8765
8737	8766
6704	8767
1955	8768
2227	8769
4553	8770
5868	8771
3165	8772
86	8773
1908	8774
2839	8775
9218	8776
977	8777
6434	8778
8774	8779
5617	8780
731	8781
3202	8782
3816	8783
2282	8784
2627	8785
1189	8786
4161	8787
654	8788
8231	8789
9334	8790
9213	8791
1422	8792
520	8793
5142	8794
2909	8795
1964	8796
320	8797
5984	8798
5763	8799
3771	8800
941	8801
9475	8802
1142	8803
2414	8804
3555	8805
206	8806
1270	8807
9593	8808
7364	8809
8881	8810
1787	8811
1324	8812
257	8813
9373	8814
2569	8815
4556	8816
5565	8817
1957	8818
696	8819
2117	8820
9129	8821
110	8822
3646	8823
2109	8824
6322	8825
2692	8826
2575	8827
2776	8828
722	8829
6833	8830
3448	8831
2990	8832
5596	8833
1426	8834
881	8835
1503	8836
5977	8837
4502	8838
2677	8839
2156	8840
3393	8841
9525	8842
9393	8843
8272	8844
5908	8845
5620	8846
4967	8847
859	8848
1622	8849
1213	8850
8028	8851
7962	8852
1727	8853
1777	8854
6309	8855
7484	8856
9060	8857
8195	8858
6161	8859
72	8860
1876	8861
2071	8862
7427	8863
2470	8864
1568	8865
4356	8866
8010	8867
1616	8868
1173	8869
6084	8870
4997	8871
7015	8872
7189	8873
4374	8874
8955	8875
90	8876
7661	8877
6128	8878
376	8879
4929	8880
1552	8881
2721	8882
92	8883
1328	8884
4620	8885
3855	8886
962	8887
8768	8888
3194	8889
8965	8890
4100	8891
6952	8892
7835	8893
4384	8894
62	8895
6581	8896
2972	8897
602	8898
3324	8899
724	8900
3894	8901
6956	8902
730	8903
9233	8904
8105	8905
5543	8906
5672	8907
3736	8908
1633	8909
8948	8910
5378	8911
8517	8912
6707	8913
6551	8914
1482	8915
3474	8916
2861	8917
8528	8918
7845	8919
9688	8920
3727	8921
1710	8922
6112	8923
5201	8924
94	8925
2508	8926
6413	8927
1635	8928
9779	8929
7289	8930
8491	8931
5716	8932
4735	8933
4202	8934
9417	8935
3470	8936
7827	8937
7640	8938
4945	8939
7361	8940
6289	8941
8880	8942
1128	8943
1653	8944
191	8945
4787	8946
9666	8947
2106	8948
2146	8949
1216	8950
3934	8951
1195	8952
254	8953
2174	8954
856	8955
7430	8956
7456	8957
9682	8958
6932	8959
997	8960
2970	8961
8364	8962
7132	8963
9452	8964
1282	8965
653	8966
3058	8967
2081	8968
5676	8969
278	8970
7396	8971
4276	8972
9650	8973
9738	8974
6248	8975
9182	8976
4398	8977
6976	8978
1512	8979
842	8980
8744	8981
7144	8982
8049	8983
8604	8984
61	8985
5679	8986
8879	8987
1766	8988
2536	8989
1995	8990
1177	8991
4394	8992
6155	8993
7548	8994
5840	8995
9019	8996
1205	8997
5999	8998
9313	8999
4989	9000
6778	9001
3955	9002
7905	9003
7556	9004
2528	9005
2583	9006
2280	9007
9830	9008
8112	9009
9212	9010
4415	9011
7833	9012
3635	9013
131	9014
9037	9015
3787	9016
6945	9017
2481	9018
8149	9019
5724	9020
7988	9021
223	9022
6774	9023
8772	9024
293	9025
5958	9026
3514	9027
9198	9028
5150	9029
4848	9030
8728	9031
4750	9032
7034	9033
1372	9034
6156	9035
2932	9036
650	9037
4358	9038
4824	9039
7739	9040
8845	9041
4347	9042
8444	9043
3147	9044
5345	9045
4450	9046
3834	9047
8713	9048
626	9049
7602	9050
4229	9051
8414	9052
5946	9053
1297	9054
6142	9055
9640	9056
2888	9057
3146	9058
9572	9059
214	9060
8904	9061
816	9062
6665	9063
5482	9064
1378	9065
3163	9066
337	9067
5686	9068
6041	9069
2003	9070
4631	9071
709	9072
4653	9073
5734	9074
2014	9075
1264	9076
4988	9077
9832	9078
6125	9079
4375	9080
8889	9081
1199	9082
6651	9083
3306	9084
2240	9085
5342	9086
4280	9087
976	9088
4933	9089
9311	9090
1318	9091
746	9092
8719	9093
3637	9094
3049	9095
7204	9096
964	9097
304	9098
2944	9099
2795	9100
395	9101
8923	9102
3538	9103
8868	9104
9733	9105
6297	9106
7233	9107
2605	9108
8797	9109
4660	9110
4481	9111
1176	9112
6461	9113
8294	9114
8576	9115
4831	9116
3267	9117
6875	9118
7194	9119
9281	9120
3407	9121
4402	9122
8387	9123
318	9124
5714	9125
9750	9126
6608	9127
666	9128
6836	9129
3320	9130
2100	9131
5157	9132
6027	9133
1002	9134
6614	9135
275	9136
8580	9137
5334	9138
708	9139
49	9140
6499	9141
9036	9142
7507	9143
9324	9144
1705	9145
1565	9146
7772	9147
7229	9148
6458	9149
5890	9150
1430	9151
9853	9152
2754	9153
1368	9154
3457	9155
6437	9156
432	9157
702	9158
7878	9159
47	9160
6324	9161
6786	9162
9261	9163
3312	9164
3647	9165
3001	9166
9598	9167
2725	9168
6808	9169
4931	9170
1360	9171
108	9172
3485	9173
4526	9174
3953	9175
4437	9176
526	9177
7013	9178
2139	9179
4268	9180
3422	9181
2752	9182
6734	9183
3059	9184
5766	9185
1684	9186
4748	9187
797	9188
1988	9189
812	9190
7035	9191
2828	9192
121	9193
714	9194
7496	9195
9716	9196
2705	9197
1870	9198
3701	9199
9588	9200
7573	9201
7026	9202
9091	9203
8243	9204
3080	9205
5903	9206
8584	9207
491	9208
8635	9209
7126	9210
2436	9211
3528	9212
9628	9213
5187	9214
826	9215
8319	9216
6894	9217
7690	9218
5236	9219
1256	9220
3006	9221
1733	9222
5719	9223
1400	9224
3779	9225
5446	9226
3224	9227
6988	9228
1922	9229
7438	9230
3379	9231
1508	9232
4259	9233
2039	9234
6240	9235
4979	9236
9637	9237
9818	9238
5863	9239
7	9240
6023	9241
1515	9242
3012	9243
488	9244
5451	9245
4345	9246
1854	9247
4187	9248
9852	9249
9425	9250
1444	9251
7834	9252
531	9253
7112	9254
4295	9255
937	9256
5574	9257
6994	9258
4889	9259
5895	9260
5639	9261
6927	9262
4857	9263
8408	9264
7874	9265
4940	9266
6100	9267
2588	9268
4530	9269
9718	9270
360	9271
7196	9272
7876	9273
3568	9274
9672	9275
4288	9276
2164	9277
9045	9278
6629	9279
7266	9280
5308	9281
1708	9282
9486	9283
6678	9284
8515	9285
146	9286
5075	9287
29	9288
4551	9289
9428	9290
301	9291
4291	9292
200	9293
6721	9294
6941	9295
6552	9296
2428	9297
8542	9298
2594	9299
3831	9300
954	9301
4040	9302
3108	9303
8139	9304
4067	9305
8698	9306
3615	9307
655	9308
7998	9309
2231	9310
8501	9311
3690	9312
6465	9313
2558	9314
4489	9315
5126	9316
5709	9317
4614	9318
2596	9319
8204	9320
3174	9321
3713	9322
3518	9323
2814	9324
8864	9325
5410	9326
9632	9327
9477	9328
8917	9329
6903	9330
437	9331
5165	9332
434	9333
5599	9334
5429	9335
3063	9336
2432	9337
729	9338
2581	9339
4294	9340
8813	9341
8052	9342
7390	9343
7735	9344
2840	9345
4221	9346
3915	9347
3170	9348
5226	9349
7634	9350
116	9351
4093	9352
9826	9353
5657	9354
891	9355
8280	9356
1797	9357
7586	9358
2285	9359
674	9360
6961	9361
4453	9362
8929	9363
9508	9364
6713	9365
5056	9366
7567	9367
1366	9368
6117	9369
8636	9370
9513	9371
8885	9372
541	9373
3760	9374
7259	9375
8252	9376
6073	9377
195	9378
4537	9379
1846	9380
9736	9381
2153	9382
3730	9383
9732	9384
498	9385
916	9386
1093	9387
3171	9388
9260	9389
7158	9390
6964	9391
4204	9392
3310	9393
7928	9394
3652	9395
7334	9396
1803	9397
5799	9398
1143	9399
1	9400
6860	9401
5398	9402
7383	9403
5997	9404
6175	9405
7301	9406
8337	9407
8423	9408
9834	9409
7224	9410
2930	9411
8814	9412
6466	9413
362	9414
4047	9415
7616	9416
5770	9417
9050	9418
3452	9419
9777	9420
1595	9421
2065	9422
3868	9423
7670	9424
1585	9425
2821	9426
4007	9427
785	9428
1664	9429
2533	9430
7203	9431
5792	9432
4355	9433
3662	9434
6475	9435
8903	9436
9264	9437
2548	9438
2942	9439
5124	9440
2933	9441
2273	9442
2025	9443
6093	9444
4736	9445
6302	9446
9460	9447
1544	9448
7000	9449
9079	9450
392	9451
2749	9452
2731	9453
8463	9454
3086	9455
6799	9456
8570	9457
9137	9458
8261	9459
8436	9460
3780	9461
1541	9462
4781	9463
6679	9464
1279	9465
1455	9466
2473	9467
5671	9468
1067	9469
794	9470
3995	9471
5028	9472
1433	9473
5511	9474
6687	9475
7457	9476
2043	9477
8217	9478
3466	9479
9546	9480
8011	9481
1091	9482
4953	9483
1743	9484
1073	9485
7822	9486
7693	9487
6182	9488
7454	9489
9512	9490
4742	9491
2527	9492
1778	9493
2167	9494
5881	9495
6535	9496
6896	9497
6427	9498
3399	9499
7261	9500
6118	9501
7122	9502
5720	9503
6993	9504
9027	9505
9034	9506
4242	9507
2069	9508
7162	9509
8311	9510
1329	9511
9837	9512
3152	9513
1674	9514
7642	9515
2890	9516
733	9517
3062	9518
5047	9519
7939	9520
1615	9521
9464	9522
6930	9523
7522	9524
1847	9525
7653	9526
1614	9527
3582	9528
2067	9529
3622	9530
8367	9531
1246	9532
3129	9533
5845	9534
6143	9535
1321	9536
999	9537
406	9538
9652	9539
9429	9540
679	9541
504	9542
378	9543
9002	9544
5580	9545
8915	9546
3883	9547
8141	9548
8298	9549
7804	9550
6818	9551
4393	9552
5385	9553
5162	9554
5021	9555
1830	9556
7537	9557
3415	9558
6496	9559
2050	9560
5568	9561
5321	9562
4045	9563
9150	9564
4343	9565
3112	9566
5068	9567
3634	9568
1062	9569
8008	9570
3017	9571
8731	9572
5160	9573
6298	9574
2950	9575
70	9576
2171	9577
8201	9578
4116	9579
2822	9580
681	9581
691	9582
7582	9583
113	9584
4023	9585
167	9586
347	9587
4470	9588
4315	9589
9055	9590
7146	9591
1997	9592
8283	9593
6936	9594
7980	9595
1499	9596
3212	9597
4843	9598
8766	9599
5143	9600
8521	9601
145	9602
2629	9603
5500	9604
6200	9605
5795	9606
4739	9607
4518	9608
7914	9609
5463	9610
3653	9611
3714	9612
4303	9613
4068	9614
9359	9615
3144	9616
6	9617
6784	9618
4910	9619
8043	9620
5407	9621
5280	9622
2022	9623
5372	9624
4662	9625
6255	9626
6695	9627
6642	9628
326	9629
524	9630
8522	9631
2336	9632
6134	9633
8020	9634
2365	9635
4240	9636
9054	9637
4050	9638
6318	9639
4267	9640
8554	9641
5304	9642
5771	9643
988	9644
7945	9645
6705	9646
7552	9647
5168	9648
3104	9649
8007	9650
2788	9651
3820	9652
248	9653
3695	9654
5751	9655
2459	9656
1987	9657
775	9658
8980	9659
3558	9660
3322	9661
5204	9662
43	9663
6068	9664
6599	9665
5119	9666
8841	9667
4165	9668
4377	9669
7780	9670
1554	9671
3272	9672
5503	9673
5722	9674
8244	9675
9547	9676
5556	9677
2806	9678
9088	9679
1231	9680
5413	9681
8021	9682
2897	9683
2074	9684
9684	9685
1387	9686
6950	9687
2284	9688
9456	9689
3781	9690
3966	9691
7059	9692
8164	9693
3609	9694
7449	9695
4105	9696
6916	9697
5322	9698
7353	9699
3754	9700
8257	9701
4519	9702
2566	9703
136	9704
4819	9705
6692	9706
2803	9707
124	9708
8185	9709
6168	9710
9455	9711
2464	9712
2902	9713
1225	9714
3281	9715
5438	9716
3288	9717
6656	9718
4779	9719
4233	9720
9833	9721
2903	9722
1354	9723
4380	9724
1409	9725
5807	9726
1331	9727
704	9728
9467	9729
8168	9730
5843	9731
8619	9732
490	9733
3220	9734
1168	9735
3442	9736
8064	9737
4868	9738
919	9739
4260	9740
6213	9741
5063	9742
3315	9743
197	9744
2461	9745
8080	9746
3830	9747
3500	9748
8184	9749
9152	9750
9327	9751
1074	9752
2	9753
1445	9754
1139	9755
8151	9756
4133	9757
514	9758
2960	9759
8439	9760
2138	9761
6013	9762
2046	9763
783	9764
3534	9765
8679	9766
5369	9767
7963	9768
205	9769
6310	9770
2816	9771
166	9772
538	9773
7044	9774
8820	9775
880	9776
6514	9777
4055	9778
981	9779
33	9780
3125	9781
8035	9782
1104	9783
767	9784
3909	9785
8990	9786
2061	9787
6316	9788
5183	9789
1894	9790
9746	9791
4726	9792
6588	9793
9379	9794
1333	9795
3571	9796
5101	9797
9041	9798
9577	9799
1624	9800
8225	9801
8034	9802
2836	9803
8486	9804
3316	9805
1672	9806
7488	9807
9397	9808
5925	9809
917	9810
3516	9811
4973	9812
57	9813
4584	9814
6838	9815
6842	9816
4362	9817
5998	9818
7610	9819
1597	9820
8214	9821
4160	9822
8291	9823
5557	9824
5408	9825
2371	9826
2407	9827
3227	9828
5155	9829
4013	9830
8203	9831
4958	9832
737	9833
668	9834
6763	9835
1239	9836
4158	9837
1954	9838
9021	9839
9741	9840
4319	9841
7260	9842
8848	9843
3182	9844
799	9845
3141	9846
2831	9847
2495	9848
8669	9849
7620	9850
2734	9851
3127	9852
5081	9853
9333	9854
8377	9855
6747	9856
9739	9857
6906	9858
1476	9859
1577	9860
1472	9861
6329	9862
1789	9863
7837	9864
2294	9865
2104	9866
4844	9867
7094	9868
2877	9869
8472	9870
6764	9871
280	9872
6163	9873
1729	9874
4513	9875
7907	9876
1895	9877
4605	9878
77	9879
9287	9880
5871	9881
7352	9882
2984	9883
8621	9884
5934	9885
6751	9886
6192	9887
8883	9888
6344	9889
6121	9890
2681	9891
3985	9892
7087	9893
4156	9894
6972	9895
7068	9896
8006	9897
9305	9898
5423	9899
1681	9900
7273	9901
5755	9902
7170	9903
2604	9904
5196	9905
4403	9906
52	9907
7669	9908
240	9909
3068	9910
1086	9911
928	9912
6366	9913
6340	9914
9320	9915
6362	9916
790	9917
9356	9918
7979	9919
3384	9920
1791	9921
6526	9922
1181	9923
3302	9924
2399	9925
6686	9926
8815	9927
4772	9928
7714	9929
9855	9930
2809	9931
3644	9932
4326	9933
3010	9934
11	9935
2196	9936
2186	9937
1738	9938
1548	9939
8598	9940
814	9941
3234	9942
8125	9943
7241	9944
7265	9945
2620	9946
6998	9947
224	9948
6188	9949
1018	9950
6696	9951
3183	9952
8461	9953
8121	9954
3839	9955
9057	9956
3611	9957
28	9958
8755	9959
8788	9960
230	9961
9770	9962
4106	9963
7437	9964
2611	9965
6007	9966
8898	9967
2110	9968
4218	9969
4373	9970
8258	9971
8471	9972
3750	9973
3291	9974
1210	9975
4963	9976
2379	9977
8178	9978
4155	9979
5331	9980
2657	9981
5177	9982
8571	9983
5638	9984
4732	9985
8404	9986
1497	9987
2880	9988
379	9989
8331	9990
2556	9991
1290	9992
1393	9993
1244	9994
5669	9995
2423	9996
397	9997
7292	9998
1260	9999
2652	10000
