958	106	7	44.27
118	3008	3	23.41
122	467	3	11.68
120	1916	3	20.92
216	389	5	41.48
5107	3151	3	65.73
426	156	9	72.37
150	118	10	16.18
132	224	6	23.39
103	362	8	21.2
169	348	4	25.09
113	708	12	87.24
103	482	3	4.56
113	843	14	117.64
2441	14	3	8.75
2906	130	3	26.58
1492	133	8	81.38
260	185	3	15.34
98	5679	3	17.79
102	2058	4	18.85
332	103	4	4.91
250	755	3	27.6
192	128	8	30.11
156	107	7	6.35
255	139	3	9.35
109	773	3	12.33
125	112	56	193.11
166	138	8	26.49
306	106	3	5.54
334	194	5	36.91
98	2063	8	47.44
104	1621	8	59.33
116	1201	3	16.79
133	312	3	11.17
1748	159	4	40.26
135	3650	3	31.12
204	737	4	36.56
129	115	10	9.22
106	2051	3	18.7
112	113	18	9.67
108	390	12	64.8
853	1066	3	40.11
309	128	4	16.18
267	124	5	17.96
353	1776	3	37.61
534	187	7	63.58
104	859	3	9.52
98	709	18	77.85
411	157	3	17.02
155	129	8	19.7
2445	12	3	9.6
1112	161	3	24.63
1514	12	3	6.63
217	474	3	23.21
828	112	7	44.11
98	3149	5	29.65
180	812	3	24.39
216	694	3	25.74
4462	14	4	23.85
142	104	13	5.78
200	122	10	37.16
438	540	3	30.75
12	915	4	6.85
1887	1476	3	48.11
265	101	6	4.53
135	1155	5	40.33
102	3960	3	17.86
124	267	3	7.9
114	560	3	11.07
232	109	6	14.03
148	12	42	24.91
516	161	3	19.22
102	1353	4	14.86
138	244	3	8.94
102	1143	11	64.62
114	241	6	16.17
2632	106	3	20.93
1501	151	5	46.89
115	916	4	22.21
98	4101	3	13.4
110	411	5	19.16
301	122	5	18.62
134	101	81	172.22
249	156	4	18.14
389	137	3	13.51
104	1439	7	44.45
4564	14	3	13.5
123	14	87	50.32
330	122	5	19.95
104	101	173	139.24
151	444	27	283.88
1274	812	7	112.53
101	3996	3	17.83
107	421	4	12.99
104	143	53	144.71
104	210	22	73.93
116	637	4	19.23
515	112	4	15.67
284	12	11	11.24
123	141	15	37.41
1271	12	3	5.65
102	233	21	51.52
98	2666	3	9.79
168	101	15	10.54
549	107	3	9.74
105	1973	4	26.08
130	117	100	536.03
907	13	3	20.01
114	204	6	13.6
1104	101	3	7.48
222	120	4	8.97
466	190	4	30.72
113	1451	3	17.61
316	162	3	15.52
12	747	17	78.24
316	12	7	4.49
208	125	12	56.76
126	283	3	9.23
2934	12	6	37.61
724	161	3	21.32
110	323	4	10.9
3114	898	4	69.75
682	103	3	6.54
157	21	7	7.09
114	577	3	11.26
124	120	11	11.16
312	14	12	14.31
102	484	5	9.21
299	101	6	6.51
107	217	7	16.42
1922	14	5	17.87
98	3102	5	29.65
108	1008	7	46.07
567	103	3	5.6
207	104	6	6.22
116	891	3	14.82
101	1600	4	16.54
104	567	11	55.48
348	149	3	13.71
102	2773	3	14.14
122	601	3	13.25
135	368	4	19.54
119	4981	3	32.08
309	112	3	6.45
169	144	6	18.91
525	12	9	18.83
1689	12	4	12.15
2	249	4	4.47
4429	1482	3	55.07
155	115	6	6.06
120	1824	3	20.92
1613	104	4	21.33
12	1117	3	4.86
136	190	4	10.52
352	14	16	32.59
21	338	4	10.95
513	156	5	35.68
809	111	3	12.94
121	137	6	4.33
101	762	9	36.74
1209	2068	4	66.47
129	326	5	23.53
113	1812	6	49.4
4359	109	3	25.38
908	102	5	15.97
1604	12	4	12.15
102	1635	5	23.57
98	5355	3	17.79
1718	12	4	12.15
192	112	11	32.87
1467	12	3	6.63
16	191	6	17.74
125	128	23	71.9
486	14	10	18.75
12	154	26	8.03
113	3232	4	35.55
12	6363	3	18.81
120	681	6	36.75
12	302	11	13.07
111	105	105	277.53
135	1953	3	25.05
179	118	8	19.92
1021	646	3	37.78
858	103	3	8.02
104	823	3	9.23
508	101	6	13.6
1685	14	5	16.48
2338	1817	5	94.91
113	617	3	11.65
715	14	7	13.97
229	231	5	33.16
121	258	3	6.58
105	571	4	13.77
129	149	4	3.93
1224	112	5	32.33
1003	114	3	14.96
2057	102	3	11.97
101	2637	3	14.11
205	412	8	75
128	178	12	50.34
945	106	4	20.09
309	155	5	28.23
197	102	8	4.01
309	108	3	5.83
797	12	4	5.81
576	157	3	19.31
324	129	5	23.37
1884	127	3	22.92
355	142	3	13.12
684	14	18	76.1
224	477	8	79.53
184	595	3	22.29
98	814	20	110.68
1529	14	3	5.83
146	258	6	29.21
349	117	3	8.7
135	755	10	87.42
122	545	4	19.24
2534	14	4	14.61
141	231	7	31.92
98	4206	4	23.72
226	151	3	9.66
192	155	15	93.06
711	12	7	15.84
4835	114	3	30.63
101	2228	3	12.91
125	202	3	6.08
306	130	3	10.59
264	118	6	19.92
1801	133	3	23.89
146	1230	13	153.02
101	2742	4	22.16
1354	14	3	5.33
119	1357	10	96.21
113	1374	3	17.02
222	101	8	5.98
139	156	4	6.64
4582	12	3	14.4
151	4141	4	49.61
2128	12	3	8.67
1006	12	4	7.68
143	350	7	43.15
534	1005	4	51.13
109	1440	4	24.65
1490	102	3	9.81
127	197	3	5.89
6134	113	3	30.4
308	152	7	43.3
266	14	11	6.83
104	3004	3	17.74
602	103	3	5.95
113	240	5	11.49
113	304	8	32.13
168	473	4	28.01
102	351	18	65.44
17	122	3	7.55
3010	14	6	35.78
1316	12	3	5.65
103	2614	3	16.12
135	1185	5	41.17
110	328	3	6.7
148	133	4	4.32
607	107	3	10.5
12	1038	5	11.81
126	204	9	37.45
2160	12	3	8.67
106	141	31	79.94
3756	3202	4	89.3
103	666	3	6.54
124	1412	3	20.13
1278	1219	4	61.51
171	159	3	8.18
1090	101	3	7.48
2174	101	3	11.94
141	787	5	36.17
330	14	8	5.65
108	642	4	17.08
108	694	5	24.52
221	121	4	9.18
5127	119	3	32.08
1105	12	5	12.45
118	700	5	28.02
98	2812	6	35.58
798	102	4	9.77
308	109	5	14.79
2218	123	3	23.84
204	350	3	20.27
148	428	3	15.35
563	161	4	29.05
12	630	11	32.95
1625	103	3	12.36
918	14	5	9.37
101	434	7	15.86
98	1270	8	30.64
307	380	3	25.11
2443	103	3	14.91
134	120	15	30.09
161	9	13	49.92
16	249	3	7.58
101	2154	3	11.94
4342	14	3	13.5
405	14	7	6.57
149	190	6	22.86
105	243	5	7.95
101	1051	7	30.5
342	2	3	4.69
125	155	9	22.3
125	108	18	21.94
3447	12	3	12.25
101	1760	3	11.12
472	12	6	7.06
271	102	21	62.32
102	760	8	30.51
1853	14	3	7.06
151	1080	4	31.66
5	103	5	4.31
112	107	32	34.42
112	302	5	15.15
169	174	4	14.8
797	13	3	19.07
614	14	6	8.61
169	118	5	6.91
103	105	52	10.07
108	389	7	29.68
119	623	7	43.59
645	2	4	13.98
98	761	21	111.17
2	191	5	3.95
12	1147	3	4.86
1849	12	3	7.88
101	736	6	18.45
485	109	9	48.42
102	5703	3	22.31
178	605	3	22.28
160	230	9	55.94
98	3277	3	11.27
1558	14	4	10.16
590	117	4	18.91
649	14	7	12.92
142	174	3	5.7
117	213	8	25.47
142	118	6	3.87
12	1661	4	12.15
98	140	429	2183.17
101	1494	3	9.78
184	942	3	25.55
217	406	5	42.32
217	354	3	20.93
955	106	4	20.09
1164	102	3	7.89
227	139	4	13.33
144	644	8	65.42
107	285	14	64.84
1487	110	4	25.69
806	12	6	13.25
110	291	5	14.22
12	1035	4	7.68
110	174	6	8.28
143	213	7	31.06
1659	14	3	6.4
110	118	67	195.65
119	3749	3	27.59
688	101	3	4.82
1554	14	4	10.16
559	14	14	41.51
2405	14	4	14.61
265	179	3	15.35
117	1279	3	17.71
120	318	5	19.17
1876	128	4	34
172	137	3	5.03
595	591	6	76.55
1400	14	5	14.25
1663	12	3	7.21
318	102	5	4.88
114	290	7	25.61
2401	12	4	15.78
130	312	5	22.94
5656	16	3	34.02
98	2803	6	35.58
168	129	4	7.29
2897	127	3	26.04
1515	12	3	6.63
98	2759	6	35.58
98	4722	3	17.79
2851	122	3	24.23
109	1530	7	55.33
592	420	3	31.06
104	231	5	5.02
206	176	6	33.96
2196	14	4	13.18
98	2245	6	29.94
101	1642	4	16.54
468	112	4	15.03
1221	12	3	5.24
257	520	3	25.25
778	102	13	65.7
113	2621	3	22.12
101	934	3	6.49
98	1844	8	41.27
134	689	3	16.99
948	123	6	43.95
12	269	19	32.67
12	335	9	10
102	2042	3	11.97
4482	14	3	13.5
698	150	3	18.88
4194	103	4	32.44
105	304	26	149.88
278	101	15	35.65
103	1186	3	10.17
156	170	6	22.73
233	591	3	25.18
931	122	3	16.09
105	357	4	9.41
137	526	5	31
101	729	8	29.65
632	490	3	32.57
5617	2337	3	62.9
1543	114	4	26.51
248	335	3	21.41
102	2190	5	26.75
277	136	3	10.1
411	16	6	32.99
108	2743	3	21.27
112	169	6	7.81
324	120	3	8.66
98	2620	6	35.58
103	101	139	34.32
453	185	3	20.5
2910	14	3	9.88
3093	2398	5	107.28
116	566	3	11.81
1159	14	4	7.6
230	13	3	9.17
104	892	12	79.12
98	600	29	163.36
113	855	10	73.8
128	121	8	7.1
112	259	14	62.7
98	2393	3	8.65
509	3329	3	45.08
1898	12	5	19.33
579	138	5	32.37
471	112	4	15.03
319	12	8	6.73
115	288	4	11.06
98	3215	3	11.27
292	267	5	40.36
133	117	65	297.46
21	146	7	4.01
21	206	26	126.27
569	154	6	46.24
12	287	8	4.92
264	117	3	6.13
2516	130	3	25.34
123	1910	3	21.96
976	14	5	9.9
13	211	3	8.5
101	949	4	11.32
2162	14	3	7.83
111	120	29	48.1
288	135	3	10.73
219	152	3	10.02
156	136	4	6.45
412	102	9	24.07
3423	16	4	40.37
98	5476	3	17.79
108	110	24	15.8
398	112	4	13.56
237	117	8	27.73
1935	14	4	12.01
801	154	3	20.82
3283	3797	3	61.23
146	457	11	88.59
104	704	5	18.81
360	224	3	21.24
4365	14	3	13.5
98	2710	4	16.29
488	104	6	19.66
106	1252	3	15.31
4206	21	3	25.17
151	353	6	36.51
113	243	3	4.36
98	343	52	270.62
109	1429	3	16.49
116	653	3	12.64
154	144	4	7.2
2	1045	3	11.94
147	239	7	34.72
120	1507	3	19.5
1690	12	3	7.21
161	119	10	24.26
134	129	5	4.7
456	121	7	39.07
117	1262	4	26.25
98	3934	4	23.72
102	1365	4	14.86
347	14	8	6.57
519	104	4	10.58
114	336	3	7.5
12	2525	4	15.78
114	188	10	27.93
114	137	30	85.08
291	118	3	7.24
124	489	5	26.88
106	238	6	13.45
102	1188	5	19.38
117	3807	3	27.17
2182	144	3	26.21
724	177	5	44.27
104	1351	4	19.57
126	242	4	12.22
110	132	11	9.54
376	12	9	12.63
109	1124	9	69.52
98	166	125	422.36
885	106	4	19.62
113	2651	5	45.28
530	14	12	29.71
107	201	7	14.84
108	948	3	13.55
371	21	4	12.03
1694	14	3	6.4
640	14	5	6.23
12	3544	4	20.16
4668	218	3	44.2
101	391	12	36.92
101	571	9	30.57
161	102	44	100.09
152	255	4	17.23
120	228	14	65.74
12	599	5	6.53
152	319	8	52.74
720	14	4	4.06
98	4011	4	23.72
113	1390	10	90.61
120	2981	3	24.03
107	455	3	8.64
266	113	3	5.14
151	430	3	15.6
3508	245	3	38.48
256	115	6	18.29
1587	111	3	18.09
147	112	21	51.28
136	1093	3	20.25
98	173	165	755.72
164	108	5	3.93
270	114	6	18.21
118	4260	3	27.21
224	1002	3	28.52
12	1691	3	7.21
107	254	6	14.82
427	14	17	46.39
102	1189	3	8.3
385	233	3	22.14
140	645	3	17.14
1250	519	3	37.94
139	373	3	13.11
109	363	7	28.69
98	1449	9	43.15
115	2531	3	21.68
1015	119	4	24.35
195	108	7	14.23
109	483	6	27.03
1350	114	6	44.72
105	2228	3	18.33
110	212	8	21.47
105	451	8	34.79
446	112	3	9.3
16	381	3	11.65
98	3170	4	18.82
3427	103	3	17.67
248	14	43	121.87
173	142	10	40.83
5957	14	3	17.89
101	827	4	10.09
2794	113	3	22.12
2241	14	3	8.75
109	1712	4	26.44
1314	101	3	8.72
146	126	11	27
241	109	7	19.25
113	1054	7	49.14
103	267	13	33.83
112	136	11	11.23
102	940	11	58.1
273	162	4	20.71
103	384	7	18.06
113	626	8	47.85
98	2219	7	41.51
421	231	3	22.75
231	625	3	25.57
9	14	74	54.43
305	120	3	8.16
122	409	3	10.85
1030	14	6	14.85
5471	2702	3	64.14
858	104	3	9.52
4587	14	3	13.5
1207	14	4	8.14
125	135	5	4.13
264	104	5	6.76
110	906	3	13.65
111	101	162	293.6
131	3489	3	28.51
475	105	4	12.18
2990	14	3	9.88
412	119	8	44.21
111	143	16	28.89
13	121	7	7.78
111	210	5	9.35
113	3262	3	23.7
2588	119	3	23.79
102	1971	3	11.97
149	146	4	5.95
109	2480	3	20.36
260	287	3	20.6
156	169	4	11.99
102	641	11	46.1
102	701	9	35.05
1100	14	6	15.65
107	919	3	13.06
1888	12	4	13.15
293	187	12	102.68
104	606	7	29.15
104	666	4	12.89
108	3120	3	22.85
3236	12	3	12.25
2551	161	5	60.64
165	109	6	6.74
174	136	19	99.67
1096	12	3	4.52
202	244	3	16.21
136	232	5	18.75
102	1031	5	17.18
112	222	5	10.24
102	895	4	10.93
324	101	11	25.58
144	217	4	14.16
102	955	4	11.36
476	113	4	15.39
187	420	4	29.25
103	120	34	17.13
169	104	14	21.38
931	14	6	13.44
140	170	3	5.05
110	2450	3	20.5
418	107	4	12.99
129	120	8	6.96
105	434	4	11.41
182	1050	8	89.02
108	1345	5	33.05
102	5515	3	22.31
118	6218	3	31.7
21	116	19	12.15
715	127	3	16.14
218	2936	3	35.89
124	129	13	25.21
115	723	4	19.85
474	234	4	34.12
1430	101	3	9.22
109	530	10	58.73
101	300	5	4.12
109	378	14	80.03
4972	14	3	17.89
2170	112	3	19.76
483	12	5	4.69
371	125	6	31.52
262	166	5	28.3
996	106	4	20.59
116	2267	3	21.7
828	123	3	16.29
365	12	6	4.21
1476	12	3	6.63
131	377	3	12.68
123	238	5	15.76
12	2098	5	21.02
105	3284	3	21.13
403	104	3	4.94
119	2717	4	35.16
101	1114	6	24.81
104	105	271	862.93
372	104	3	4.34
110	348	4	11.76
12	722	4	4.96
134	105	40	97.83
104	1378	4	19.57
105	796	8	45.63
744	187	5	45.49
205	698	3	25.32
114	289	11	50.33
1674	14	5	16.48
491	282	4	37.22
16	669	3	15.58
219	662	4	36.67
301	108	4	9.59
101	476	8	21.78
134	178	5	13.74
225	541	4	34.89
618	606	5	62.72
330	108	3	6.38
116	756	4	20.58
104	230	57	335.49
3472	14	3	11.37
437	104	3	5.39
2423	14	3	8.75
704	3349	5	90.63
102	213	13	17.76
4632	103	4	32.44
105	1762	3	16.48
539	104	3	6.66
612	122	3	13.46
98	5054	3	17.79
102	396	13	42.93
272	118	3	6.33
102	568	12	48.81
386	117	11	64.35
165	871	5	44.46
143	1593	3	24.27
185	129	6	17.8
102	2701	3	14.14
101	1493	3	9.78
135	460	21	196.3
110	292	7	24.43
110	219	10	32.08
546	12	14	44.48
12	952	7	20.8
134	431	3	14.06
167	108	13	30.52
239	149	3	9.96
379	177	4	27.43
265	114	3	5.33
148	115	8	8.77
138	113	10	9.49
102	1338	4	14.86
138	229	3	8.4
626	311	5	53.67
109	2869	3	21.59
1328	14	3	4.89
552	179	3	21.7
102	1742	4	17.63
140	168	4	8.4
234	241	6	43.35
156	422	3	16.96
162	147	7	23.02
2234	159	3	29.9
102	1077	3	7.51
112	244	3	4.26
1206	12	3	5.24
489	161	4	27.56
103	162	11	6.92
1293	259	3	31.72
224	586	4	35.64
116	550	6	31.85
136	104	16	9.28
12	1149	7	23.87
383	128	4	18.73
104	620	6	23.44
101	1746	3	11.12
2985	14	3	9.88
98	904	19	112.69
212	146	3	8.86
981	101	3	6.8
150	235	3	9.9
187	171	4	16.19
205	143	10	50.79
16	2	85	273.66
105	241	9	23.44
120	4611	3	27.83
627	102	3	4.47
125	14	58	16.49
1016	101	5	17.12
192	14	18	9.58
3355	14	3	11.37
244	120	3	5.91
156	186	3	8.78
16	206	6	19.78
98	5475	3	17.79
749	115	5	27.65
517	218	4	34.13
16	250	5	17.47
2791	102	4	22.21
101	950	5	16.5
101	898	3	6.49
565	138	3	16.2
110	1716	3	17.88
101	1793	4	17.58
1137	2	3	12.35
151	861	4	29.66
1893	156	4	39.31
98	4192	4	23.72
1044	5	3	30.2
1008	111	4	21.91
170	101	17	15.71
1085	156	4	33.71
128	120	8	6.76
135	2206	4	37.95
98	4627	4	23.72
1920	14	4	12.01
102	926	3	6.52
2	116	37	35.58
12	1313	12	68.27
136	323	5	24.61
122	182	4	6.21
1381	102	3	9.26
122	110	13	6.7
104	891	8	43.71
12	422	8	11.63
121	321	4	13.83
121	256	3	6.52
101	845	5	15.38
694	106	3	11.2
562	103	3	5.6
102	1769	3	11.15
98	5340	3	17.79
98	3164	5	29.65
195	113	4	5.37
98	1367	9	40.19
218	107	4	5.65
1171	148	3	21.98
106	239	4	6.27
157	16	4	5
102	1187	4	13.49
3124	102	4	24.79
4180	3292	4	89.3
102	501	7	18.02
1080	119	3	16.76
511	12	5	5.09
3564	14	3	11.37
473	104	3	5.78
354	240	4	31.48
225	452	3	23.13
515	14	5	4.03
123	201	3	5.36
1205	102	3	8.3
98	2787	3	9.79
3164	106	3	22.5
1176	102	5	19.38
130	102	59	83.13
113	1368	6	44.26
109	105	50	62.59
329	113	3	7.12
115	4239	3	26.71
104	1471	5	28.3
4654	218	3	44.2
5627	172	3	40.62
172	289	6	39.5
178	461	3	20.44
107	255	5	10.72
131	228	4	12.62
120	6039	3	32.32
1793	12	3	7.88
448	104	3	5.52
236	148	8	41.27
135	430	3	14.06
133	1939	6	59.23
469	21	3	9.02
2	669	6	26.55
497	473	3	30.49
104	1223	5	25.29
110	313	3	6.37
110	145	12	16.78
12	930	15	74.84
138	203	4	12.18
250	460	4	34.8
943	102	7	28.54
102	1391	8	44.42
104	1478	5	28.3
1364	14	4	9.41
1523	156	3	25.87
281	130	3	9.68
807	14	6	11.66
12	1946	9	56.42
700	104	3	8.21
3711	111	3	25.73
147	185	4	11.41
123	254	3	7.17
225	403	4	32.1
102	219	7	3.97
101	1792	5	24.96
273	101	19	52.73
1310	14	7	24.43
170	120	4	4.87
681	958	3	37.64
1946	101	3	11.12
102	625	3	4.47
114	724	3	12.55
234	450	4	33.69
3108	14	3	11.37
192	122	3	4.11
102	2075	4	18.85
102	2007	3	11.97
149	104	14	9.71
2195	14	3	7.83
405	128	3	12.83
414	149	8	57.16
450	114	3	9.77
1373	114	3	17.25
113	3350	3	23.7
1228	12	3	5.24
255	109	16	72.64
160	143	8	26.65
101	768	4	9.39
1126	171	5	48.58
137	357	3	12.7
984	14	6	14.12
105	526	3	7.96
98	3169	5	29.65
1224	14	5	12.51
600	105	5	19.82
4572	14	3	13.5
169	146	3	5.85
309	122	6	24.84
150	532	3	16.97
112	135	15	22.32
576	124	6	36.87
101	3316	3	15.64
112	186	5	7.03
661	623	4	49.02
191	210	3	14.03
191	143	5	16.81
155	121	11	25.76
283	251	3	19.94
154	1108	3	23.31
102	2221	3	12.94
122	109	16	11.8
174	171	32	258.13
98	2626	6	35.58
603	280	4	39
144	141	11	32.44
102	896	4	10.93
112	123	22	33.18
2458	112	4	30.85
112	171	6	8.01
108	456	4	13.92
973	162	3	23.59
132	479	4	21.6
146	227	9	47.52
101	2084	4	18.81
1083	14	4	7.11
2	206	41	206.59
155	192	3	9.04
12	1164	9	36.76
155	340	3	14.79
101	676	4	8.46
109	1096	3	14.6
1162	14	6	16.53
121	111	21	25.12
1141	101	3	7.86
431	161	5	35.48
590	102	6	15.78
374	139	4	19.79
1842	119	4	30.46
129	121	12	18.22
16	116	41	126.27
101	2348	4	20.29
405	112	12	68.82
156	168	3	7.29
1046	12	3	4.52
137	153	5	9.21
135	2060	6	62.27
101	1068	3	7.48
107	3484	3	22.7
255	152	3	11.25
927	101	3	6.49
238	233	3	17.25
125	222	3	6.83
12	142	49	30.45
125	122	16	29.03
98	897	19	112.69
104	818	9	49.58
977	14	6	14.12
271	117	20	117.22
124	3583	3	26.85
206	246	9	70.03
131	961	3	19.09
102	851	4	10.52
132	283	9	49.9
113	694	3	12.33
113	642	5	25.08
608	12	4	4.03
123	108	16	13.69
713	321	3	29.81
498	12	7	10.66
1028	127	4	27.33
101	1181	4	13.44
382	157	5	32.56
3603	152	3	31.12
118	836	6	38.44
3575	14	3	11.37
114	300	5	15.56
780	14	4	4.58
105	795	3	10.66
98	3951	4	23.72
130	190	3	5.73
491	104	4	10.16
913	593	3	36.38
101	4781	3	22.28
5902	112	3	30.28
428	121	3	11.1
110	349	4	11.76
322	372	3	25.33
249	166	4	20.03
677	123	4	22.35
110	102	49	8.36
120	589	5	27.07
688	121	3	14.11
102	4162	3	17.86
189	426	23	267.98
176	145	3	6.65
108	1778	3	18.18
98	3848	3	13.4
106	201	4	4.63
3424	14	3	11.37
4210	14	3	13.5
171	118	7	13.78
2834	14	3	9.88
539	282	6	62.7
108	1017	7	46.07
103	683	3	6.54
2468	14	3	8.75
102	595	4	7.46
131	333	5	24.45
107	238	32	182.73
741	12	5	8.47
12	1842	3	7.88
142	102	24	10.88
98	337	43	185.39
354	375	4	37.62
98	271	81	427.91
224	1018	4	40.63
184	1000	10	116.51
98	189	122	529.87
135	531	6	39.72
200	112	4	5.66
286	524	3	26.65
115	151	6	4.55
135	3649	3	31.12
233	402	10	101.36
140	228	6	24.77
109	1105	5	30.05
121	172	5	8.22
541	14	6	7.3
209	128	4	11.1
121	124	9	7.05
105	2781	3	19.56
214	720	3	25.55
160	105	40	150.76
133	213	5	17.11
135	953	5	38.17
109	1663	4	26.44
243	113	5	11.57
136	118	24	65.11
136	174	12	51.74
12	1268	4	9.83
1335	312	4	48.73
5	119	6	19.91
5750	102	3	22.31
103	178	18	32.49
4834	114	3	30.63
103	431	3	4.08
1608	3724	3	55.74
113	844	3	13.71
2562	14	3	9.88
468	14	6	5.73
98	888	18	99.02
360	320	3	25
146	373	9	63.1
829	14	7	16.47
449	101	4	5.32
12	1420	3	6.11
101	1069	3	7.48
143	958	5	39.57
683	12	4	4.71
156	108	11	17.91
456	149	3	15.83
512	108	7	33.92
105	2406	3	18.33
208	110	15	57.6
12	660	16	64.8
733	102	5	13.55
112	3490	3	23.57
102	3764	3	17.86
595	402	3	30.78
134	295	3	10.74
124	597	5	29.1
12	4528	3	14.4
98	4102	4	23.72
145	156	11	41.93
108	827	3	12.58
221	101	17	32.93
1347	14	3	5.33
98	2818	6	35.58
102	329	8	14.47
459	280	4	36.48
184	671	5	44.21
101	1255	3	8.72
98	587	27	140.97
101	1120	3	7.86
361	108	3	7.12
154	485	12	106.15
236	12	18	22.2
2068	2	4	25.13
98	198	127	647.63
113	586	14	100.75
262	156	9	57.51
240	420	4	33.33
12	4423	3	14.4
129	739	3	16.9
148	101	24	14.38
245	104	5	5.74
138	14	44	11.91
102	1144	11	64.62
1000	109	10	76.65
1588	102	3	10.44
101	241	9	9.77
102	1306	6	27.02
1415	127	3	20.9
124	121	15	22.99
101	320	5	4.84
214	247	3	16.76
110	146	11	13.94
270	120	3	6.81
1153	14	5	11.76
98	183	179	987.15
101	1482	3	9.78
1733	218	3	32.75
108	2273	3	20.04
113	2770	3	22.12
117	233	4	8.62
127	398	3	12.32
112	631	3	11.53
102	433	4	5.2
3277	12	3	12.25
406	161	8	63.74
107	141	102	517.75
98	5097	3	17.79
145	404	4	22.19
113	539	6	29.87
811	161	3	22.43
1149	12	3	4.86
168	12	20	7.54
505	139	3	15.32
477	16	4	20.02
1069	12	3	4.52
98	478	8	11.5
98	538	29	148.07
1111	234	3	29.71
189	279	3	16.58
102	3747	3	17.86
109	176	18	61.38
189	197	3	13.16
3682	124	3	29.07
1120	12	3	4.86
199	12	13	5.84
102	1382	9	53.59
222	121	6	18.21
637	119	5	27.81
264	102	6	4.49
12	108	195	199.43
105	5056	3	27.82
117	1711	3	19.51
12	303	49	223.74
101	966	4	11.32
98	1641	8	37.64
16	338	6	29.43
1488	14	3	5.83
1313	128	4	30.34
101	2302	3	12.91
16	131	26	89.96
387	101	5	7.01
12	5842	3	18.81
108	243	25	131.46
577	706	5	63.25
133	3988	3	30.82
3553	14	3	11.37
398	14	7	6.35
421	177	6	48.16
102	2587	3	14.14
154	838	3	21.43
1255	16	3	20.04
122	242	3	6.03
310	175	3	16.67
104	907	8	43.71
109	3498	3	23.16
144	238	4	15.13
621	14	7	12.44
446	122	3	11.39
140	333	3	12.22
102	1634	3	10.44
2461	14	3	8.75
600	101	6	15.72
115	107	17	7.8
1168	124	3	18.64
133	102	40	37
21	191	4	4.26
209	112	6	13.13
119	1029	5	32.99
103	581	4	9.55
594	3761	3	48.45
105	1586	5	32.6
680	101	6	17.45
1723	111	4	26.91
102	820	7	26.01
12	1386	3	6.11
1266	106	3	15.31
13	149	4	5.54
111	178	10	24.47
101	963	3	6.8
244	115	5	12.74
205	105	15	47.1
149	118	16	38.12
115	480	5	22.78
1620	14	3	6.4
3785	104	4	34.64
2727	4084	3	59.64
98	5662	3	17.79
113	1762	4	28.24
105	570	10	54.18
412	487	4	41.94
693	240	3	26.72
211	137	3	7.79
118	1137	3	16.81
115	229	4	7.92
12	361	7	6.41
408	109	3	8.4
588	12	5	6.53
146	1416	4	33.97
98	2018	8	47.44
209	155	5	21.56
1027	139	4	29.26
1749	159	4	40.26
136	144	8	17.88
12	1250	3	5.65
146	139	11	31.92
98	813	18	89.85
108	425	10	52.38
119	699	8	54.41
2591	111	4	32.68
417	14	15	36.02
128	115	14	19.49
102	863	3	6.24
703	104	4	13.21
112	150	8	7.4
112	202	8	21.03
236	266	3	18.49
520	336	3	28.18
118	2145	6	54.43
164	122	15	51.95
98	21	154	77.47
185	120	4	6.13
106	1370	3	15.85
102	350	5	5.99
863	2	7	37.62
98	3815	4	23.72
98	3739	4	23.72
124	295	4	14.15
259	109	3	4.45
126	156	17	65.36
340	1561	3	35.85
104	1290	5	26.18
219	1024	3	28.37
274	764	3	28.56
218	14	16	11.3
748	105	5	22.17
120	556	10	68.26
98	1119	15	88.96
2107	14	3	7.83
769	103	3	7.22
109	247	3	4.03
263	104	8	16.99
110	532	3	10.13
1233	14	4	8.14
456	115	4	15.99
12	614	4	4.03
233	615	4	36.34
871	12	4	6.48
101	4738	3	22.28
132	2047	3	24.67
637	102	4	8.22
902	12	4	6.85
168	121	4	4.83
102	307	9	16.45
127	278	5	19.74
1301	12	3	5.65
2328	3285	3	56.17
1414	437	3	37.35
101	1297	4	14.1
1028	14	4	6.66
117	351	3	8.8
147	14	72	83.22
4833	4714	3	72.46
12	3402	3	12.25
380	254	3	22.86
131	392	4	19.69
459	106	4	13.69
154	159	9	36.83
98	508	31	155.41
121	1693	3	20.35
101	1300	3	8.72
113	3831	3	25.92
105	4524	3	23.34
281	12	9	6.32
101	435	15	58
658	112	4	18.02
109	143	33	99.33
733	119	5	29.09
578	128	3	15.2
339	156	3	15.09
163	101	14	7.99
148	120	8	11
2426	103	3	14.91
106	217	10	29.47
933	14	4	5.86
1927	14	4	12.01
138	122	11	17.87
12	1097	3	4.52
1171	12	3	4.86
109	515	4	15.15
581	161	3	19.97
109	1157	4	22.57
98	205	125	667.36
102	4789	3	22.31
2197	5	3	36.08
171	104	18	35.83
202	113	9	25.97
283	118	3	6.89
3485	122	5	54.21
2	338	3	4.53
2	131	18	15.9
5	102	6	4
180	16	5	11.7
112	108	23	15.2
206	363	3	20.54
117	2432	3	22.13
12	6087	3	18.81
169	219	7	40.9
102	1680	4	16.58
431	177	5	38.66
5506	114	3	30.63
1839	14	3	7.06
109	976	4	20.94
552	120	6	34.01
388	14	32	129.42
2322	165	3	30.58
160	231	3	12.04
288	113	3	6.05
215	118	4	7.93
149	132	5	7.02
369	136	5	26.72
1439	12	3	6.11
273	129	4	14.44
135	652	3	16.9
457	1307	3	37.11
146	418	4	22.57
3468	14	3	11.37
377	104	5	11.8
2475	14	3	8.75
493	14	6	6.21
102	975	6	22.3
220	129	19	115.68
118	447	3	10.62
2680	5687	3	64.14
102	1079	3	7.51
216	319	3	19.82
128	132	9	15.77
101	2003	4	18.81
1489	104	4	20.4
2480	14	3	8.75
117	652	7	43.19
136	308	4	17.3
155	145	4	7.37
3444	14	3	11.37
541	111	3	10.5
121	107	19	16.35
101	681	9	34.14
323	390	3	25.82
14	1182	9	35.95
214	837	3	26.67
496	101	5	9.4
98	5237	3	17.79
3594	12	3	12.25
105	406	3	6.59
162	149	3	5.37
893	102	3	6.52
156	290	9	61.3
384	2	3	5.53
363	14	13	22.19
13	103	38	63.32
6288	14	3	17.89
747	101	4	9.06
102	3208	3	15.68
4746	103	3	24.33
12	188	14	4.84
12	270	13	14.02
104	686	10	52.39
104	618	4	12.31
240	2408	5	66.79
4349	14	3	13.5
154	755	3	20.54
1732	234	3	33.26
201	318	3	19.15
165	113	6	7.54
14	99	9487	68722.9
271	105	5	9.49
864	102	6	20.87
112	555	3	10.74
98	2246	7	41.51
102	653	7	22.14
132	239	7	30.84
253	576	4	36.9
608	119	5	27.04
117	395	3	9.79
101	1194	6	25.83
151	459	10	79.89
113	317	17	97.78
308	14	12	13.74
127	176	18	87.18
1886	14	3	7.06
601	115	4	18.33
673	103	4	10.89
852	107	5	26.74
447	107	3	8.5
102	1411	7	36
108	3333	3	22.85
109	147	23	57.16
2904	187	4	48.36
589	106	5	22.03
101	542	4	6.76
1882	12	3	7.88
110	121	25	35.32
126	216	4	11.03
182	409	3	19.65
1223	1133	7	117.07
262	122	7	26.99
612	124	6	37.75
3389	14	3	11.37
158	14	43	39.66
102	566	3	3.97
929	12	5	10.69
142	121	7	7.18
109	1222	4	23.21
1459	119	3	19.27
101	1447	3	9.78
102	4878	3	22.31
246	12	15	15.92
118	943	6	40.62
246	162	10	67.03
102	347	27	123.52
564	224	5	46.64
98	301	64	334.86
420	148	3	15.21
2115	14	4	13.18
195	111	4	5.18
98	1572	3	6.31
111	939	6	37.68
98	1369	3	5.25
110	133	8	3.93
574	174	3	21.36
102	1260	7	34.41
4078	3875	3	63.46
557	112	3	10.74
176	121	6	13.01
124	2	20	13.2
1657	112	5	36.67
842	119	3	15.33
130	12	41	8.67
1032	12	3	4.21
291	121	3	7.95
637	106	7	37.57
98	1184	12	59.89
275	14	26	55.93
1329	14	3	4.89
909	101	3	6.49
263	101	10	14.88
12	679	5	7.76
102	3114	3	15.68
104	5167	3	25.98
336	123	3	9.99
131	492	3	14.6
385	1176	3	35.34
98	4884	3	17.79
105	1992	3	17.33
145	136	10	26.68
674	119	4	20.66
580	12	6	9.37
2913	127	3	26.04
1137	106	8	57.28
4611	608	3	48.67
98	1005	4	6.54
102	672	6	17.51
454	14	15	39.14
346	468	3	27.82
109	4456	3	25.38
16	208	5	14.84
1763	133	3	23.89
98	5597	3	17.79
16	252	3	7.74
166	303	3	15.6
334	102	12	31.17
1394	109	3	16.49
13	212	3	8.5
134	838	3	18.65
547	12	10	24.25
1534	12	3	6.63
13	144	4	5.32
133	230	6	24.05
1141	132	3	20.28
21	6258	3	29.65
101	696	11	48.09
429	12	11	22.91
105	455	6	22.49
128	118	12	15.36
722	14	5	6.88
112	258	3	4.73
102	1012	6	23.09
112	215	5	9.82
576	14	5	5.13
1503	14	4	10.16
180	128	21	112.52
136	209	3	7.55
122	112	29	50.18
257	119	12	56.63
104	889	3	9.83
146	255	14	91.94
374	420	3	27.63
120	2512	3	22.79
655	101	3	4.62
111	2909	3	21.93
2864	14	3	9.88
16	195	3	5.52
378	12	11	19.34
166	112	7	10.38
334	119	9	45.74
133	412	13	100.04
12	242	41	119.72
111	102	105	115.68
4916	1826	3	61
101	901	3	6.49
13	191	6	22.37
117	1058	3	16.34
133	1124	5	39.84
120	1895	3	20.92
3933	102	3	17.86
113	2404	3	20.89
635	305	3	28.64
132	201	4	11.31
2469	14	4	14.61
327	115	4	12.46
102	726	3	5.26
170	118	4	4.27
98	2320	7	41.51
102	623	3	4.47
261	300	3	21.07
103	190	7	4.16
131	795	3	17.81
98	2577	6	35.58
499	12	5	4.88
257	102	12	20.82
98	799	20	105.43
105	588	3	8.84
162	115	9	18.3
101	4617	3	17.83
183	113	4	4.12
2527	389	3	40.45
1929	14	4	12.01
947	14	5	9.9
126	122	40	141.4
287	14	11	9.31
102	1192	3	8.3
106	283	5	12.43
138	256	3	9.43
842	102	4	10.52
1836	114	4	28.54
176	12	27	26.98
536	106	5	21.04
176	162	6	26.39
150	1043	3	21.75
233	1776	5	62.16
98	3090	4	18.82
227	123	5	15.02
978	14	7	18.83
270	117	3	6.24
154	133	7	16.44
242	122	4	10.07
1936	591	4	58.38
98	475	35	186.96
295	240	7	59.1
135	233	3	8.41
1132	14	3	4.13
2021	101	3	11.94
103	1032	3	8.98
325	12	8	7.09
102	1497	4	15.67
106	479	9	46.49
394	144	3	14.52
105	842	7	39.27
114	216	4	6.8
101	392	8	18.13
189	192	3	12.79
101	572	4	7.19
497	118	3	11.22
825	103	4	12.59
109	117	16	8.99
1161	14	3	4.13
1764	516	5	74.58
139	186	5	14.89
105	793	3	10.66
138	409	3	13.94
106	526	3	9.22
152	109	14	26.18
263	134	3	9.44
1343	12	3	6.11
12	828	5	9.71
106	4814	3	29.2
98	1210	12	59.89
1315	12	3	5.65
175	171	4	15.23
1382	119	3	18.67
98	438	37	189.37
101	1115	5	18.53
98	590	29	163.36
145	169	5	14.24
151	380	16	136.37
119	351	3	9.19
381	987	3	33.55
127	163	14	54.55
127	101	27	7.2
107	357	5	16.24
1311	14	3	4.89
113	523	9	51.67
3626	124	3	26.85
98	3137	5	29.65
5956	939	3	56.24
386	105	7	25.54
625	103	3	6.14
272	101	6	4.71
101	3727	3	17.83
116	2264	3	21.7
184	2282	4	46.12
118	1013	4	23.85
423	397	3	28.4
142	12	47	26.77
135	585	3	16.25
304	177	9	71.25
111	1846	3	18.83
135	533	4	23.02
1227	12	7	25.1
110	12	104	33.38
12	1023	3	4.21
114	344	4	12.39
232	14	12	5.22
193	122	75	602.73
157	142	3	4.05
121	113	19	20.78
101	749	3	5.23
1061	165	9	98.7
153	150	3	4.19
837	14	7	16.47
679	156	4	29.41
328	107	3	6.17
211	108	11	34.59
359	121	3	9.68
418	109	4	13.56
108	1166	4	22.16
129	175	5	12.38
114	929	4	21.47
102	1106	4	12.89
107	745	3	11.63
103	175	11	10.41
665	9	13	116.26
174	137	4	9.09
104	923	3	9.83
122	202	3	4.7
98	697	16	63.17
411	14	10	15.61
136	115	37	125.24
141	213	6	24.1
102	638	8	27.62
118	253	4	9.65
111	5956	3	30.21
115	1161	3	16.32
108	319	11	50.08
587	109	3	10.73
135	3253	5	59.38
1252	161	7	74.59
120	4480	4	43.1
440	12	10	19.43
156	242	4	17.77
13	291	3	11.64
3855	14	4	23.85
101	854	9	39.86
13	118	7	6.45
1517	14	5	15.28
450	9	3	13.98
306	103	6	10.1
1560	14	3	5.83
1392	13	3	23.05
151	595	4	26.15
290	115	5	15.92
196	118	4	6.73
144	913	4	29.55
107	554	3	9.92
8	354	3	12.06
98	453	40	237.31
98	529	5	4.32
104	102	502	1345.45
249	108	5	10.67
860	336	4	44.91
105	800	7	37.69
139	128	5	4.96
163	118	4	3.84
103	2070	5	30.08
3583	14	3	11.37
102	1293	3	8.76
98	1470	3	5.74
545	147	3	16.97
142	106	9	5.72
120	1212	4	26.44
294	112	3	6.01
102	2823	3	14.14
154	431	3	16.8
520	168	3	19.88
101	1507	4	15.63
236	164	3	12.66
164	214	5	24.69
108	1082	4	21.58
103	618	3	6.14
116	2263	3	21.7
98	3072	5	29.65
350	133	3	12.21
1906	14	6	24.64
98	841	4	5.4
3035	14	3	11.37
109	1868	3	18.49
8	665	13	116.12
136	120	17	38.62
155	197	3	9.4
2	262	16	60.89
118	463	4	16.83
112	226	4	6.85
112	182	5	6.61
1391	102	7	36
102	959	3	6.83
531	437	3	30.56
128	251	3	8.33
140	110	45	156.04
115	321	5	17.42
109	2162	5	39.23
189	2157	3	31.75
1020	110	3	14.35
105	542	4	13.28
2066	110	3	19.49
569	336	3	28.94
666	103	7	27.16
101	1003	3	7.12
119	5473	3	32.08
115	576	3	11.8
102	1907	3	11.15
260	110	4	8.14
332	12	11	15.84
102	705	9	35.05
920	12	6	15.07
113	842	5	28.37
2167	156	3	28.17
116	233	4	8.12
165	14	47	62.1
3376	14	3	11.37
98	1049	13	61.97
116	278	3	6.16
508	102	5	9.69
212	121	5	12.84
12	6366	3	18.81
188	433	3	20.7
475	102	10	31.95
98	1758	9	53.37
179	121	5	9.49
111	235	3	3.96
3879	3982	3	63.46
1181	14	4	8.14
102	2012	3	11.97
205	117	18	85.08
149	101	25	16.47
268	14	37	104.36
162	120	4	4.15
120	2322	4	33.56
183	122	8	22.1
105	2882	4	29.49
1698	801	3	42.72
1041	12	9	33.62
146	1539	3	24.04
121	136	21	56.9
111	410	9	46.11
121	269	5	16.32
1220	12	3	5.24
2	12	388	578.97
98	794	13	48.28
116	533	8	46.47
128	104	30	37.29
197	120	3	4.25
525	103	3	4.97
220	101	15	25.32
107	724	3	11.38
102	996	3	7.15
270	118	5	15.08
469	14	14	35.18
12	1687	3	7.21
272	149	3	11.11
106	1568	3	17.09
98	5155	3	17.79
2078	119	3	21.54
108	1065	5	29.54
198	1923	4	45.34
103	786	5	17.1
102	1201	6	25.89
682	12	7	15.28
106	225	6	12.53
1491	134	3	22.62
5138	2328	3	62.9
607	110	3	11.07
129	635	3	15.94
101	318	18	59.32
992	4	4	60.48
109	427	12	69.04
167	137	13	55.32
167	188	3	10.46
143	231	4	14.33
133	807	12	111.21
748	117	4	20.79
1734	462	3	39.85
130	230	4	12.38
1501	109	3	17.08
139	112	9	7.08
168	102	11	3.89
104	3059	3	19.3
465	12	9	16.95
145	203	5	19.07
98	360	49	257.96
104	4026	3	21.5
529	125	4	21.17
1440	12	3	6.11
105	1021	3	12.25
148	132	6	10.1
12	4327	4	25.07
353	591	4	41.94
98	1583	8	37.64
317	699	7	82.93
101	333	17	56.26
120	342	4	14.48
110	277	11	45.59
110	327	3	6.7
107	3000	4	31.59
2474	14	4	14.61
830	122	16	150.66
101	1604	3	10.4
142	327	3	12.32
185	118	5	8.65
1720	14	5	16.48
4490	167	3	35.76
158	151	4	8.65
240	524	3	24.6
326	144	3	12.91
113	490	8	42.84
171	253	3	13.84
2027	144	3	26.21
98	407	40	206.45
98	355	50	263.71
101	1148	5	18.53
117	353	3	8.8
12	2016	4	14.34
123	137	8	10.65
403	133	3	13.37
134	190	3	6.23
445	111	11	63.55
249	128	3	8.23
782	14	4	4.58
611	104	5	17.27
12	616	15	55.12
114	4992	3	30.63
12	692	23	125.89
120	300	11	57.6
3117	102	3	15.68
3434	12	3	12.25
2101	127	5	46.69
139	108	8	3.97
1683	12	3	7.21
430	177	4	28.84
139	155	7	17.52
932	112	4	21.01
12	226	13	8.84
12	110	105	34.68
101	885	3	6.49
109	806	9	60.04
179	162	3	9.36
103	1169	6	28.79
192	156	6	26.84
297	101	10	19.06
105	317	21	113.22
12	2923	4	17.61
149	120	7	8.28
16	211	3	6.31
149	220	3	9.24
3278	133	3	28.6
103	503	3	4.83
98	4203	4	23.72
112	577	3	10.92
482	115	4	16.4
102	818	4	10.13
271	143	3	10.61
12	1556	10	56.08
252	141	11	63.63
508	119	3	11.74
101	1806	3	11.12
102	4637	3	17.86
104	640	8	36.97
136	143	4	4.15
823	106	5	25.87
310	12	10	10.83
184	520	4	30.86
190	943	5	49.35
98	664	22	108.58
531	403	3	30
309	156	3	14.26
345	113	4	12.24
197	101	10	7.7
107	643	11	71.6
104	2236	3	16.52
112	320	3	6.76
112	204	4	5.93
162	101	16	10.82
587	1151	4	53.35
115	111	17	10.42
319	104	7	17.74
395	115	3	9.37
115	227	6	16.12
238	463	3	23.82
12	359	46	240.34
110	788	3	12.47
173	330	3	17
98	2020	6	26.79
282	12	9	6.46
485	151	3	16.35
121	216	3	5.2
223	295	3	19.28
223	12	15	12.6
251	134	3	8.98
2417	112	3	20.77
105	421	3	6.71
101	733	6	18.45
1234	14	7	23.07
98	1991	8	47.44
1126	152	3	22.87
121	169	8	19.17
160	117	7	11.79
174	152	15	82.34
122	135	7	6.33
101	1894	4	17.58
122	186	4	6.56
136	247	4	14.05
191	117	25	126.02
12	6193	3	18.81
113	968	4	21.65
337	110	3	6.95
132	421	4	20.39
98	2301	7	41.51
109	3389	3	23.16
98	2353	6	29.94
566	119	5	26.33
102	654	6	17.05
98	967	12	48.88
117	969	3	15.59
102	3325	4	24.79
876	14	11	39.02
12	126	600	3517.72
166	142	4	8.66
149	134	7	14.13
115	527	3	11.08
1669	119	4	29.37
110	535	4	15.79
120	214	5	12.56
104	1443	7	46.31
102	3887	3	17.86
98	1344	9	40.19
124	516	3	13.32
222	145	5	20.26
114	229	11	40.54
106	570	4	15.52
692	156	3	20.21
108	645	6	30.81
103	999	3	8.98
221	118	3	4.75
925	107	4	19.87
98	2815	6	35.58
946	105	3	11.89
1407	14	4	9.41
2689	2401	3	54.58
175	108	5	5.22
2782	12	3	10.75
98	574	27	136.73
972	102	10	50.04
101	1302	4	14.1
2	638	3	8.79
1403	12	3	6.11
1844	110	6	48.61
270	144	3	10.84
105	1773	5	34.08
955	103	3	8.64
151	213	5	20.07
101	3795	3	17.83
102	461	7	16.92
127	534	3	14.25
98	5125	3	17.79
2412	14	3	8.75
2320	124	5	47.59
1258	103	3	10.64
148	118	9	12.59
110	114	20	13.1
101	228	20	45.68
109	517	3	9.83
101	112	42	4.01
390	21	3	7.85
110	308	4	10.34
343	197	3	19.52
126	128	41	176.54
219	883	5	51.87
126	201	3	6.15
404	136	3	13.67
176	149	3	6.74
148	102	26	18.37
157	319	3	14.81
20	8	5	46.08
585	123	4	21.14
262	155	13	91.46
105	1747	6	44.24
262	108	3	4.35
102	531	5	10.21
102	447	9	25.35
104	348	3	3.9
5005	1585	3	60.24
134	1112	3	20.52
147	137	4	4.71
242	128	3	7.97
102	3078	3	15.68
382	14	18	45.35
116	789	3	13.62
4005	119	3	27.59
221	102	11	13.35
98	4812	3	17.79
114	239	8	25.75
2058	119	5	42.92
114	108	64	151.53
291	149	4	18.39
385	444	7	79.55
109	2931	3	21.59
101	2646	3	14.11
491	12	5	4.88
98	4099	3	13.4
12	830	14	61.66
208	185	4	19.89
1653	13	3	24.32
1868	14	4	12.01
104	1576	5	29.57
481	115	4	16.4
177	158	3	8.76
177	104	9	10.06
766	124	3	15.9
1892	14	5	17.87
108	1485	5	34.18
179	267	3	15.41
13	116	22	58.87
12	256	10	5.93
2	1276	4	20.28
101	1763	3	11.12
9	153	5	8.33
449	102	7	16.25
12	1421	8	35.23
102	704	3	5.04
280	14	16	21.02
150	120	12	25.18
119	1010	3	16.37
143	3507	3	29.73
407	105	4	10.89
1023	120	3	16.6
109	3596	3	23.16
112	111	20	12.49
169	247	3	13.43
2357	371	3	39.96
108	392	4	12.5
103	117	35	14.52
1270	12	8	33.27
104	1009	4	16.43
243	110	3	4.05
1083	157	4	33.97
583	102	3	3.97
2	261	4	5.09
191	235	3	15.03
457	106	3	8.46
121	171	4	5.11
133	143	13	38.05
133	210	7	28.2
115	152	93	569.52
3362	14	3	11.37
108	1232	5	31.13
590	105	5	19.82
2931	14	3	9.88
1022	14	5	10.47
2997	14	3	9.88
373	103	4	5.92
121	186	5	10.04
1	9	3	9.15
121	135	6	4.2
233	4768	3	44.66
98	2066	7	35.59
338	110	3	6.95
140	330	6	32.6
1390	119	3	18.67
115	157	6	6.95
359	129	10	64.42
98	3353	4	18.82
140	125	7	9.58
1307	12	3	5.65
115	109	29	36.86
725	106	3	11.44
103	328	7	14.78
220	162	7	39.36
135	2325	5	51.01
406	819	3	33.2
184	462	3	20.66
122	169	8	19.2
12	1510	3	6.63
116	329	3	7.84
580	115	3	11.8
98	946	17	93.2
212	120	3	4.9
327	121	9	46.38
206	147	35	279.1
98	5666	3	17.79
517	161	6	47.29
264	101	13	25.5
98	1757	8	41.27
8	1737	3	23.62
781	389	3	32.21
199	103	7	5.58
339	128	4	17.28
563	9	4	23.09
222	118	3	4.75
139	113	9	7.33
424	450	11	141.15
5640	106	3	29.2
965	102	9	42.43
172	108	10	19.92
263	114	4	8.93
101	1166	3	7.86
104	312	26	136.93
284	102	6	5.74
98	4899	3	17.79
102	231	19	42.65
107	570	3	10.11
256	118	4	9.8
452	420	7	81.56
102	430	6	11.68
3353	107	5	49.01
158	128	8	21.4
119	213	8	26.52
758	110	5	26.18
98	184	167	872.11
957	106	3	13.22
185	102	10	5.1
134	517	4	22.58
276	1226	3	31.96
126	112	31	73.23
118	3416	3	24.99
287	155	3	13.21
287	108	3	5.27
4004	166	3	35.71
1802	12	5	19.33
2411	14	4	14.61
118	1620	3	19.55
124	118	16	22.78
137	1066	3	20.34
210	342	7	59.59
104	339	13	51.13
657	109	4	17.48
147	166	3	5.69
2044	124	3	23.01
107	441	3	8.37
98	4890	3	17.79
108	681	3	11.29
591	282	5	51.23
1019	107	5	28.59
1110	575	6	85.95
1702	14	5	16.48
130	105	27	42.91
303	113	3	6.48
291	115	11	52.65
101	589	6	15.72
98	1118	11	48.26
275	108	3	4.73
102	3735	3	17.86
98	1253	3	4.8
134	265	4	14.94
109	248	31	183.5
1578	995	7	121.95
1015	106	3	13.58
126	155	22	92.86
126	108	26	47.95
98	1582	10	59.3
109	417	8	38.43
101	332	18	61.82
110	129	17	24.1
1561	12	6	22.9
110	326	4	11.01
102	1258	4	14.14
107	1466	4	24.89
157	185	4	13.85
102	353	8	15.92
113	491	7	35.45
262	128	3	8.79
105	1789	3	16.48
1486	14	4	10.16
371	14	18	43.82
101	1470	6	29.64
619	12	9	22.95
113	2798	3	22.12
142	129	7	11.35
113	1072	3	15.12
103	251	6	6.47
531	506	3	31.52
197	12	17	12.38
169	134	3	4.67
102	998	4	11.83
1717	144	3	24.59
102	922	9	41.14
1255	14	3	4.89
155	104	9	3.92
116	503	7	37.72
665	103	4	10.89
98	816	18	89.85
122	222	3	5.41
21	262	6	16.07
21	211	4	5.57
101	841	4	10.48
209	156	4	16.04
1758	102	3	11.15
162	246	3	12.79
251	121	3	6.37
101	2639	3	14.11
412	106	3	7.93
297	162	3	14.92
2159	12	4	14.34
1731	424	3	39.24
313	136	4	17.54
481	149	3	16.15
16	261	5	18.36
120	676	4	20.97
12	6232	3	18.81
264	120	4	10.99
111	117	120	498.27
179	101	14	12.5
13	146	5	8.6
117	861	5	30.43
305	104	5	8.99
201	245	7	50.12
105	1589	5	32.6
132	141	18	61.24
1259	12	3	5.65
98	2285	7	41.51
1874	12	3	7.88
956	12	4	7.25
116	3126	3	24.51
98	1020	14	67.5
146	421	3	15.17
778	106	3	11.7
135	770	7	54.97
102	2510	3	12.94
224	187	17	141.2
977	110	3	13.99
1317	12	3	5.65
150	101	100	309.74
3329	133	3	28.6
102	834	3	5.97
151	906	4	30.11
16	296	4	14.83
357	937	3	32.96
384	103	7	18.06
500	154	5	34.93
1035	305	3	31.85
1349	12	4	10.51
12	125	42	6.04
12	330	10	12.53
12	6383	3	18.81
12	272	84	489.25
101	734	3	5.23
173	110	47	248.58
1	2	11	33.81
503	501	5	57.64
317	177	6	43.04
121	244	4	10.12
219	421	3	22.35
21	12	170	143.82
1820	102	3	11.15
431	218	5	43.13
16	414	4	18.83
129	104	17	8.55
102	1089	6	23.94
561	115	4	17.8
169	120	7	14.75
3176	14	5	29.82
103	306	5	6.92
169	293	3	15.41
113	1019	5	30.23
101	2065	3	11.94
122	136	10	14.34
366	164	3	17.15
1040	12	8	27.44
1489	102	3	9.81
243	109	3	3.94
262	112	6	17.19
158	108	7	7.25
228	1202	3	29.92
1424	14	8	32.85
4574	148	3	32.45
12	1724	6	24.51
340	130	15	108.05
101	1385	6	28.22
104	367	12	48.33
287	128	4	15.33
110	115	30	40.83
101	286	26	97.21
98	1599	9	46.97
265	118	3	6.22
154	1175	3	23.77
105	853	4	17.39
176	129	3	4.96
157	127	4	5.32
106	314	3	5.69
124	517	3	13.32
114	112	17	8.76
1076	102	3	7.51
139	255	3	9.35
105	675	3	9.67
114	285	3	6.11
2356	1280	7	139.26
152	124	89	608.61
428	104	3	5.27
104	1392	4	19.57
101	436	13	46.01
134	118	10	11.85
714	14	10	27.55
2824	14	4	16.42
161	130	4	6.58
1530	14	4	10.16
123	224	13	63.06
102	3123	4	24.79
189	1514	3	29.45
1084	128	4	28.41
98	507	32	165.13
437	12	7	9.15
98	4937	3	17.79
196	102	15	20.2
937	743	3	38.16
1857	12	3	7.88
111	339	5	16.66
16	160	14	51
177	174	3	10.48
149	130	4	3.95
606	14	5	5.65
156	289	4	20.55
2466	14	3	8.75
384	104	4	8.12
102	823	5	14.92
115	1211	4	24.96
170	145	3	5.9
102	771	3	5.48
150	105	46	149.06
98	2247	7	41.51
102	652	3	4.65
660	101	3	4.62
108	333	12	58.49
98	1081	15	81.58
212	149	7	32.26
113	2623	5	45.28
493	109	3	9.51
98	766	22	122.36
201	506	9	90.07
12	1152	14	80.52
527	12	17	59.7
112	167	8	13.71
548	122	14	107.11
150	489	6	41.65
102	1080	5	17.85
314	403	4	36.85
761	101	6	18.99
489	234	4	34.34
140	243	16	101.8
359	101	5	6.09
743	14	7	14.54
139	978	3	19.66
121	108	18	14.77
1172	400	3	35.14
101	628	6	16.55
105	2798	3	19.56
413	164	3	18.28
104	6179	3	25.98
441	265	3	24.5
110	120	25	34.12
1247	14	4	8.14
343	313	3	24.38
109	399	3	8.16
5789	122	3	32.52
2	704	4	14.61
101	1492	5	22.27
98	260	83	426.06
101	1388	6	28.22
783	114	4	19.82
207	134	7	28.33
107	283	4	8.57
272	121	20	122.85
145	288	4	18.16
465	129	3	13.92
702	102	3	5.04
107	479	4	14.14
98	4720	3	17.79
1932	12	5	19.33
311	158	4	21.97
175	169	5	20.98
105	5327	3	27.82
276	122	4	11.82
104	117	35	25.7
110	369	7	29.56
105	2389	3	18.33
3371	14	3	11.37
151	4145	3	32.7
249	122	9	37.38
2940	14	4	16.42
189	163	10	58.25
101	543	20	104.96
318	12	16	32.12
303	136	3	11.21
130	143	5	5.9
130	210	3	6.93
98	1183	13	69.99
104	1474	4	20.4
1308	12	4	9.83
98	3984	3	13.4
106	409	6	23.68
199	117	5	10.76
269	126	3	8.58
2009	111	3	19.69
119	1295	11	106.58
133	2158	3	24.76
119	1354	9	82.83
2875	236	3	36.45
105	832	3	10.94
5549	9	3	35.08
139	169	4	8.53
137	793	3	18.29
222	104	5	4.66
127	192	7	23.67
986	14	8	24.02
98	2784	6	35.58
98	4883	3	17.79
98	4823	3	17.79
256	104	7	12.6
1226	14	4	8.14
477	302	5	49.91
98	345	54	297.26
3700	106	3	24.72
190	177	14	98.32
880	12	7	19.14
120	1433	3	18.91
105	3320	4	32.11
141	1060	3	20.71
321	171	5	32.54
117	162	5	6.02
3216	123	4	39.51
344	593	4	41.65
102	346	7	12.05
227	14	12	4.89
811	218	4	38.54
102	1261	5	20.25
279	101	6	5.18
120	2713	3	24.03
109	486	4	14.72
928	121	3	16.07
748	102	4	9.1
4842	2	3	27.1
129	144	6	9.23
268	112	11	45.25
302	138	3	11.26
908	114	3	14.25
129	212	4	11.45
980	102	4	11.36
1662	12	4	12.15
183	108	17	55.77
111	367	3	7.81
219	403	4	31.84
141	1137	4	30.78
666	9	3	16.61
121	150	7	8.87
296	128	5	21.88
499	120	3	11.81
2	17	19	84.85
5976	14	3	17.89
122	113	16	13.68
1762	14	3	7.06
704	1209	14	260.7
116	396	6	27
945	102	3	6.83
128	175	5	12.21
1516	12	3	6.63
102	1063	8	37.71
108	228	8	21.79
102	673	3	4.84
102	605	4	7.71
1264	628	6	89.56
102	756	11	50.57
180	529	3	21.35
12	1569	3	7.21
646	181	4	32.86
1520	14	4	10.16
133	1246	9	87.83
116	213	3	4.04
122	480	3	11.84
104	634	4	12.31
617	282	6	64.9
120	746	7	46.62
12	124	112	133.81
117	1831	3	20.26
558	14	5	4.89
13	313	3	12.3
575	133	5	31.63
101	899	8	34.09
13	145	4	5.44
111	118	14	6.78
182	710	24	327.31
101	2369	3	12.91
149	178	3	6.85
205	102	15	23.1
149	114	8	7.79
375	845	3	32.74
260	139	4	15.12
115	372	5	19.61
2	160	8	6.11
499	101	4	5.98
383	156	3	16.19
134	1733	3	24.04
293	425	3	25.53
131	2588	3	26.93
402	104	7	22.42
4530	139	4	47.75
531	522	4	44.81
945	119	3	16
108	490	8	40.61
169	253	5	27.95
115	1520	3	18.4
102	938	6	22.3
105	377	9	36.76
124	790	3	16.18
129	132	5	4.43
107	2110	3	18.89
115	299	7	27.61
98	3168	4	18.82
233	419	3	22.8
223	129	3	7.41
140	138	5	6.26
1003	102	4	11.83
98	3288	4	18.82
882	103	3	8.02
552	146	3	17.11
12	554	15	51.32
133	105	14	10.18
659	14	10	25.81
1709	14	6	22.74
101	825	7	25.94
101	646	3	4.62
486	21	3	9.17
764	14	5	7.61
125	137	8	12.35
21	446	3	8.73
274	389	3	23.95
13	131	11	28.7
101	902	3	6.49
255	107	3	3.9
1589	104	5	29.57
288	215	5	36.64
8	1738	3	23.62
655	12	4	4.47
16	276	4	13.66
4526	112	3	25.79
2448	12	3	9.6
2	413	4	10.2
6089	14	3	17.89
377	133	4	19.31
9	167	3	4.23
237	105	15	52.58
305	118	5	17.47
212	115	7	19.56
252	201	3	16.57
118	607	4	19.25
127	13	7	11.05
325	101	5	5.06
1834	866	4	61.93
175	136	6	18.24
113	5162	3	30.4
1095	12	3	4.52
1166	350	3	34.06
101	573	7	20.05
1747	102	4	17.63
102	3751	3	17.86
111	754	3	12.66
301	125	3	9.79
1142	12	3	4.86
611	219	3	24.94
152	153	3	4.74
303	169	3	15.82
1299	14	3	4.89
139	122	13	24.87
291	101	5	3.85
98	3682	4	23.72
138	152	4	5.66
157	14	72	124.57
385	231	3	22.09
786	115	3	13.61
176	101	15	14.31
2921	14	4	16.42
12	4312	3	14.4
353	402	7	75.79
2146	12	4	14.34
3634	161	3	35.11
274	642	4	39.23
1505	102	4	15.67
340	12	9	10.47
4679	14	3	17.89
615	540	7	91.05
151	233	9	49.02
171	133	9	31.58
1099	14	4	7.11
225	240	4	25.14
294	122	36	288.09
2	758	3	9.72
143	1613	3	24.27
142	101	30	21.44
98	6395	3	17.79
224	1019	6	66.79
101	1521	6	29.64
371	127	3	11.72
98	3138	4	18.82
118	910	16	152.71
102	1291	3	8.76
3496	112	4	35.38
102	1156	4	12.89
110	101	81	55.22
12	1084	10	42.06
101	245	10	12.91
208	170	8	47.77
357	412	7	76.74
108	763	4	18.42
113	187	25	110.95
127	162	11	36.72
127	12	86	84.69
127	246	11	56.23
136	876	3	18.81
98	439	39	210.08
101	1116	8	39.03
109	1549	6	44.65
1219	104	4	18.15
1574	559	3	40.33
140	1195	3	21.36
103	547	4	9.08
407	101	9	23.58
544	12	7	12.09
360	141	4	19.85
432	125	4	19.43
135	703	15	144.82
341	102	5	5.59
288	299	5	42.51
255	319	4	30.73
179	129	16	77.14
101	853	6	20.81
2421	12	3	9.6
125	290	5	20.6
12	139	164	429.06
166	127	4	6.65
1349	114	6	44.72
140	425	3	14.29
104	5279	3	25.98
1367	101	3	9.22
105	286	12	45.95
108	1480	4	25.08
579	14	10	22.84
101	4569	3	17.83
105	540	3	8.29
1175	218	5	55.51
101	675	5	12.71
110	808	3	12.74
160	102	61	177.85
12	511	8	14.5
310	129	3	10.57
1950	139	3	24.38
98	847	20	118.62
122	203	8	26.81
422	12	14	35.4
355	110	8	35.06
191	102	17	24.6
102	1029	4	11.83
112	124	11	6.31
105	1303	3	13.97
128	145	9	19.98
5450	12	3	18.81
347	12	7	5.87
124	406	3	11.83
124	354	4	16.46
114	265	4	9.08
139	102	31	21.37
2308	114	3	21.12
987	593	5	67.35
109	238	6	14.6
2721	9	6	70.18
3718	9	3	30.58
184	708	3	23.44
154	215	4	15.87
104	201	34	141.31
98	552	31	175.1
175	145	6	20.57
644	14	6	9.36
1690	14	5	16.48
168	112	15	42.53
98	2653	5	24.35
2100	102	3	11.97
98	4880	3	17.79
773	12	4	5.51
158	144	3	4.69
118	947	5	31.7
112	721	4	18.66
640	12	8	19.03
5899	112	3	30.28
1694	12	3	7.21
12	3549	5	31.34
98	249	94	498.05
98	298	69	384.93
164	115	12	31.66
1054	185	3	26.33
367	357	3	26.14
12	1699	3	7.21
321	118	5	18.19
239	107	5	9.97
799	117	3	14.32
727	101	14	71.88
195	179	11	73.98
109	559	10	60.15
353	380	4	37.64
1858	14	3	7.06
102	1264	8	42.42
138	129	7	10.63
102	1181	6	25.89
3460	12	3	12.25
124	155	4	3.96
4249	127	3	29.85
12	548	12	33.84
101	640	5	12.34
173	193	26	216.67
101	851	5	15.38
209	162	6	30.85
137	484	9	65.81
105	459	5	17.16
183	104	7	5.56
2166	14	4	13.18
251	111	8	25.89
98	5218	3	17.79
128	122	9	9.5
5873	14	3	17.89
128	170	5	11.19
197	156	3	9.79
337	192	4	27.6
120	3414	3	25.61
169	199	3	11.6
1931	14	5	17.87
102	1068	9	45.35
690	592	3	34.36
4155	875	3	51.05
201	350	7	59.29
136	321	4	17.78
122	232	5	13.97
98	603	29	172.02
165	8	4	7.33
113	2399	3	20.89
136	404	4	20.55
508	112	3	10.05
135	815	8	67.2
707	102	5	13.15
103	512	4	8.45
187	133	4	9.75
2699	2788	6	136.6
150	204	5	19.54
2927	101	3	14.11
98	2279	7	41.51
102	751	4	9.1
1163	14	3	4.13
156	192	3	9.43
177	186	3	11.35
369	115	6	25.73
1416	103	3	11.15
106	921	3	12.88
149	111	14	24.22
115	429	5	21.52
431	452	4	41.9
12	294	15	24.32
976	12	5	11.23
463	106	4	13.69
391	119	4	15.66
140	415	5	28.81
98	5642	3	17.79
1009	2	3	11.56
177	123	3	3.9
98	5490	3	17.79
205	141	9	42.72
151	1736	4	37.26
105	307	3	4.42
156	121	10	22.95
244	136	6	25.58
927	122	3	16.09
1478	103	3	11.72
125	101	52	53.42
12	192	21	19.63
12	340	9	10.47
135	661	3	17.14
116	245	3	5.09
154	811	5	40.83
472	107	11	61.88
257	523	3	25.25
102	2440	3	12.94
1221	14	6	17.49
12	1410	3	6.11
341	122	7	33.39
2972	14	3	9.88
2196	12	3	8.67
102	768	5	13.98
98	2242	6	29.94
101	5671	3	22.28
476	106	3	8.75
12	1290	3	5.65
879	14	5	8.89
485	103	3	4.56
101	728	5	13.5
121	104	40	44.7
102	5695	3	22.31
101	625	3	4.44
1328	101	3	8.72
1500	2082	3	48.98
101	2580	3	14.11
115	134	7	4.15
1659	12	6	24.51
109	454	3	9.06
104	1199	4	18.15
451	109	3	9.06
559	12	7	12.49
176	188	3	11.53
806	14	9	25.26
245	124	4	11.52
1396	14	4	9.41
107	231	6	13.23
5353	14	3	17.89
442	14	8	10.35
2031	106	3	18.7
2	709	5	20.58
117	257	5	14.32
164	129	3	3.93
340	138	3	12.34
5671	119	3	32.08
2438	12	3	9.6
592	12	6	9.72
160	1644	3	27.38
184	617	4	32.76
104	285	5	8.09
113	213	5	9.8
365	122	4	15.29
145	174	5	15.12
687	133	5	33.54
168	128	11	39.88
98	2700	5	24.35
98	4723	3	17.79
596	14	6	8.25
1886	103	3	13.08
182	105	21	66.08
114	118	27	40.15
692	101	4	8.46
106	581	3	9.92
1550	14	5	15.28
120	253	3	6.26
1042	112	10	78.03
152	114	7	6.89
109	255	6	15.64
134	112	10	8.51
1400	12	4	10.51
113	519	3	10.33
113	595	6	31.1
483	14	14	35.98
108	1015	4	21.04
98	3141	4	18.82
107	105	62	91.26
158	118	5	5.31
1455	1296	9	171.12
2203	161	4	43.27
361	12	6	4.21
109	1298	3	15.96
632	1756	4	58.98
98	191	139	692.25
110	242	4	7.2
214	255	5	33.61
167	178	4	15.22
1208	102	3	8.3
134	406	4	20.52
102	3952	3	17.86
134	354	4	18.9
124	128	10	14.76
193	174	3	11.65
1712	14	5	16.48
441	217	3	22.59
466	227	3	23.34
5584	1455	3	59.57
780	101	4	9.39
1199	2068	4	66.47
101	2704	3	14.11
12	772	17	80.72
810	177	3	24.33
103	3603	3	17.67
101	553	8	24.61
109	127	17	21.23
101	501	7	17.95
134	108	23	45.06
147	129	11	28.92
2453	12	3	9.6
1601	12	3	7.21
154	225	3	10.62
290	124	3	8.83
3596	14	3	11.37
1476	14	3	5.83
365	14	9	9.7
168	202	5	24.29
252	117	3	5.7
101	1769	4	17.58
1888	14	3	7.06
9	13	25	103.32
226	121	5	13.71
1100	12	4	8.15
101	2278	5	28.85
785	112	4	19.36
419	759	3	32.75
177	168	3	9.8
2571	102	4	22.21
140	548	4	23.58
250	815	3	28.18
101	858	5	15.38
219	117	6	16.48
101	926	3	6.49
111	217	5	9.94
1294	14	4	8.74
1809	604	4	58.68
173	163	3	9.02
12	394	7	7.65
328	104	4	6.4
931	12	7	19.94
129	171	5	11.43
346	119	3	9.09
129	123	6	4.33
721	102	6	18
302	12	8	5.76
112	121	34	67.93
144	143	9	24.21
102	950	5	16.55
1884	12	3	7.88
144	210	3	8.61
128	259	3	8.61
122	146	11	21.31
116	543	7	39.04
1096	14	6	15.65
122	322	6	25.74
155	135	6	13.05
108	2691	3	21.27
113	2312	3	20.89
136	227	3	8.23
4618	14	3	13.5
128	169	5	11.08
1178	14	4	8.14
112	133	18	30.69
746	103	3	6.98
220	156	8	44.46
12	1320	3	5.65
155	123	7	12.65
191	141	22	137.19
113	2265	4	31.02
98	727	21	106.78
101	1997	3	11.94
826	139	5	36.72
160	141	9	30.97
248	12	14	13.6
217	3660	3	39.65
1198	159	3	24.93
753	161	6	52.92
102	5677	3	22.31
693	218	8	86.88
1800	848	6	100.71
129	135	8	13.55
162	111	6	6.73
106	620	3	10.52
101	4537	3	17.83
102	1822	3	11.15
2986	14	3	9.88
140	192	3	6.85
2113	14	3	7.83
471	105	3	7.36
105	329	36	250.6
1852	236	3	33.31
103	1149	3	9.74
1467	107	4	24.89
785	128	3	17.05
2976	9	6	70.18
865	14	9	27.29
378	166	3	17.5
254	1014	3	29.68
101	905	11	56.23
135	1961	3	25.05
2117	12	4	14.34
13	269	3	10.6
729	102	5	13.55
9	12	51	23.26
707	119	6	36.81
360	102	5	6.27
1030	12	7	21.74
187	311	3	17.5
102	730	6	18.51
170	122	4	5.07
840	124	4	24.86
242	118	3	5.35
154	336	6	37.79
104	318	11	37.6
8	396	14	106.75
104	254	11	28.33
1342	172	3	27.14
117	425	6	28.95
168	108	10	18.95
145	212	3	8.84
1299	102	3	8.76
118	1942	3	20.3
101	396	6	10.68
3612	101	3	15.64
101	568	6	15.33
98	1392	4	9.29
135	1251	4	31.49
98	1444	11	65.23
523	282	3	26.42
154	1151	8	81.5
2041	128	3	24.19
126	174	3	4.22
105	2227	4	27.59
4287	14	3	13.5
462	9	3	14.13
1191	172	6	62.22
138	149	4	4.8
105	889	4	17.83
176	166	4	15
460	12	5	4.5
102	476	8	21.86
105	1651	6	42.26
427	12	10	18.98
592	133	4	23.68
619	111	4	17.63
410	346	10	116.85
185	154	3	8.19
129	275	3	9.32
119	2046	4	31.73
162	172	3	8.51
490	14	6	6.21
374	104	3	4.34
3469	14	3	11.37
21	189	13	39.15
21	337	4	10.95
429	110	3	8.79
1097	112	4	22.53
121	132	12	19.41
209	114	5	9.87
98	1965	7	35.59
219	518	3	23.76
12	1259	4	9.83
103	3071	3	17.67
155	112	31	112.06
117	796	5	29.36
952	119	8	60.95
122	164	5	7.52
128	107	23	39.48
105	1205	3	13.48
525	14	12	28.96
169	215	3	12.28
113	994	8	57.71
1689	14	3	6.4
144	105	13	12.37
112	327	3	6.93
112	277	4	9.16
103	528	3	4.97
387	14	9	11.1
98	2331	3	8.65
150	188	6	23.01
102	795	8	31.34
150	137	13	42.41
102	735	3	5.26
118	243	3	5.39
2	343	3	4.69
203	608	5	46.03
98	1045	12	53.59
98	993	16	87.39
125	129	10	16.74
486	12	7	10.33
450	123	3	12.35
12	309	11	13.58
111	108	37	48.7
738	101	3	5.23
156	148	3	4.51
137	165	3	4.64
149	167	8	29.68
1093	115	5	32.25
101	503	8	22.65
134	217	4	12.54
98	1128	14	75.78
400	124	14	99.82
214	556	3	23.99
263	111	4	8.45
316	14	24	61.01
3155	111	5	50.36
720	106	4	17.28
1091	12	5	12.45
1139	12	3	4.86
124	474	4	19.43
3361	12	4	20.16
159	2071	3	28.88
103	1723	3	12.36
217	134	16	94.47
1254	133	4	31.1
102	5098	3	22.31
190	240	7	47.25
354	218	6	50.7
98	432	40	221.44
284	14	11	8.91
258	152	4	17.46
164	101	14	8.06
376	113	4	13.09
109	1312	8	62.41
469	103	3	4.44
185	14	30	30.83
102	435	15	58.16
107	143	69	300.18
107	210	18	72.57
940	12	4	7.25
586	102	8	25.78
203	4713	3	43.55
511	112	5	21.85
1099	2	3	11.94
12	3481	3	12.25
557	102	4	7.01
98	1381	11	58.45
195	101	23	47.75
1087	14	8	26.36
110	320	3	6.53
362	115	5	19.23
4593	14	4	23.85
312	13	4	18.67
1201	14	3	4.49
148	14	41	16.16
138	101	51	71.57
101	3049	4	24.75
385	137	9	60.73
1000	159	3	23.64
1430	108	6	42.56
101	307	9	16.37
929	110	3	13.65
101	1375	3	9.22
104	421	5	13.17
135	522	20	190.36
270	136	3	9.78
117	3074	3	24.94
171	111	9	17.84
108	1078	4	21.58
267	625	4	38.64
2963	14	3	9.88
505	103	3	4.83
290	111	3	5.89
217	120	3	5.13
266	133	3	9.43
1551	150	3	24.28
117	451	5	22.98
664	225	3	25.83
493	682	6	75.71
258	109	5	11.66
98	381	47	256.49
2092	168	4	42.64
1125	281	7	88.83
120	267	8	32.98
372	299	4	35.24
104	1573	3	13.94
2079	12	3	8.67
102	3846	3	17.86
104	1370	4	19.57
114	306	5	15.96
888	101	3	6.49
1319	247	3	31.18
620	103	3	6.14
163	122	11	31.54
98	4096	4	23.72
3008	390	3	41.7
101	1075	6	23.88
106	2238	3	19.7
101	999	6	23.02
12	324	54	284.21
1409	14	4	9.41
16	173	8	23.91
115	400	3	9.37
1539	12	3	6.63
150	225	3	9.56
118	214	6	15.96
2265	194	4	47.55
930	128	3	18.27
1074	103	3	9.34
850	14	4	5.5
101	1836	4	17.58
116	286	13	66.17
9	148	5	6.77
422	156	3	16.96
122	145	14	32.96
116	436	3	10.03
2158	103	3	13.92
2	140	25	38.37
739	122	3	14.62
331	190	3	18.5
3498	14	3	11.37
191	238	4	22.56
98	2635	5	24.35
324	108	6	20.13
180	102	28	57.13
112	114	28	33.01
108	397	3	7.88
169	299	4	23.19
128	151	7	13.13
1057	102	3	7.51
2043	102	3	11.97
102	1808	5	25.01
183	132	3	5.46
115	149	65	325.21
815	12	5	9.71
708	109	6	32.45
115	253	5	13.35
109	2166	3	19.35
1298	106	3	15.31
162	138	5	11.59
129	112	46	150.61
121	174	5	8.75
121	118	13	11.19
160	238	3	12.34
735	12	6	12.22
132	102	129	384.64
320	115	3	7.57
472	14	13	30.59
3310	107	5	49.01
125	105	12	4.1
334	254	4	31.25
137	2930	3	27.42
135	3213	4	42.49
109	2443	3	20.36
16	166	11	37.12
12	2994	3	10.75
113	1936	5	38.36
183	144	3	6.77
859	102	3	6.24
338	325	3	24.55
129	108	9	4.08
649	12	4	4.47
153	190	3	8.58
101	789	9	36.74
101	618	5	11.99
21	99	250	298.01
790	5	5	52.59
104	1055	4	16.96
102	2302	4	20.33
136	300	4	16.97
2758	2475	3	54.58
739	14	6	10.66
1245	112	3	15.87
1586	12	4	12.15
102	966	5	16.55
112	237	3	4
131	653	3	16.53
103	108	55	29.05
2255	102	3	12.94
1863	112	4	28.07
1101	12	4	8.15
225	177	13	98.49
200	162	3	11.01
184	1054	3	26.33
101	1382	3	9.22
113	459	7	34.66
184	2218	3	32.19
148	122	10	17.89
113	1339	7	54.72
98	3786	4	23.72
140	667	3	17.37
140	607	4	24.67
110	226	6	14.01
362	149	8	53.62
109	469	23	176.7
109	316	16	87
101	433	7	15.86
98	1340	3	5.25
2499	112	3	20.77
109	141	41	135.89
104	1566	4	21.33
182	101	10	4.8
114	282	3	5.98
163	14	37	34.14
229	2307	3	34.95
182	1574	5	55.56
221	122	5	13.5
1105	14	8	26.36
108	852	4	19.62
127	284	5	20.46
253	567	3	25.82
101	1127	5	18.53
98	502	33	175.43
154	109	36	135.76
98	458	34	172.35
98	4773	3	17.79
141	793	3	18.66
147	247	5	21.82
147	101	29	24.51
284	122	4	12.37
1039	14	6	14.85
2093	14	4	13.18
161	111	29	112.65
1214	14	4	8.14
379	452	4	40.28
611	107	4	16.31
2128	14	3	7.83
12	620	4	4.24
1462	106	3	16.44
358	155	7	47.73
358	108	4	11.47
106	295	5	13.14
102	1180	3	8.3
250	522	3	24.95
1451	102	3	9.81
195	120	4	7.41
101	329	9	18.09
892	135	4	28.01
8	329	3	11.36
1316	14	7	24.43
164	120	9	22.03
1305	101	4	14.1
185	122	6	13.63
112	833	3	13.28
102	492	5	9.45
103	660	3	6.33
2	173	25	75.85
12	1304	10	48.91
105	4035	3	23.34
8	838	4	26.81
952	102	7	28.54
122	219	3	5.33
104	1036	3	10.5
98	668	21	99.62
597	21	3	10.54
8	2566	3	26.74
135	2199	4	37.95
102	1069	10	53.5
131	672	4	24.78
104	2232	4	25.15
324	128	7	37.27
446	101	8	20.57
302	130	3	10.43
141	4120	3	31.59
140	148	6	11.13
1103	137	3	20.34
715	12	5	8.1
3387	127	3	27.62
98	2092	8	47.44
6406	12	3	18.81
753	177	3	23.75
166	297	3	15.35
101	957	7	28.47
105	213	8	16.35
711	14	6	10.2
16	140	19	58.04
1741	111	4	27.99
2798	14	3	9.88
206	275	10	84.27
170	107	5	4.25
104	2489	5	34.97
1525	14	5	15.28
203	619	4	35.16
117	1002	5	32.29
1332	119	3	18.13
635	121	4	20.59
580	157	6	47.55
98	1076	13	61.97
135	675	8	63.04
12	1430	10	52.06
4105	103	3	19.87
12	1514	3	6.63
111	1432	3	16.83
396	9	15	117.02
104	765	9	47.53
1736	520	3	40.53
132	339	8	47.18
102	736	5	13.55
170	112	16	48.48
98	4181	4	23.72
655	109	3	11.36
124	936	4	25.79
149	299	4	18.72
16	271	4	13.31
16	189	3	5.03
1488	12	3	6.63
501	875	3	34.9
1313	129	6	51.84
166	118	4	3.98
2863	14	3	9.88
101	971	4	11.32
135	1959	3	25.05
111	238	3	4.08
352	101	5	5.95
160	254	3	12.9
21	270	5	12.03
104	1789	3	14.68
3588	14	3	11.37
173	148	21	122.96
102	5459	3	22.31
102	1760	4	17.63
471	12	8	13.33
183	175	6	29.68
887	102	6	21.56
2461	12	3	9.6
128	108	10	5.5
1700	12	3	7.21
504	12	5	5.09
136	137	10	23.22
2	99	159	21.18
102	434	17	71
119	317	3	8.27
811	154	3	21.12
1909	14	3	7.06
17	101	7	7.98
98	116	932	4809.71
1153	12	5	13.14
116	885	3	14.82
492	119	5	24.48
101	1475	3	9.78
2217	123	4	34.96
2646	102	3	14.14
799	102	3	5.72
98	1502	11	65.23
343	112	5	17.08
4914	995	3	56.61
8	3718	3	30.55
1799	992	4	63.39
104	4032	3	21.5
199	14	43	91.48
106	369	3	7.02
98	4004	3	13.4
329	12	9	9.77
161	109	8	11.44
110	456	3	9.2
12	666	4	4.71
414	723	3	32.22
954	12	6	15.77
434	501	3	30.2
4337	16	3	29.53
281	136	3	10.37
1290	12	3	5.65
104	141	62	180.94
104	216	5	4.38
98	537	32	180.97
1905	12	3	7.88
571	102	4	7.23
123	143	15	39.05
168	14	23	8.45
336	104	4	6.73
113	233	10	34.77
103	962	3	8.64
12	2105	3	8.67
459	113	3	9.7
123	101	70	89.25
118	2544	5	44.48
101	1256	5	20.2
154	111	12	21.96
276	104	5	7.38
102	3150	3	15.68
8	563	4	23.05
101	1121	6	24.81
4575	14	3	13.5
596	112	3	11.12
452	144	4	23.19
12	4609	3	14.4
394	108	5	17.8
470	102	12	42.44
318	110	3	6.53
106	384	4	11.93
98	4019	3	13.4
143	526	4	23.88
281	122	7	28.9
133	1024	4	28.62
101	351	9	19.78
109	268	9	32.23
1938	14	5	17.87
12	909	9	31.02
605	103	3	5.95
623	618	5	63.11
1323	14	3	4.89
167	120	7	14.39
101	306	15	41.82
114	410	4	14.35
368	102	5	6.57
643	106	6	30.14
138	12	42	15.57
138	162	11	41.64
585	119	4	19.46
159	891	3	22.92
442	112	4	14.44
117	331	3	8.32
423	455	3	29.4
142	21	9	6.55
321	146	4	19.42
104	344	8	24.07
98	6390	3	17.79
236	14	63	226.08
98	2634	4	16.29
112	115	22	21.22
381	117	10	55.95
458	125	3	13.28
122	212	5	12.86
4299	12	3	14.4
122	144	8	11.06
109	1660	4	26.44
109	1720	3	17.74
712	12	4	4.96
277	149	4	17.41
105	4114	4	37.09
12	1172	3	4.86
101	608	5	11.65
1524	12	7	29.82
209	129	10	45.75
119	3217	5	53.48
133	139	13	35.48
21	173	9	17.27
1426	14	5	14.25
2533	14	4	14.61
109	4287	3	25.38
129	113	8	3.84
129	229	3	7.59
177	107	8	14.59
8	5656	3	35.04
216	1288	3	30.02
517	5	4	36.04
114	744	4	19.46
103	1132	4	15.43
137	213	14	78.53
98	1802	4	11.88
13	184	4	10.88
134	810	3	18.34
194	102	9	5.34
12	209	99	468.24
125	178	4	7.93
2664	1353	3	50.64
116	228	3	4.49
341	108	3	6.65
4478	16	3	29.53
135	2625	3	27.31
112	362	4	12.5
170	128	10	35.15
489	423	3	29.89
1634	14	4	11.02
2826	14	4	16.42
1079	107	3	14.15
273	202	3	17.37
121	102	31	4.35
485	2	3	6.87
101	619	10	38.66
98	2040	6	26.79
104	1644	3	13.94
12	583	5	6.26
115	130	10	9.27
129	154	4	5.18
518	14	5	4.23
234	165	52	549.88
3433	14	3	11.37
129	107	18	24.31
143	2439	3	26.91
180	118	7	15.82
2841	14	3	9.88
112	308	3	6.45
3464	14	3	11.37
103	302	8	17.1
101	2069	3	11.94
104	1056	4	16.96
366	168	4	25.48
174	149	3	6.41
146	102	19	6.47
102	2355	3	12.94
2	337	9	31.7
136	299	14	95.92
2	189	28	104.53
98	1016	15	76.85
102	2610	3	14.14
101	1814	4	17.58
252	102	24	72.08
212	214	3	15.45
493	12	7	10.66
377	109	4	12.43
98	2356	3	8.65
101	2211	3	12.91
149	137	4	4.75
104	3347	3	19.3
405	101	4	4.6
156	115	7	9.39
1686	12	5	17.92
13	108	8	5.06
98	1783	9	53.37
117	1777	4	29.89
470	119	6	31.01
542	106	4	15.01
491	16	3	13.43
281	14	13	13.25
123	1498	3	20.54
8	11	5	41.15
101	536	6	14.6
301	101	6	6.64
101	484	5	9.17
2652	107	3	21.13
113	5121	3	30.4
479	231	3	23.66
135	317	4	17.64
116	665	3	12.87
108	700	3	11.52
118	694	3	13.57
98	2810	3	9.79
2016	12	5	21.02
596	108	3	10.44
8	2721	6	70.12
98	2690	4	16.29
315	12	7	4.49
171	109	6	7.39
8	2976	6	70.12
101	3688	3	17.83
104	2730	4	27.05
550	102	4	7.01
442	155	4	24.81
185	135	3	5.87
3320	1073	4	71.31
98	206	62	188.28
200	101	13	15.84
348	229	3	21.06
116	1003	3	15.53
98	250	91	471.72
151	3895	4	49.61
1171	14	4	7.6
101	233	14	23.78
167	247	3	13.26
2898	14	3	9.88
688	107	3	11.15
167	101	61	191.4
335	21	3	6.56
124	216	4	10.13
114	433	3	9.49
1927	12	4	13.15
933	12	4	6.85
98	3717	4	23.72
793	106	4	18.36
245	110	3	4.14
106	143	28	70.05
138	121	10	14.68
98	1578	5	16.31
218	12	14	10.13
133	797	3	17.9
989	14	4	6.24
279	156	3	13.11
1229	14	5	12.51
148	135	8	18.25
2999	14	3	9.88
736	103	3	6.98
1024	245	10	128.37
102	357	6	9.12
171	152	3	6.76
113	351	4	12.38
492	102	5	9.45
115	3355	3	24.49
691	112	5	25.28
98	2	316	283.7
164	121	10	26.94
741	127	3	16.39
2995	12	4	17.61
295	177	12	101.17
147	12	36	14.91
175	147	3	6.55
1095	110	3	14.74
571	119	4	19.19
147	162	17	85.6
266	101	7	6.77
762	107	3	11.89
240	133	7	31.17
661	491	3	33.05
168	122	7	14.84
107	445	6	25.2
102	304	16	46.41
98	2795	6	35.58
131	346	3	12.03
1448	107	4	24.89
549	115	3	11.42
871	14	5	8.89
139	104	16	9.85
101	533	14	58.9
1594	106	3	17.09
156	326	9	64.88
101	2310	3	12.91
1340	114	3	17.25
115	535	3	11.25
113	3155	4	35.55
450	14	9	14.25
12	179	131	588.36
2032	165	6	71.34
101	1801	3	11.12
116	318	8	35.41
108	292	6	18.3
967	102	4	11.36
273	112	10	39.66
280	265	3	20.35
170	108	8	12.7
206	127	7	25.84
170	155	9	40.03
206	200	4	21.91
113	1000	7	48.05
417	12	8	11.63
128	112	37	104.34
135	2198	3	26.07
112	149	8	7.13
191	201	5	27.9
253	807	5	52.39
155	107	11	16.25
277	115	8	31.05
136	258	3	9.36
122	174	5	8.76
98	669	17	68.23
258	1656	3	33.48
408	104	6	17.65
6385	14	3	17.89
12	482	5	4.69
21	140	8	4.21
189	1085	8	90.94
2690	12	3	10.75
887	119	5	31.71
98	3224	3	11.27
98	3156	4	18.82
140	325	3	12.03
102	1626	3	10.44
101	1459	6	29.64
410	368	6	64.08
164	114	5	5.16
185	112	7	13.32
158	145	3	4.78
118	948	3	15.63
12	3550	3	12.25
298	318	3	23.25
106	105	59	79.11
102	1114	4	12.89
557	117	5	25.3
250	376	6	54.06
148	128	14	42.57
176	124	3	3.94
126	102	44	36.34
415	110	7	31.98
98	1366	11	58.45
12	878	7	19.14
769	109	3	12.33
2852	12	3	10.75
316	112	3	6.68
474	375	4	40.71
104	3911	3	21.5
648	234	3	25.9
101	2675	3	14.11
222	107	4	5.76
168	113	5	5.12
98	2652	4	16.29
108	789	4	18.42
154	257	9	55.37
102	3041	4	24.79
175	212	4	19.45
108	4438	3	25.06
515	12	12	31.54
284	112	4	9.68
113	671	19	162.59
2	4842	3	27.1
387	112	3	8.3
1297	14	3	4.89
165	9	5	11.12
2	538	3	7.65
98	1062	12	53.59
146	399	3	14.77
12	220	107	574.36
105	3065	3	21.13
133	478	3	14.52
123	1984	5	45.07
166	158	4	12.21
12	176	17	6.8
988	122	3	16.43
109	613	4	16.9
179	156	9	44.3
101	955	6	22.23
288	133	3	10.45
101	895	3	6.49
104	1978	3	15.52
584	161	5	39.08
162	560	3	19.93
106	862	3	12.56
1620	106	4	25.57
140	395	3	13.76
274	3129	3	39.63
543	102	22	122.21
16	508	4	20.47
102	1625	3	10.44
98	3221	4	18.82
101	701	5	13.1
101	641	8	27.53
173	192	3	11.43
109	919	3	13.51
209	101	9	6.93
108	2668	3	21.27
136	152	11	34.49
2	183	7	7.35
116	572	3	11.81
104	886	5	21.77
381	263	13	143.33
103	216	7	6.79
102	1067	12	71.46
144	177	3	6.66
818	106	8	50.19
1804	106	3	17.84
101	2076	3	11.94
104	945	6	29.36
752	161	3	21.85
98	822	20	110.68
1172	1168	3	42.43
3784	119	3	27.59
2650	16	3	25.72
2120	14	3	7.83
324	122	3	8.84
2163	122	3	21.98
112	101	115	143.82
118	374	18	123.71
112	247	4	7.69
128	135	7	10.14
128	334	3	11.17
233	445	4	33.41
149	374	5	28.95
98	3314	5	29.65
183	146	8	33.01
105	351	3	5.45
173	294	4	23.47
98	2041	8	47.44
101	624	10	38.66
1744	102	3	11.15
2364	12	3	9.6
12	134	156	372.8
166	147	6	18.8
125	12	64	35.17
12	341	10	13.35
101	2220	3	12.91
8	3548	5	58.42
16	21	27	50.1
102	1996	4	18.85
1835	107	3	18.03
278	14	10	5.87
102	827	5	14.92
846	534	4	49.67
226	101	15	26.39
98	2243	7	41.51
150	240	3	10.15
387	128	4	18.9
128	387	3	12.45
141	187	10	44.13
2116	12	3	8.67
671	119	5	28.22
203	640	3	24.75
757	102	7	24.58
449	112	7	33.63
250	1386	3	31.9
107	431	3	8.37
144	894	5	39.47
459	14	8	11.36
274	1771	3	34.91
117	390	5	21.13
824	14	5	8.43
2538	14	4	14.61
108	3406	3	22.85
109	254	3	4.25
1537	12	4	11.28
139	144	15	51.71
12	2570	3	10.75
163	108	9	14.91
163	155	24	151.54
1880	127	3	22.92
1094	102	3	7.51
250	437	3	23.81
138	114	8	5.63
6044	122	3	32.52
776	122	14	121.22
167	105	19	48.06
119	5096	3	32.08
185	128	3	5.15
2821	14	4	16.42
116	854	4	21.79
171	299	4	23.37
113	569	11	71.47
2285	166	3	30.65
1236	112	5	32.33
17	129	4	15.08
102	391	4	4.37
1742	123	3	21.96
326	108	3	6.3
110	418	4	13.74
109	201	4	5.28
109	275	9	33.03
139	265	5	21.4
139	132	9	18.43
333	402	4	37.62
163	112	15	41.49
2728	12	3	10.75
221	108	6	12.95
117	4747	3	31.65
98	4805	3	17.79
131	447	3	13.98
311	113	5	15.75
123	105	78	239.07
608	14	5	5.65
293	699	4	41.11
104	238	18	60.34
2464	14	5	21.65
498	14	10	19.27
1326	103	3	10.64
741	14	7	14.54
101	1365	3	9.22
98	338	45	201.1
135	376	28	263.68
520	104	3	6.35
102	2677	3	14.14
98	131	479	2454.23
198	1942	3	31.8
612	12	6	10.09
1722	12	3	7.21
1873	112	5	38.15
2053	119	3	21.54
1486	8	3	22.2
1063	119	3	16.76
105	1711	3	15.74
315	280	3	22.29
494	12	11	26.24
158	175	3	8.49
148	108	25	63.62
1038	106	4	20.59
106	326	6	19.67
140	622	8	62.28
877	102	3	6.24
109	2741	3	21.59
140	725	4	26.29
120	582	4	19.5
462	282	5	48.4
547	1033	6	83.23
98	1460	9	43.15
223	111	4	6.62
129	170	4	7.55
124	781	3	15.9
302	101	5	4.22
121	232	3	5.66
178	734	4	33.79
101	1949	3	11.12
410	975	3	34.2
122	207	9	32.47
116	542	3	11.44
2234	111	3	20.7
5	111	23	126.17
1245	14	3	4.49
337	163	11	90.18
102	695	5	13.15
3373	14	4	18.95
370	115	33	276.06
510	124	4	19.88
113	852	8	54.34
105	1501	3	15.08
2005	14	3	7.83
108	146	7	3.86
680	128	3	16.29
132	117	9	8.7
716	107	11	73.77
599	114	3	11.46
671	102	10	40.52
98	896	5	9.23
305	136	5	23.71
757	119	4	21.71
1107	159	3	24.47
2806	102	3	14.14
111	141	18	34.25
1283	12	3	5.65
125	121	7	4.2
331	1219	6	78.26
3404	14	3	11.37
115	514	3	10.91
461	103	3	4.44
260	176	4	22.31
2187	156	3	28.17
500	218	4	33.89
105	233	24	106.74
6056	103	3	24.33
12	163	35	36.98
12	101	760	986.06
133	357	7	40.79
1228	14	5	12.51
98	1752	8	41.27
98	1649	7	29.61
137	307	5	24.01
159	1497	3	26.58
192	121	3	4.1
109	2515	5	41.43
642	102	5	12.39
16	198	7	24.28
911	12	12	50.85
145	651	3	18.15
102	729	4	9.1
133	1254	5	41.6
231	627	12	141.17
98	1059	14	71.18
628	103	3	6.14
277	101	6	5.08
174	120	5	8.49
122	104	33	27.93
345	102	6	8.77
169	321	5	32.32
105	1294	5	29.2
113	1060	4	22.7
217	1043	4	40.92
112	134	17	28.06
131	621	4	24.15
144	295	7	39.83
105	533	6	24.5
251	109	3	4.21
98	3344	3	11.27
2762	102	4	22.21
600	108	3	10.44
1593	106	4	25.57
165	1221	3	25.61
1238	152	3	23.33
101	821	4	10.09
3608	14	4	18.95
106	231	5	9.17
124	113	12	8.46
259	118	3	5.94
113	1137	3	15.54
104	1269	3	12.2
1518	12	5	16.72
574	244	3	25.42
110	214	6	12.99
200	129	3	6.57
101	1414	3	9.22
135	437	22	203.96
102	2780	3	14.14
113	2658	3	22.12
185	108	10	23.18
253	230	3	17.77
1401	14	7	25.97
98	3093	5	29.65
102	477	4	5.84
171	137	5	12.7
5402	1775	3	61
1551	14	4	10.16
266	115	4	9.75
196	128	14	69.59
1660	14	4	11.02
295	161	11	83.51
102	3036	3	15.68
8	517	3	14.75
98	366	51	285.81
284	108	8	28.05
284	155	5	26.87
101	397	5	7.35
2437	14	3	8.75
102	1494	6	29.71
98	4113	4	23.72
130	224	5	17.18
119	1225	4	26.12
139	118	20	48.66
358	122	6	27.58
139	174	3	5.41
98	1456	11	65.23
195	102	10	7.51
109	544	6	28.82
138	145	5	7.59
682	14	8	17.49
557	101	4	6.97
107	1489	4	24.89
102	1303	4	14.14
259	179	3	15.03
3511	14	3	11.37
404	120	3	10.53
460	104	3	5.78
516	5	3	25.19
105	1029	4	18.79
406	240	5	43.81
102	436	12	40.48
113	430	6	26.53
2281	2738	5	101.87
1131	835	5	73.51
109	1315	3	15.96
104	391	16	78.36
131	2915	3	26.93
101	1425	7	35.93
469	12	6	7.06
142	151	4	5.4
108	2276	3	20.04
354	177	5	35.84
101	1342	3	9.22
154	274	5	25.84
5125	110	3	30.01
1494	12	3	6.63
102	286	9	14.73
12	3359	4	20.16
106	367	3	6.92
291	107	4	9.03
244	663	3	26.53
101	504	5	9.65
1783	125	3	22.77
1672	12	6	24.51
249	209	3	16.69
98	1125	15	88.96
7	982	17	265.73
2522	112	3	20.77
805	112	4	19.74
166	120	4	4.57
98	1755	3	6.97
179	122	25	124.55
135	1957	3	25.05
747	128	3	16.79
12	1428	3	6.11
165	13	3	5.27
2587	107	4	31.59
98	1048	15	81.58
184	317	6	43.48
360	105	10	41.86
101	1850	4	17.58
1216	12	4	9.21
443	112	3	9.16
169	393	3	18.1
314	177	3	17.15
1008	12	3	4.21
2628	102	3	14.14
135	4445	4	47.49
2126	12	3	8.67
102	734	3	5.26
5	386	3	23.11
1013	2	3	11.56
105	1156	4	19.91
159	433	3	17.94
108	415	6	24.61
854	12	6	14.42
114	5502	3	30.63
155	111	6	4.73
2	14	135	6.93
1220	14	4	8.14
224	346	4	30.26
102	2335	4	20.33
101	834	5	14.87
1041	14	4	6.66
457	150	4	23.67
121	133	7	5.85
2595	167	3	31.94
250	903	3	28.83
268	12	22	43.88
16	438	3	12.67
98	3279	5	29.65
183	121	7	17.61
708	151	8	68.02
373	139	4	19.79
153	143	4	6.7
98	1983	8	47.44
133	141	24	95.83
12	578	18	71.85
115	146	25	75.8
211	101	42	152.2
102	1654	3	10.44
162	135	3	4.27
129	111	9	5.2
5704	111	3	30.21
629	864	3	36.49
422	155	3	16.55
230	110	6	14.28
116	435	6	28.4
101	2022	3	11.94
8	666	3	16.58
109	1718	7	57.52
189	1893	3	30.88
212	136	4	12.39
1304	121	3	18.55
102	841	3	6.24
187	104	6	4
1879	14	4	12.01
118	1417	6	46.84
108	1590	3	17.43
1425	765	3	41.15
98	1653	3	6.31
101	1074	3	7.48
219	177	7	43.41
101	922	4	10.89
1123	12	4	8.66
105	801	3	10.66
139	129	24	90.07
163	16	4	6.14
620	12	4	4.24
98	4097	4	23.72
3587	14	3	11.37
1483	14	3	5.83
1855	14	3	7.06
126	582	4	22.09
109	1406	5	33.57
98	446	36	183.69
330	118	5	18.65
768	14	4	4.58
438	117	3	10.44
2119	127	3	23.79
1560	12	3	6.63
196	16	3	5.52
102	332	28	125.82
113	531	3	10.5
107	102	133	167.67
158	114	5	4.1
127	558	4	21.86
102	589	7	20.59
190	403	8	70.66
304	286	3	22.39
164	145	9	34.65
98	195	147	823.63
190	575	5	43.25
1449	104	3	13.3
2456	14	5	21.65
322	115	9	42.27
167	118	7	13.17
102	4168	3	17.86
98	1471	4	10.04
98	1395	12	71.16
379	240	4	32.1
2112	1056	3	46.43
103	1963	3	13.92
232	106	4	5.87
654	241	3	26.23
98	3842	3	13.4
106	339	6	20.24
413	110	6	25.49
147	145	6	12.87
98	401	41	212.15
104	224	37	174.05
406	375	3	27.62
141	2485	3	26.55
98	2688	5	24.35
651	121	3	13.88
182	102	14	12.81
430	187	6	49.36
114	178	9	21.42
114	230	5	11.19
113	1477	6	45.72
447	12	5	4.14
101	2723	3	14.11
106	517	6	26.8
474	423	4	42.13
178	342	3	18.01
12	785	4	5.51
838	9	3	18.27
98	1341	10	48.7
249	179	4	21.78
848	14	4	5.5
101	231	14	23.57
102	4045	3	17.86
451	14	6	5.5
1268	102	5	20.25
1621	12	3	7.21
151	257	5	23
120	3975	3	27.83
108	894	5	27.56
130	1269	5	40.87
102	506	6	13.65
158	106	10	14.92
123	367	5	22.88
685	550	4	47.88
102	2763	4	22.21
1403	14	5	14.25
98	208	123	650.98
154	491	3	17.57
98	252	93	502.23
112	104	51	47.69
5	14	11	5.82
120	5701	3	32.32
135	903	6	47.63
122	134	17	38.8
122	193	9	29.98
155	256	5	24.71
136	244	3	8.81
117	763	4	21.15
994	12	3	4.21
12	449	6	6.59
101	2584	3	14.11
101	4503	4	29.7
223	14	20	21.04
137	445	6	37.52
1175	240	3	30.5
149	334	3	13.31
4469	240	3	40.54
215	171	3	12.4
109	649	3	11.36
12	196	133	718.76
101	1637	4	16.54
742	127	4	24.3
104	797	9	48.52
1603	102	3	10.44
136	497	6	38.65
14	2	143	11.33
426	115	4	15.42
920	122	6	41.47
102	832	6	20.23
102	661	4	8.5
2998	14	3	9.88
3105	104	3	19.3
735	103	6	22.31
351	243	3	21.76
187	282	5	32.74
1102	101	3	7.48
103	456	6	16.04
105	1488	3	15.08
1893	12	3	7.88
132	210	5	16.76
132	143	21	80.18
154	4679	3	38.28
2885	112	4	32.76
698	102	5	13.15
2140	12	3	8.67
2899	14	4	16.42
475	224	3	23.4
12	364	8	8.94
21	260	3	4.39
98	2089	8	47.44
153	120	6	7.42
198	187	3	13.03
446	102	5	8.55
137	368	5	26.87
543	106	4	15.01
115	232	3	4.6
109	2196	4	28.78
1085	12	9	35.11
108	548	3	9.88
112	251	5	11.9
102	1004	3	7.15
3726	114	3	26.15
102	868	6	20.87
504	119	3	11.74
1889	14	3	7.06
439	105	10	47.27
684	103	3	6.54
113	2282	3	20.89
122	120	12	10.74
2173	14	4	13.18
310	14	13	16.58
98	5147	3	17.79
1865	14	5	17.87
755	14	4	4.58
113	353	15	87.59
257	617	3	26.65
109	1316	3	15.96
1602	12	3	7.21
112	2508	3	20.77
236	138	3	8.64
473	168	3	19.21
1720	12	3	7.21
113	2716	4	32.93
3290	106	3	22.5
322	149	3	13.03
1687	12	3	7.21
102	1117	3	7.89
501	104	3	6.2
1440	14	5	14.25
102	1177	3	8.3
159	1633	3	27.25
368	133	5	26.22
109	2967	4	32.21
130	238	3	7.99
106	500	6	26.44
1683	14	4	11.02
249	129	4	13.24
104	1616	4	21.33
12	738	4	5.23
372	136	5	26.72
12	687	4	4.71
98	564	29	157.4
189	1523	3	29.45
154	151	34	206.52
123	339	3	9.99
117	490	5	23.79
515	2	3	7.17
168	289	3	15.18
98	4892	3	17.79
1716	14	6	22.74
674	111	4	18.25
12	118	60	6.38
12	6299	3	18.81
558	101	6	14.95
111	289	3	5.89
102	3166	3	15.68
111	224	7	18.52
3510	14	3	11.37
13	140	6	10.41
101	893	4	10.89
356	182	3	18.43
115	546	3	11.42
101	2315	3	12.91
101	2239	3	12.91
247	139	3	9.08
102	675	3	4.84
370	323	5	47.67
1385	12	8	35.23
118	6233	3	31.7
206	138	13	70.12
923	737	3	37.8
98	1064	16	94.89
135	663	8	63.04
277	118	3	6.57
310	107	4	9.63
122	115	25	43.4
105	1342	4	21.97
103	314	4	4.34
197	108	4	4.64
241	114	3	4.49
187	518	3	21.56
1281	977	3	42.19
525	110	3	9.96
197	155	5	20.54
102	853	4	10.52
180	129	4	8.76
112	144	11	14.33
220	112	4	6.58
162	108	8	11.13
162	239	16	122.22
851	2	4	16.46
102	1623	6	31.36
115	292	5	16.04
336	1698	4	51.46
153	231	7	36.57
1412	14	4	9.41
541	9	4	22.57
429	14	9	13.09
2539	14	3	8.75
111	477	4	15.16
1325	14	5	13.33
279	14	16	20.7
157	176	3	8.46
102	1116	6	24.87
105	1089	4	19.33
124	156	4	4.35
259	101	7	6.24
1180	12	3	5.24
98	1575	8	37.64
239	109	3	3.85
189	513	3	21.73
126	162	35	198.64
120	350	7	33.69
257	626	3	26.65
592	144	3	17.38
1001	12	3	4.21
4	8	3	21.6
299	111	4	10.28
98	3046	5	29.65
246	14	26	45.77
392	825	4	46.33
350	107	4	11.16
109	5991	3	29.86
98	5034	3	17.79
1128	122	3	17.61
207	122	42	289.84
113	346	5	17.45
102	245	11	15.99
118	690	25	256.23
2988	14	4	16.42
119	526	3	11.91
98	415	8	9.52
354	161	9	70.12
1639	114	5	37.26
2	1049	3	11.94
143	1318	3	22.45
571	114	6	31.12
275	12	10	7.63
1743	102	3	11.15
275	162	3	13.96
109	157	22	66.35
110	386	3	8.06
519	154	4	26.28
130	14	55	18.86
139	247	7	32.66
1032	14	9	31
139	101	38	36.46
101	369	4	3.87
329	9	4	17.45
102	3723	3	17.86
2532	127	3	24.81
130	141	8	14.63
1434	175	4	39.71
157	596	3	19.51
339	162	3	16.09
108	840	5	26.98
145	121	49	235.05
118	707	3	13.57
98	2755	5	24.35
175	163	4	14.58
123	117	20	34.47
1676	732	3	42.16
3385	14	3	11.37
101	1139	5	18.53
3138	122	4	38.37
929	14	4	5.86
142	122	9	12.65
1296	14	9	38.04
104	478	9	37.11
98	211	119	627.93
420	107	3	8.11
98	262	69	305.87
101	1446	4	15.63
101	1394	6	28.22
12	3595	3	12.25
113	395	5	19.35
221	359	3	21.08
158	12	23	7.55
550	106	4	15.26
102	573	4	7.23
148	182	3	6.89
368	114	3	8.29
312	8	4	16.79
148	226	3	9.43
682	127	3	15.9
2884	290	4	55.33
120	399	4	16.13
110	222	7	17.98
110	122	45	109.11
98	1487	11	65.23
335	14	9	8.04
16	407	5	25.59
105	353	8	29.2
302	118	4	12.17
2715	14	3	9.88
485	12	6	7.31
121	106	13	4.82
3717	8	4	46.73
994	106	6	36.51
122	326	4	14.09
202	219	4	22.75
701	110	3	11.96
1362	102	4	14.86
12	1154	3	4.86
144	190	9	40.83
102	902	4	10.93
1300	107	4	23.29
220	128	10	47.09
128	137	5	4.87
1811	14	3	7.06
6366	122	3	32.52
169	113	9	17.98
103	300	4	3.92
102	825	3	5.97
112	348	3	7.47
102	646	4	8.22
132	105	59	183.67
113	652	3	11.87
108	327	4	10.46
1002	102	3	7.15
165	114	5	5.22
109	829	7	43.16
363	12	7	6.41
101	938	4	11.32
2081	102	4	18.85
12	132	40	9.59
166	149	3	5.73
125	102	27	6.75
1179	102	4	13.49
143	1021	3	20.67
102	1926	3	11.15
177	124	3	4.04
12	3006	5	26.03
192	145	4	12.45
283	108	6	17.56
122	149	10	18.01
366	110	6	23.23
98	849	18	93.96
411	12	8	11.32
119	2542	4	33.25
98	2571	6	35.58
112	291	5	14.63
112	118	16	10.43
112	174	5	5.85
102	951	3	6.83
1552	14	4	10.16
761	122	4	22.28
197	128	6	20.01
211	105	11	28.82
636	111	4	17.63
16	360	4	17.19
431	240	3	23.47
137	505	3	15.24
105	430	11	53.76
162	275	4	20.9
101	605	3	4.27
109	887	3	13.51
837	12	7	18.39
153	149	4	7.28
101	756	6	18.99
121	114	30	56.49
2050	1616	4	69.76
173	164	11	61.09
12	465	17	55.12
114	2192	3	20.11
1363	12	4	10.51
1050	102	3	7.51
101	1011	5	17.12
13	173	4	9.88
12	212	29	52.42
440	14	8	10.35
5643	103	3	24.33
356	152	3	14.75
105	231	4	4.47
131	890	3	18.74
170	137	3	4.94
109	3400	3	23.16
686	346	7	84.46
146	535	5	33.25
1548	12	3	6.63
145	162	6	17.89
2200	1468	3	50.01
687	144	7	55.66
3222	3188	4	84.3
1315	14	4	8.74
98	385	44	229.29
276	247	5	37.5
916	14	4	5.86
98	521	5	4.12
276	101	9	13.16
810	218	3	27
263	334	3	22.08
189	170	24	188.6
101	550	14	61.01
318	123	3	9.54
157	463	5	35.16
106	585	4	15.78
101	2707	3	14.11
102	1614	3	10.44
1339	12	3	6.11
2194	12	6	28.79
643	102	4	8.22
218	9	3	7.52
1227	14	3	4.49
110	169	8	13.52
1882	122	3	21.11
12	974	4	7.25
574	315	4	40.3
2097	14	3	7.83
335	122	3	9.11
121	688	3	14.11
109	374	4	12.28
225	234	3	16.79
142	14	63	47.85
1194	14	3	4.49
2087	101	3	11.94
165	921	3	23.59
2713	165	4	45.89
113	520	5	22.35
105	1816	3	16.48
103	729	3	6.98
262	162	6	35.34
2573	119	3	23.79
2803	1280	6	118.65
104	2712	3	17.74
107	307	3	5.71
107	235	11	37.23
978	12	3	3.92
1602	114	3	18.5
304	187	6	43.22
164	2	10	11.94
3235	7	3	40.87
98	221	120	692.66
127	468	4	20.23
118	919	4	22.86
2006	14	3	7.83
98	3091	5	29.65
207	14	17	11.29
17	104	4	4.81
2537	103	3	14.91
12	3417	4	20.16
427	103	3	3.97
557	105	5	19.15
157	163	3	7.27
106	117	14	4.29
176	14	57	117.69
4904	2684	3	64.14
113	1191	3	15.99
1157	14	7	21.85
480	124	4	19.43
139	429	7	45.57
104	1271	6	34.2
98	1393	12	71.16
12	1009	3	4.21
287	12	9	6.93
2133	12	3	8.67
189	335	3	18.5
98	1140	14	75.78
263	123	5	17.35
1933	14	3	7.06
102	1492	4	15.67
303	101	6	6.77
235	233	3	17.09
222	111	4	6.62
139	120	9	11.4
168	156	3	7.29
108	607	11	70.17
108	667	5	24.1
1246	14	3	4.49
1532	103	3	11.72
498	139	3	15.15
12	1873	3	7.88
117	542	3	11.86
2224	102	4	20.33
102	731	4	9.1
98	2327	7	41.51
102	628	5	12.04
98	4186	3	13.4
170	290	5	30.85
231	732	4	37.91
9	103	51	90
742	14	9	23.48
106	3493	3	22.5
422	512	3	29.92
378	14	16	35.62
1429	14	5	14.25
4363	14	3	13.5
105	5066	3	27.82
101	908	5	15.92
363	192	3	19.56
363	340	5	48.12
4505	112	3	25.79
4992	8	3	35.04
297	112	11	49.99
98	5605	3	17.79
205	225	3	15.74
102	2080	3	11.97
149	108	9	7.99
105	531	10	52.03
248	103	6	6.21
133	238	8	37.47
101	771	3	5.45
101	823	3	5.94
101	2104	4	18.81
101	2000	3	11.94
1381	122	3	19.1
2071	102	4	18.85
197	112	4	5.37
113	1058	3	15.12
169	255	3	13.71
112	132	15	20.81
1280	16	10	99.48
144	102	28	21.45
220	155	3	10.47
4493	127	4	45.8
107	656	3	10.92
104	2251	5	34.97
103	315	4	4.43
113	860	8	54.34
128	124	6	4.43
722	101	3	5.02
241	115	3	4.94
597	14	10	23.53
2435	14	3	8.75
186	623	4	33.02
131	820	3	18.1
104	2381	3	16.52
364	122	16	108.37
112	145	13	20.76
2805	14	3	9.88
136	203	6	22.62
2	184	7	7.51
136	255	3	9.19
155	242	4	17.24
122	114	18	19.33
12	470	12	29.49
98	2027	7	35.59
121	253	3	6.42
229	225	3	16.58
1696	123	3	21.21
6359	14	3	17.89
105	505	5	17.96
1549	14	7	27.74
944	336	3	32.42
120	2129	3	21.78
115	174	9	21.55
2522	14	3	8.75
137	231	3	8.45
3026	519	3	45.25
606	13	3	17.34
149	113	8	7.36
558	162	4	29
113	5335	3	30.4
12	175	41	67.27
179	155	22	146.15
101	954	12	66.51
179	108	6	8.41
13	139	4	4.37
1773	109	3	18.49
116	314	3	7.42
12	5862	3	18.81
103	466	3	4.44
137	1379	3	22.27
108	115	15	5.32
3739	101	3	17.83
98	414	38	191.02
242	101	8	7.31
253	411	3	23.51
1565	165	3	27.93
266	2	5	8.32
986	12	5	11.23
98	4710	3	17.79
380	102	7	13.68
1515	139	3	22.95
303	121	3	8.33
114	267	5	13.47
124	492	3	12.99
275	101	7	7.35
379	593	3	30.15
993	104	4	16.43
172	120	5	7.97
838	218	7	77.48
126	101	87	166.07
2013	111	4	29.25
12	983	5	11.23
214	227	8	58.79
143	245	3	9.68
98	3886	4	23.72
106	235	4	6.04
98	3810	4	23.72
102	1115	6	24.87
114	384	4	13.68
1312	12	3	5.65
232	134	3	8.22
1187	2	3	12.79
113	551	12	79.61
108	1047	5	29.54
109	1330	3	15.96
98	296	65	336.17
270	21	3	4.59
555	663	3	33.96
191	643	3	23.74
108	2329	3	20.04
1222	14	6	17.49
142	135	10	24.46
849	113	4	20.73
113	462	8	41.92
2245	1033	4	66.2
217	563	3	24.47
399	115	4	14.72
227	13	3	9.03
98	5050	3	17.79
102	392	4	4.37
107	117	154	680.22
272	122	3	7.04
5768	14	3	17.89
102	572	4	7.23
3360	109	4	34.83
706	102	3	5.04
108	2308	4	29.88
236	110	5	10.52
1574	114	3	18.5
98	261	82	420.37
161	386	3	17.16
616	112	3	11.32
424	165	23	250.25
3367	14	4	18.95
114	429	3	9.36
102	1232	3	8.3
157	192	4	14.99
149	1098	4	31.38
137	787	6	45.16
12	2417	4	15.78
114	120	41	97.61
114	293	3	6.32
339	101	11	26.94
1897	14	4	12.01
163	156	11	53.18
12	775	13	50.9
146	1682	6	60.4
98	1276	7	24.2
249	121	10	43.61
189	168	5	22.51
151	2692	3	28.89
154	244	9	53.55
159	769	22	282.64
2136	14	4	13.18
98	2806	5	24.35
127	222	3	6.96
127	287	4	14.82
118	781	13	106.09
98	4793	3	17.79
131	503	4	22.04
651	115	5	26.38
1701	115	3	19.06
109	1929	5	37.47
252	105	19	80.65
9	264	5	20.13
920	112	3	13.91
150	108	18	36.25
102	647	4	8.22
1023	155	3	22.52
181	703	3	23.28
199	633	10	108.34
156	175	3	8.12
3459	12	3	12.25
1026	127	6	46.71
111	188	7	14.2
101	937	3	6.8
111	137	14	19.47
109	659	6	31.42
1465	14	3	5.83
522	104	6	20.66
21	355	3	7.11
121	105	16	5.58
101	726	4	9.06
1	99	76	367.82
496	14	8	12.09
5523	103	3	24.33
160	224	10	63.49
143	646	8	64.57
140	164	5	12.17
743	12	6	12.22
156	426	5	33.8
404	833	4	46.69
4457	127	3	29.85
16	1118	3	19.09
102	901	3	6.52
112	102	49	10.03
101	3174	3	15.64
150	406	3	15.27
102	1021	5	17.18
995	529	16	278.25
1428	12	3	6.11
257	336	3	21.93
122	277	3	7.29
255	1142	3	30.51
2867	14	3	9.88
191	224	3	14.63
556	3944	3	48.05
2235	2250	3	53.34
136	107	9	5.13
165	534	5	38.6
527	14	7	9.63
136	154	7	17.07
461	12	7	10.02
113	2054	6	51.85
744	700	3	36.03
101	1012	5	17.12
118	3834	3	27.21
215	107	4	5.45
179	128	14	63.19
1506	14	4	10.16
435	104	3	5.39
12	313	22	57.12
125	118	9	6.7
12	145	117	266.88
544	14	14	40.49
119	2286	4	33.25
140	1309	4	31.81
5720	102	3	22.31
108	325	3	6.3
113	638	4	18.18
1781	12	3	7.88
151	887	3	20.69
112	219	4	6.58
144	263	77	872.82
436	125	4	19.43
112	175	7	12.29
548	12	6	8.72
5532	114	3	30.63
337	164	3	16.4
101	1952	5	24.96
478	13	5	31.43
98	639	24	123.83
1514	156	5	49.46
117	645	6	34.94
109	1100	6	38.71
101	672	3	4.82
121	115	30	61.31
121	179	12	41.95
12	464	5	4.5
133	254	4	14.04
120	958	6	41.85
183	129	8	27.84
579	12	6	9.37
131	2057	3	24.67
162	127	4	6.18
1715	106	6	45.02
322	121	8	38.99
763	102	3	5.48
109	527	7	35.06
5690	4674	3	72.46
189	422	5	39.51
157	13	3	4.32
3284	104	3	19.3
1218	9	13	145.03
138	104	15	7.99
1945	14	4	12.01
899	14	4	5.86
113	445	4	14.79
1330	14	4	8.74
158	120	5	6.07
299	152	3	13.15
117	187	8	20.83
361	102	6	9.31
135	451	9	64.45
109	1347	5	33.57
123	235	4	10.75
147	328	3	13.08
175	121	8	21.03
1326	12	3	5.65
1033	14	6	14.85
3016	14	3	9.88
127	14	207	480.47
2366	14	3	8.75
114	247	3	4.63
182	117	28	138.88
114	101	278	835.46
5289	130	3	34.88
1379	516	3	38.49
888	104	4	15.48
983	101	3	6.8
375	165	11	94.42
249	162	4	19.47
101	347	9	19.49
107	1170	4	21.97
419	161	3	17.81
139	121	9	11.82
578	102	5	11.07
111	676	3	11.92
134	320	3	11.48
101	566	8	25.14
161	14	40	37.12
134	152	7	15.84
172	101	49	137.53
667	107	4	17.21
152	146	5	10.45
104	204	6	6.16
5723	14	3	17.89
807	103	3	7.47
1095	14	6	15.65
9	670	3	16.61
380	119	6	27.91
651	149	3	18.25
203	3045	3	36.82
477	114	4	15.69
4117	12	3	14.4
586	106	3	10.12
102	542	4	6.79
98	3092	4	18.82
1099	12	3	4.52
102	2663	3	14.14
270	111	5	12.85
104	509	5	15.11
802	130	3	17.46
957	14	7	18.83
361	145	3	13.93
670	165	17	194.88
189	387	3	19.83
799	105	5	23.11
195	104	11	19.93
1124	104	3	11.28
1918	14	3	7.06
120	536	11	76.79
102	1134	4	12.89
1146	12	4	8.66
102	1194	4	13.49
157	12	48	60.7
913	177	4	35.85
118	1688	5	39.03
113	1192	4	23.91
1078	119	3	16.76
106	2415	3	19.7
101	653	3	4.62
129	188	4	9.53
760	14	4	4.58
234	130	5	17.75
260	383	3	23.23
251	107	5	10.63
109	4328	3	25.38
183	179	4	17.02
345	101	11	28.05
103	188	11	13.18
169	150	3	6.05
113	1057	8	59.02
6289	14	3	17.89
774	133	3	17.62
504	104	4	10.37
240	971	8	95.77
102	987	5	16.55
109	1709	3	17.74
202	144	3	8.34
2452	12	3	9.6
105	3918	3	23.34
2712	12	3	10.75
118	2903	3	23.41
814	110	3	13.03
101	1848	3	11.12
102	800	3	5.72
118	6243	3	31.7
240	717	11	131.72
1109	218	4	41.58
156	145	4	7.83
118	1432	4	27.07
149	107	9	7.69
101	2361	3	12.91
12	164	21	8.26
3325	102	3	15.68
12	102	341	81.56
105	2942	3	19.56
120	619	3	13.48
288	144	4	18.01
179	112	4	3.91
2637	12	3	10.75
102	228	8	6.3
615	177	3	22.28
5973	12	3	18.81
221	139	3	8.25
145	149	10	30.82
685	133	8	62.25
1290	103	3	10.64
242	115	3	4.94
713	101	4	8.76
2444	14	3	8.75
190	154	5	19.33
122	928	3	16.09
109	224	8	22.3
101	461	10	31.3
445	104	4	9.4
98	1126	14	75.78
12	609	4	4.03
263	113	3	5.03
172	105	39	158.77
131	1190	3	20.74
519	123	3	13.14
118	2081	4	31.22
250	257	8	66.28
279	112	3	5.44
1540	12	4	11.28
101	3124	3	15.64
102	1302	3	8.76
131	1391	4	31.75
109	373	3	7.6
101	3835	3	17.83
603	777	5	64.91
158	129	8	21.67
246	112	7	20.49
104	2699	3	17.74
1509	12	4	11.28
1128	108	3	14.71
4084	8	3	30.55
366	138	3	12.97
98	792	4	4.76
101	1986	3	11.94
105	1155	3	13.04
289	111	4	9.88
105	445	3	7.09
162	122	6	10.29
359	128	5	24.72
115	104	25	6.96
1307	14	3	4.89
251	14	10	3.88
1748	151	3	25.77
1022	12	8	27.44
173	207	14	101.67
1496	119	4	28.42
121	134	8	8.43
101	757	12	57.83
101	654	4	8.19
12	6360	3	18.81
13	198	3	7.95
101	970	5	16.5
135	1958	3	25.05
114	834	3	13.63
1026	14	4	6.66
517	154	5	35.23
132	6349	3	35.23
102	793	3	5.72
115	1324	5	34.77
123	719	3	15.2
718	112	5	25.7
869	12	7	19.14
118	2904	4	34.65
4461	12	4	25.07
2382	109	3	20.36
98	2224	7	41.51
102	707	8	28.99
641	114	3	12.09
280	12	10	8.12
105	1445	4	22.81
911	207	3	27.09
495	149	3	16.31
407	108	3	8.12
113	840	5	28.37
101	1834	4	17.58
111	204	11	35.91
215	169	5	25.49
119	5647	3	32.08
12	146	135	349.25
1679	128	3	22.57
342	113	3	7.48
3633	99	3	13.4
1088	14	4	7.11
481	112	3	9.74
113	1907	3	19.02
1145	235	4	42.34
359	112	3	7.66
101	2598	3	14.11
177	356	3	18.34
162	136	3	4.28
187	1174	4	39.26
12	2870	5	26.03
121	220	3	5.32
101	818	4	10.09
116	1130	3	16.34
121	120	20	33.35
3914	103	4	32.44
966	14	4	6.24
98	839	19	104.85
202	104	14	33.4
116	434	3	10.03
101	2021	3	11.94
122	311	3	8.5
752	218	4	37.74
2	260	4	5.02
12	1272	3	5.65
112	232	3	3.88
102	961	7	28.54
476	119	3	11.42
102	885	3	6.52
150	474	4	24.09
4345	112	3	25.79
108	395	7	29.98
128	256	3	8.5
103	226	26	89.33
108	463	9	46.98
1428	114	4	25.67
187	562	3	22.31
142	155	4	6.57
1684	12	4	12.15
142	108	9	6.35
190	402	3	20.22
98	276	75	384.69
1117	119	5	34.48
171	113	6	8.21
227	130	3	7.56
783	14	5	7.61
272	107	3	4.45
1437	14	4	9.41
105	937	4	18.29
1872	14	3	7.06
115	657	4	19.2
131	1611	3	23.05
102	1148	3	7.89
106	190	5	6.15
390	2	3	5.64
110	108	49	84.13
126	129	37	152.96
109	440	3	8.79
1125	280	5	58.78
881	155	3	21.47
98	1141	13	65.52
105	623	3	9.24
210	213	3	15.31
470	101	6	12.7
114	105	126	394.75
101	2793	3	14.11
115	911	3	14.8
3470	14	3	11.37
98	4098	4	23.72
853	103	3	8.02
256	137	4	14.7
145	308	3	12.49
2506	14	4	14.61
102	333	11	26.7
117	377	16	105.93
123	102	115	246.86
118	2547	4	32.74
1441	12	5	15.67
382	12	13	27.49
129	611	3	15.72
138	174	4	9.15
120	397	8	43.7
1337	144	3	23.32
1918	127	4	33.46
559	2	3	7.82
195	132	7	26.21
142	112	13	18.23
5058	5439	3	72.46
433	12	5	3.97
1117	102	3	7.89
154	354	3	15.17
1526	14	3	5.83
1052	107	3	14.15
299	137	6	30.51
151	390	9	65.56
145	115	44	182.38
221	124	3	6.29
2531	14	3	8.75
1532	9	3	22.23
98	2809	5	24.35
107	367	11	54.35
98	4940	3	17.79
127	185	13	55.88
266	145	4	16.74
98	2689	5	24.35
723	104	3	8.21
116	2391	3	21.7
168	137	4	8.25
120	1593	3	20.17
2397	12	4	15.78
348	479	4	39.79
1254	102	6	27.02
101	1201	3	8.27
135	257	19	130.59
104	225	6	7.33
12	635	7	14.26
105	2601	5	40.98
109	257	3	4.4
104	1568	3	13.94
714	12	6	11.75
1862	146	7	76.64
368	473	3	28.38
151	1281	5	44.73
199	336	5	37.88
855	14	5	8.89
173	364	3	17.83
111	331	12	61.08
3018	234	3	37.98
2504	103	5	32.25
342	107	3	6.61
178	856	7	71.15
125	104	16	5.2
149	136	35	180.71
481	155	5	34.41
500	161	3	19.04
118	187	12	40.54
98	2359	3	8.65
131	1077	3	19.86
103	560	3	5.43
247	241	4	26.21
108	267	3	4.51
101	1636	4	16.54
4489	101	3	17.83
1944	14	4	12.01
1317	14	8	30.91
146	247	8	42.34
141	526	4	23.4
174	146	3	6.33
122	133	7	5.87
98	758	18	83.2
101	1968	3	11.94
2094	14	6	26.99
155	320	4	21.25
117	661	4	20.11
155	204	4	15.4
117	764	5	28.87
243	104	5	5.6
476	102	6	13.04
169	171	4	14.25
761	108	5	25.43
128	125	7	7.65
103	305	5	6.8
359	155	4	22.6
98	5450	3	17.79
157	840	4	31.96
2436	112	5	42.12
108	1208	6	40.1
121	101	100	162.77
2127	14	4	13.18
1213	14	8	29.21
117	2035	4	31.16
178	676	5	43.84
21	301	3	5.77
183	101	15	15.21
102	1764	5	25.01
101	2632	3	14.11
2	1387	6	37.7
328	134	3	11.67
101	637	9	33.36
101	705	5	13.1
153	121	7	10.67
111	479	3	9.68
109	931	6	36.22
317	187	15	140.26
917	12	5	10.69
331	295	3	23.47
122	121	24	48.77
224	368	3	21.47
12	6044	3	18.81
197	14	19	12.95
113	861	5	28.37
220	122	8	28.46
144	117	53	246.03
103	405	4	6.73
102	665	6	17.51
135	4523	3	31.12
170	156	22	141.39
131	926	3	18.74
1460	112	4	26.04
377	151	5	29.49
608	784	3	35.36
271	141	3	10.27
136	393	5	27.54
252	143	4	15.46
101	1804	4	17.58
671	194	5	45.99
257	539	4	36.62
184	187	5	24.31
113	5230	3	30.4
166	246	4	19.88
378	112	4	12.93
12	180	151	756.53
135	2083	3	25.05
102	5224	3	22.31
116	1600	3	19.08
215	136	8	35.85
101	959	3	6.8
244	111	3	4.21
297	14	10	7.87
16	260	4	12.9
881	128	3	17.94
134	188	6	19.86
161	113	5	4.35
769	14	6	11.15
8	1218	13	144.89
134	137	11	26.89
1819	14	3	7.06
208	148	5	19.37
347	2	3	4.78
419	177	8	69.28
2894	12	3	10.75
1702	12	4	12.15
601	136	3	16.26
105	824	4	16.97
104	5176	3	25.98
98	4891	3	17.79
325	112	5	16.29
108	725	3	11.77
2459	12	4	15.78
108	622	6	30.33
382	266	4	33.65
98	413	39	200.75
101	1293	5	20.2
304	403	4	36.49
98	565	30	169.23
189	1524	7	84.51
104	137	15	7.85
1418	111	3	16.83
98	160	240	1260.88
3487	146	3	30.18
564	117	3	12.23
164	118	11	28.9
108	2266	4	29.88
142	128	6	8.08
2463	14	3	8.75
473	14	8	11.36
107	339	11	51.42
262	129	4	14.02
171	151	4	10.3
371	12	7	6.8
103	658	4	10.6
529	8	5	30.2
118	1823	3	20.3
106	102	140	180.73
176	112	12	33.15
480	157	4	26.46
480	109	3	9.36
105	975	3	11.89
1642	111	4	26.91
104	1286	7	42.83
110	128	10	6.41
12	874	4	6.48
