7760	1
1169	2
2161	3
3479	4
1722	5
6005	6
3053	7
2799	8
1499	9
979	10
1577	11
5499	12
675	13
5413	14
6128	15
473	16
4307	17
217	18
4056	19
1434	20
1458	21
87	22
7758	23
6692	24
1264	25
7628	26
1339	27
1402	28
4881	29
2260	30
6368	31
198	32
7149	33
1312	34
2448	35
1174	36
7139	37
7324	38
1577	39
1499	40
240	41
1528	42
3527	43
4116	44
1033	45
4459	46
6740	47
7667	48
3937	49
1765	50
7213	51
1237	52
1380	53
4327	54
1456	55
421	56
1430	57
6255	58
5777	59
7439	60
7056	61
6947	62
211	63
102	64
361	65
7682	66
4391	67
4957	68
1153	69
6471	70
338	71
7211	72
5045	73
2386	74
3153	75
4312	76
7328	77
1680	78
1241	79
5794	80
5756	81
5283	82
140	83
4600	84
2362	85
1063	86
1994	87
850	88
4838	89
7808	90
4669	91
1604	92
914	93
1067	94
48	95
1394	96
3774	97
1324	98
6195	99
803	100
208	101
939	102
3406	103
1460	104
5646	105
7248	106
1272	107
584	108
1742	109
1448	110
14	111
4967	112
1396	113
7551	114
324	115
3975	116
7494	117
3989	118
1474	119
783	120
7556	121
426	122
6006	123
325	124
5135	125
2702	126
2998	127
3069	128
772	129
2204	130
84	131
5397	132
2040	133
2191	134
45	135
7264	136
9	137
1370	138
2455	139
4120	140
1442	141
21	142
4138	143
5740	144
4326	145
4139	146
3193	147
4766	148
66	149
2450	150
183	151
417	152
6717	153
4485	154
344	155
245	156
93	157
554	158
6891	159
4934	160
924	161
26	162
254	163
5480	164
1190	165
231	166
912	167
3370	168
7	169
7398	170
6462	171
1055	172
7101	173
1157	174
7232	175
6780	176
3101	177
48	178
1346	179
222	180
88	181
3640	182
79	183
1537	184
2256	185
1471	186
1435	187
657	188
5723	189
7207	190
101	191
402	192
4419	193
653	194
1451	195
98	196
2	197
2938	198
389	199
249	200
444	201
73	202
3943	203
5931	204
1011	205
1161	206
698	207
918	208
4878	209
2489	210
5429	211
83	212
218	213
355	214
4703	215
6716	216
548	217
1164	218
6781	219
6763	220
290	221
1440	222
7272	223
355	224
6144	225
4864	226
6315	227
594	228
3472	229
1550	230
3	231
3893	232
1423	233
5422	234
5336	235
6673	236
617	237
3020	238
3242	239
1109	240
236	241
7715	242
7754	243
7734	244
3426	245
7306	246
5435	247
311	248
1337	249
48	250
51	251
4568	252
241	253
3131	254
661	255
5479	256
5901	257
1291	258
6501	259
6008	260
1974	261
6015	262
4939	263
1203	264
6032	265
7455	266
4316	267
7003	268
1450	269
154	270
7469	271
84	272
2744	273
669	274
3143	275
6252	276
277	277
2358	278
6559	279
5594	280
4997	281
1956	282
2937	283
7752	284
2810	285
6202	286
1424	287
6035	288
4122	289
6522	290
5933	291
193	292
3749	293
4207	294
37	295
3970	296
1456	297
7350	298
3976	299
1317	300
5474	301
6106	302
165	303
1621	304
1017	305
2099	306
7438	307
2267	308
2419	309
323	310
275	311
1929	312
5972	313
2731	314
4477	315
2207	316
6817	317
2830	318
357	319
724	320
2079	321
697	322
1589	323
659	324
534	325
604	326
930	327
1693	328
4430	329
980	330
6633	331
46	332
691	333
67	334
5424	335
4070	336
531	337
4893	338
7044	339
226	340
177	341
1570	342
1115	343
1465	344
107	345
369	346
4667	347
2143	348
2355	349
480	350
1149	351
6405	352
3215	353
7492	354
1329	355
189	356
4540	357
6579	358
429	359
758	360
4578	361
6371	362
6816	363
5739	364
2735	365
5712	366
4775	367
326	368
5451	369
5544	370
1297	371
2750	372
5636	373
1897	374
8	375
800	376
4384	377
579	378
521	379
4896	380
4126	381
5934	382
2890	383
834	384
3109	385
641	386
7242	387
6429	388
6450	389
6497	390
6377	391
1936	392
4486	393
1147	394
5174	395
1489	396
7791	397
5347	398
7689	399
2132	400
77	401
5025	402
4943	403
3456	404
5	405
2729	406
1565	407
1095	408
3753	409
95	410
1715	411
2114	412
1874	413
63	414
3647	415
5	416
6630	417
7274	418
7348	419
4045	420
4858	421
5886	422
575	423
6415	424
2212	425
33	426
1201	427
5811	428
4730	429
5772	430
1432	431
6033	432
3202	433
2845	434
2563	435
6567	436
876	437
5047	438
1733	439
3463	440
6647	441
76	442
6727	443
3416	444
2711	445
5649	446
4042	447
822	448
2670	449
270	450
5981	451
2278	452
3068	453
105	454
832	455
631	456
1490	457
5570	458
4866	459
5128	460
749	461
2432	462
5627	463
5232	464
3784	465
1553	466
5113	467
564	468
4610	469
733	470
7368	471
4519	472
468	473
3032	474
3807	475
1623	476
4565	477
725	478
7091	479
2765	480
5475	481
462	482
4500	483
4635	484
106	485
2405	486
7539	487
5458	488
3929	489
3879	490
799	491
3105	492
2004	493
1883	494
537	495
6613	496
1837	497
5985	498
550	499
3114	500
7032	501
239	502
930	503
6667	504
4057	505
6487	506
2464	507
1872	508
2673	509
804	510
4708	511
3433	512
5780	513
5785	514
3342	515
1516	516
71	517
2496	518
3227	519
571	520
642	521
3158	522
4487	523
1148	524
6907	525
610	526
1175	527
4884	528
5556	529
3394	530
2026	531
1894	532
4752	533
5587	534
7109	535
4447	536
1568	537
171	538
3104	539
5979	540
3926	541
541	542
2764	543
4470	544
3959	545
1658	546
1042	547
132	548
2070	549
7153	550
7500	551
7687	552
6638	553
4856	554
7041	555
5808	556
6419	557
6941	558
4105	559
7814	560
7495	561
1716	562
268	563
1148	564
1596	565
301	566
2089	567
6573	568
1686	569
17	570
4988	571
3684	572
1475	573
5732	574
1484	575
6398	576
7753	577
139	578
68	579
4817	580
3771	581
6244	582
345	583
4966	584
22	585
1413	586
7190	587
869	588
6745	589
6192	590
2255	591
7087	592
2566	593
4072	594
5945	595
1485	596
7519	597
4451	598
7737	599
7633	600
498	601
3372	602
7630	603
4920	604
7371	605
1985	606
6601	607
182	608
7325	609
4362	610
1571	611
68	612
339	613
1377	614
705	615
4521	616
955	617
7538	618
6918	619
7046	620
4374	621
4075	622
2719	623
5623	624
7052	625
1375	626
6291	627
1431	628
1987	629
5440	630
6783	631
2108	632
951	633
928	634
3013	635
4339	636
3912	637
1574	638
3172	639
389	640
4851	641
3608	642
3969	643
2870	644
2636	645
7548	646
1183	647
6959	648
4268	649
7741	650
1437	651
1388	652
5384	653
7478	654
234	655
606	656
4347	657
78	658
4308	659
5101	660
6851	661
7644	662
1526	663
2337	664
37	665
152	666
909	667
6245	668
3493	669
4176	670
1274	671
4348	672
2968	673
30	674
1845	675
5305	676
2082	677
26	678
3254	679
7336	680
548	681
2580	682
5450	683
2827	684
979	685
1954	686
668	687
7513	688
448	689
291	690
5448	691
4974	692
95	693
3521	694
1334	695
6329	696
345	697
3322	698
6217	699
4436	700
4499	701
233	702
890	703
4431	704
4612	705
4645	706
1318	707
3056	708
6432	709
430	710
6580	711
5553	712
7240	713
5354	714
5670	715
5162	716
4582	717
30	718
477	719
4317	720
6375	721
7761	722
4814	723
539	724
222	725
1063	726
5391	727
2124	728
4378	729
5334	730
7504	731
3634	732
5405	733
2493	734
1800	735
1724	736
5155	737
6572	738
1361	739
7280	740
4761	741
25	742
2036	743
5260	744
6838	745
2653	746
694	747
2793	748
6598	749
5240	750
770	751
7479	752
365	753
4193	754
6850	755
1486	756
4571	757
7722	758
800	759
4613	760
4594	761
4306	762
2421	763
1485	764
1210	765
52	766
6813	767
3234	768
1461	769
7114	770
1799	771
1059	772
2581	773
831	774
3457	775
4725	776
627	777
925	778
2774	779
6549	780
3086	781
296	782
4745	783
815	784
1497	785
2111	786
2290	787
7448	788
5943	789
1945	790
1086	791
3672	792
6642	793
3913	794
190	795
2064	796
2215	797
638	798
961	799
3759	800
3213	801
679	802
7473	803
1005	804
157	805
3177	806
1884	807
5038	808
1590	809
2718	810
7651	811
2307	812
905	813
5120	814
250	815
263	816
847	817
369	818
959	819
7005	820
5327	821
1793	822
1268	823
1362	824
7004	825
521	826
1968	827
465	828
2639	829
634	830
508	831
1026	832
2428	833
2991	834
7461	835
1407	836
14	837
3176	838
3301	839
6697	840
2759	841
1385	842
985	843
7562	844
112	845
7098	846
5076	847
5937	848
1762	849
5705	850
5317	851
210	852
39	853
3923	854
90	855
163	856
59	857
952	858
447	859
1458	860
4121	861
6674	862
463	863
1180	864
7035	865
6126	866
7378	867
2384	868
3584	869
4257	870
421	871
4420	872
517	873
6176	874
1250	875
1045	876
1138	877
60	878
1541	879
231	880
7012	881
44	882
44	883
1730	884
1160	885
4271	886
7422	887
196	888
4827	889
5892	890
6320	891
647	892
6912	893
5229	894
4828	895
3991	896
6663	897
68	898
17	899
213	900
122	901
1494	902
6846	903
5549	904
5331	905
1323	906
6104	907
14	908
288	909
1557	910
7639	911
705	912
6726	913
4690	914
6901	915
3247	916
16	917
1503	918
27	919
1555	920
6771	921
6700	922
6809	923
1173	924
4906	925
6930	926
3344	927
1023	928
4631	929
1147	930
520	931
599	932
1719	933
612	934
3523	935
4385	936
2917	937
2919	938
3065	939
2730	940
2051	941
5694	942
2665	943
509	944
2117	945
4235	946
2115	947
5366	948
1979	949
568	950
1322	951
227	952
2032	953
339	954
254	955
109	956
2691	957
1238	958
780	959
139	960
402	961
1546	962
168	963
1801	964
7048	965
4636	966
7050	967
1296	968
1575	969
4398	970
3832	971
4414	972
2601	973
4079	974
4370	975
6629	976
756	977
2033	978
4275	979
742	980
1711	981
6309	982
553	983
105	984
3909	985
7520	986
3184	987
5655	988
7521	989
335	990
5079	991
4533	992
353	993
6498	994
6301	995
4	996
330	997
4373	998
361	999
452	1000
2436	1001
5656	1002
6832	1003
6639	1004
5242	1005
5357	1006
70	1007
5443	1008
2412	1009
2434	1010
5216	1011
230	1012
4340	1013
17	1014
2005	1015
4449	1016
390	1017
7569	1018
258	1019
957	1020
667	1021
1552	1022
6105	1023
3740	1024
330	1025
3620	1026
4830	1027
5899	1028
1367	1029
4951	1030
4726	1031
6143	1032
6640	1033
399	1034
1922	1035
6593	1036
5108	1037
329	1038
4418	1039
6208	1040
5577	1041
9	1042
1034	1043
272	1044
7571	1045
7465	1046
6827	1047
2925	1048
6538	1049
5989	1050
765	1051
1348	1052
205	1053
2302	1054
1697	1055
4461	1056
51	1057
73	1058
350	1059
2954	1060
5662	1061
2492	1062
6619	1063
7797	1064
7736	1065
7798	1066
1859	1067
1016	1068
162	1069
7413	1070
5054	1071
5181	1072
7320	1073
7412	1074
7136	1075
7409	1076
2893	1077
1248	1078
6607	1079
7657	1080
6927	1081
1551	1082
4704	1083
384	1084
535	1085
1015	1086
3834	1087
6267	1088
807	1089
6285	1090
7788	1091
5040	1092
139	1093
5133	1094
2027	1095
4132	1096
1259	1097
44	1098
4707	1099
4062	1100
1116	1101
1124	1102
932	1103
3542	1104
55	1105
15	1106
1998	1107
4304	1108
1709	1109
75	1110
2825	1111
1261	1112
2465	1113
7545	1114
7294	1115
1578	1116
1578	1117
374	1118
483	1119
6007	1120
346	1121
6651	1122
2504	1123
2122	1124
2589	1125
1950	1126
3741	1127
6981	1128
831	1129
5148	1130
6287	1131
4137	1132
2831	1133
3768	1134
1806	1135
4591	1136
5917	1137
1753	1138
1700	1139
6688	1140
3668	1141
652	1142
3840	1143
2900	1144
454	1145
4220	1146
1774	1147
4935	1148
3349	1149
4206	1150
256	1151
2940	1152
6806	1153
2069	1154
6533	1155
7138	1156
4219	1157
3036	1158
965	1159
342	1160
854	1161
879	1162
240	1163
1112	1164
6799	1165
4473	1166
2112	1167
5774	1168
17	1169
17	1170
4156	1171
789	1172
812	1173
828	1174
99	1175
3822	1176
3770	1177
3745	1178
6662	1179
2861	1180
7112	1181
2050	1182
4094	1183
5632	1184
185	1185
7064	1186
4883	1187
723	1188
1355	1189
5466	1190
5991	1191
3348	1192
211	1193
4679	1194
5616	1195
2174	1196
4811	1197
2106	1198
2502	1199
5255	1200
5962	1201
6507	1202
4801	1203
1216	1204
3833	1205
6077	1206
334	1207
753	1208
7784	1209
3088	1210
1673	1211
4793	1212
3441	1213
3569	1214
306	1215
2533	1216
1497	1217
2990	1218
21	1219
1427	1220
2978	1221
7600	1222
2584	1223
1258	1224
3368	1225
2773	1226
1234	1227
2559	1228
699	1229
2210	1230
4796	1231
5412	1232
7751	1233
4091	1234
68	1235
276	1236
1230	1237
4300	1238
5030	1239
1496	1240
773	1241
31	1242
2801	1243
7794	1244
2671	1245
5547	1246
3489	1247
6529	1248
404	1249
6342	1250
561	1251
3185	1252
179	1253
5158	1254
2094	1255
3662	1256
1242	1257
711	1258
7285	1259
7295	1260
6489	1261
5036	1262
2092	1263
4981	1264
5529	1265
4687	1266
6837	1267
3008	1268
533	1269
533	1270
5131	1271
577	1272
862	1273
474	1274
3122	1275
3558	1276
1185	1277
2377	1278
2905	1279
1687	1280
509	1281
2655	1282
2446	1283
593	1284
2480	1285
3383	1286
2078	1287
197	1288
2578	1289
4663	1290
1065	1291
897	1292
28	1293
1044	1294
777	1295
3201	1296
3316	1297
4823	1298
7231	1299
1145	1300
2538	1301
964	1302
1492	1303
4324	1304
2000	1305
186	1306
6224	1307
208	1308
7013	1309
1097	1310
4198	1311
6002	1312
7277	1313
2357	1314
2705	1315
144	1316
3179	1317
5692	1318
2298	1319
3398	1320
3742	1321
3187	1322
1751	1323
6047	1324
2892	1325
5866	1326
3410	1327
3262	1328
1613	1329
1213	1330
4853	1331
7275	1332
6052	1333
2974	1334
3813	1335
4691	1336
7030	1337
958	1338
431	1339
720	1340
3431	1341
4622	1342
5923	1343
1796	1344
6886	1345
2097	1346
4255	1347
5256	1348
6009	1349
3384	1350
360	1351
1298	1352
1811	1353
4264	1354
2544	1355
1616	1356
3157	1357
3953	1358
2853	1359
1534	1360
110	1361
38	1362
2437	1363
2021	1364
2195	1365
5337	1366
7536	1367
13	1368
1036	1369
348	1370
297	1371
1278	1372
7515	1373
1032	1374
110	1375
5017	1376
2980	1377
578	1378
3712	1379
885	1380
3314	1381
1028	1382
1043	1383
1986	1384
647	1385
857	1386
403	1387
1033	1388
986	1389
515	1390
756	1391
114	1392
4251	1393
6546	1394
6344	1395
877	1396
253	1397
1429	1398
158	1399
253	1400
385	1401
1265	1402
2982	1403
5285	1404
7268	1405
1197	1406
5880	1407
300	1408
6212	1409
2165	1410
6238	1411
3100	1412
1977	1413
1926	1414
531	1415
2154	1416
2186	1417
3409	1418
195	1419
282	1420
1228	1421
6999	1422
671	1423
2993	1424
1628	1425
2782	1426
2295	1427
571	1428
7194	1429
4719	1430
171	1431
124	1432
6479	1433
2471	1434
217	1435
566	1436
3861	1437
348	1438
46	1439
3934	1440
6676	1441
5510	1442
774	1443
1570	1444
3016	1445
4314	1446
3285	1447
4387	1448
6632	1449
2139	1450
6523	1451
6345	1452
161	1453
4596	1454
7817	1455
7699	1456
7365	1457
1832	1458
7611	1459
7510	1460
6347	1461
1528	1462
657	1463
6936	1464
4779	1465
1507	1466
6349	1467
6448	1468
315	1469
5864	1470
6870	1471
2052	1472
3	1473
7767	1474
5446	1475
1469	1476
4434	1477
1420	1478
116	1479
1092	1480
383	1481
4265	1482
2459	1483
7813	1484
2770	1485
1178	1486
461	1487
1238	1488
5457	1489
6191	1490
2251	1491
804	1492
1698	1493
978	1494
3067	1495
642	1496
4536	1497
4501	1498
6239	1499
3194	1500
472	1501
3812	1502
420	1503
5950	1504
3772	1505
470	1506
1030	1507
4412	1508
2056	1509
2067	1510
500	1511
1630	1512
700	1513
821	1514
6414	1515
1795	1516
6588	1517
4995	1518
1769	1519
4776	1520
1336	1521
1073	1522
2957	1523
1155	1524
7204	1525
2933	1526
2738	1527
4758	1528
5766	1529
511	1530
30	1531
1390	1532
2022	1533
6997	1534
3568	1535
1283	1536
336	1537
1182	1538
6775	1539
5288	1540
5801	1541
1168	1542
7316	1543
868	1544
3898	1545
530	1546
7132	1547
54	1548
226	1549
2326	1550
5560	1551
47	1552
1476	1553
2105	1554
4570	1555
1714	1556
1292	1557
3064	1558
3466	1559
5593	1560
6203	1561
1523	1562
2818	1563
997	1564
7789	1565
6441	1566
4732	1567
5374	1568
3580	1569
279	1570
1256	1571
768	1572
7392	1573
2102	1574
1	1575
3605	1576
2551	1577
6983	1578
6958	1579
7352	1580
5834	1581
1283	1582
5731	1583
2540	1584
5970	1585
3454	1586
6201	1587
52	1588
7483	1589
4924	1590
4891	1591
6046	1592
6863	1593
4655	1594
1401	1595
1656	1596
786	1597
502	1598
32	1599
7635	1600
7684	1601
7490	1602
1678	1603
6036	1604
7690	1605
4189	1606
5533	1607
602	1608
2164	1609
356	1610
6335	1611
1803	1612
1571	1613
362	1614
4693	1615
2585	1616
208	1617
1401	1618
3315	1619
3442	1620
2873	1621
317	1622
106	1623
3407	1624
837	1625
6292	1626
5926	1627
309	1628
615	1629
1932	1630
1145	1631
88	1632
75	1633
4464	1634
3400	1635
5143	1636
1565	1637
4170	1638
7589	1639
4463	1640
2684	1641
2515	1642
2308	1643
1291	1644
7147	1645
6	1646
1107	1647
324	1648
5265	1649
827	1650
517	1651
4535	1652
7634	1653
7076	1654
7716	1655
1039	1656
1627	1657
5728	1658
70	1659
1639	1660
316	1661
5307	1662
998	1663
2370	1664
7058	1665
6283	1666
5400	1667
1576	1668
4231	1669
3107	1670
3461	1671
3465	1672
6187	1673
4894	1674
7527	1675
5359	1676
840	1677
259	1678
1763	1679
5107	1680
109	1681
4152	1682
3693	1683
2697	1684
2354	1685
6725	1686
83	1687
251	1688
2677	1689
1266	1690
6875	1691
4772	1692
6634	1693
3551	1694
3245	1695
1128	1696
1319	1697
195	1698
7263	1699
7	1700
3752	1701
2285	1702
4284	1703
1540	1704
5994	1705
6900	1706
1767	1707
4249	1708
1491	1709
898	1710
244	1711
1993	1712
1455	1713
1377	1714
1037	1715
3611	1716
6919	1717
530	1718
5654	1719
6857	1720
5921	1721
4066	1722
34	1723
4946	1724
2658	1725
249	1726
1354	1727
5094	1728
7229	1729
788	1730
639	1731
5039	1732
4188	1733
4803	1734
6841	1735
7437	1736
215	1737
583	1738
192	1739
947	1740
4357	1741
4877	1742
6237	1743
1100	1744
3490	1745
416	1746
3622	1747
6973	1748
30	1749
4518	1750
1241	1751
1567	1752
5509	1753
7269	1754
40	1755
1337	1756
106	1757
5352	1758
3936	1759
3160	1760
7572	1761
6499	1762
6125	1763
6372	1764
7440	1765
4975	1766
1255	1767
5445	1768
2460	1769
524	1770
7773	1771
6706	1772
2767	1773
2546	1774
493	1775
659	1776
2397	1777
327	1778
1301	1779
7307	1780
4516	1781
1247	1782
5140	1783
1692	1784
840	1785
1074	1786
5515	1787
6865	1788
3302	1789
216	1790
911	1791
1289	1792
6027	1793
4933	1794
4644	1795
1209	1796
7346	1797
1447	1798
3830	1799
259	1800
3339	1801
6271	1802
5182	1803
3329	1804
822	1805
1111	1806
359	1807
269	1808
2410	1809
845	1810
1531	1811
906	1812
1247	1813
7262	1814
77	1815
1258	1816
2189	1817
103	1818
4996	1819
119	1820
690	1821
42	1822
2582	1823
1001	1824
3858	1825
5782	1826
6612	1827
5199	1828
1287	1829
6614	1830
1666	1831
4432	1832
4647	1833
1163	1834
3299	1835
962	1836
1127	1837
3701	1838
71	1839
3638	1840
1089	1841
1777	1842
340	1843
6869	1844
3119	1845
7228	1846
7291	1847
6922	1848
6328	1849
972	1850
794	1851
67	1852
1732	1853
326	1854
7400	1855
7341	1856
2627	1857
1410	1858
3144	1859
3935	1860
6228	1861
4411	1862
1286	1863
298	1864
7333	1865
366	1866
4172	1867
555	1868
7408	1869
6373	1870
2572	1871
1614	1872
1027	1873
1060	1874
5220	1875
7649	1876
6229	1877
1411	1878
228	1879
1166	1880
1096	1881
4475	1882
2289	1883
3748	1884
1308	1885
7261	1886
6631	1887
2826	1888
5833	1889
6788	1890
7286	1891
5463	1892
34	1893
97	1894
7609	1895
623	1896
4104	1897
1051	1898
156	1899
722	1900
6058	1901
7021	1902
2042	1903
6149	1904
3528	1905
49	1906
475	1907
111	1908
4227	1909
1150	1910
73	1911
1368	1912
127	1913
5484	1914
1446	1915
2772	1916
5935	1917
1752	1918
1076	1919
967	1920
145	1921
907	1922
6840	1923
22	1924
7	1925
3907	1926
775	1927
3167	1928
261	1929
1833	1930
5	1931
1622	1932
4053	1933
372	1934
125	1935
160	1936
5198	1937
4954	1938
279	1939
6845	1940
714	1941
5539	1942
5626	1943
3691	1944
7254	1945
3124	1946
4643	1947
837	1948
1472	1949
1370	1950
4119	1951
1022	1952
22	1953
6199	1954
1183	1955
6713	1956
5353	1957
162	1958
4962	1959
1161	1960
124	1961
1417	1962
4876	1963
93	1964
4715	1965
7313	1966
2902	1967
1165	1968
1235	1969
69	1970
5599	1971
1255	1972
1340	1973
1	1974
232	1975
4234	1976
2531	1977
5176	1978
2590	1979
787	1980
3083	1981
2	1982
1267	1983
1	1984
1195	1985
4153	1986
6782	1987
5741	1988
1243	1989
1915	1990
3048	1991
3704	1992
5053	1993
7	1994
1918	1995
487	1996
6485	1997
6475	1998
3669	1999
220	2000
6495	2001
84	2002
410	2003
2704	2004
5700	2005
71	2006
3921	2007
4413	2008
3679	2009
204	2010
2758	2011
6734	2012
7047	2013
176	2014
3207	2015
2862	2016
6162	2017
7625	2018
1718	2019
5417	2020
3397	2021
7709	2022
2429	2023
6604	2024
2985	2025
5733	2026
3677	2027
3282	2028
2908	2029
2520	2030
4952	2031
3320	2032
5767	2033
1648	2034
6856	2035
1747	2036
4976	2037
5563	2038
6322	2039
5365	2040
3779	2041
1078	2042
4382	2043
6671	2044
527	2045
2329	2046
211	2047
5512	2048
3760	2049
5633	2050
2135	2051
104	2052
86	2053
40	2054
4632	2055
1154	2056
1386	2057
883	2058
2276	2059
2700	2060
3010	2061
6	2062
269	2063
5306	2064
1	2065
512	2066
1471	2067
8	2068
97	2069
3724	2070
5261	2071
7701	2072
14	2073
1103	2074
1355	2075
6396	2076
434	2077
1181	2078
235	2079
6463	2080
743	2081
4953	2082
5689	2083
6045	2084
3367	2085
1670	2086
179	2087
713	2088
6351	2089
150	2090
3309	2091
1269	2092
1952	2093
177	2094
741	2095
5142	2096
1229	2097
6185	2098
18	2099
1935	2100
5115	2101
809	2102
635	2103
5870	2104
395	2105
3603	2106
3042	2107
5526	2108
6445	2109
342	2110
4127	2111
3860	2112
7236	2113
2183	2114
5872	2115
5367	2116
1610	2117
1	2118
3990	2119
549	2120
4965	2121
51	2122
3646	2123
969	2124
2007	2125
4224	2126
126	2127
570	2128
3499	2129
4802	2130
4716	2131
2344	2132
271	2133
4467	2134
5956	2135
1158	2136
3878	2137
5516	2138
7614	2139
6730	2140
7093	2141
1861	2142
1369	2143
749	2144
9	2145
1653	2146
2712	2147
63	2148
1903	2149
5239	2150
7613	2151
727	2152
2138	2153
5098	2154
3619	2155
11	2156
5842	2157
2740	2158
5147	2159
5983	2160
2279	2161
543	2162
2935	2163
273	2164
6218	2165
5396	2166
7790	2167
1677	2168
55	2169
4977	2170
6346	2171
472	2172
2190	2173
4435	2174
6048	2175
1468	2176
1591	2177
3152	2178
4147	2179
4699	2180
455	2181
7334	2182
3889	2183
5064	2184
1071	2185
2140	2186
3258	2187
1081	2188
2170	2189
140	2190
3230	2191
7619	2192
476	2193
2236	2194
6822	2195
1635	2196
3500	2197
1207	2198
1162	2199
921	2200
5929	2201
6092	2202
5139	2203
850	2204
6804	2205
3817	2206
747	2207
362	2208
1003	2209
6312	2210
3044	2211
6735	2212
242	2213
365	2214
2503	2215
1523	2216
1406	2217
5660	2218
1958	2219
3576	2220
1699	2221
3581	2222
4846	2223
3927	2224
6431	2225
4829	2226
6455	2227
7086	2228
5606	2229
1202	2230
7033	2231
1946	2232
748	2233
6728	2234
650	2235
1357	2236
1344	2237
5713	2238
6399	2239
1535	2240
5674	2241
635	2242
782	2243
3411	2244
4795	2245
7590	2246
872	2247
252	2248
2147	2249
1382	2250
6139	2251
4737	2252
7011	2253
4424	2254
6622	2255
5494	2256
3111	2257
6054	2258
3961	2259
4371	2260
167	2261
7366	2262
842	2263
5348	2264
6592	2265
3121	2266
7416	2267
4870	2268
1399	2269
1551	2270
4617	2271
5136	2272
5895	2273
5508	2274
95	2275
137	2276
220	2277
4915	2278
4087	2279
1129	2280
6030	2281
1449	2282
6198	2283
6360	2284
1804	2285
322	2286
2299	2287
893	2288
2403	2289
66	2290
263	2291
122	2292
2955	2293
5609	2294
1085	2295
4390	2296
977	2297
7318	2298
671	2299
562	2300
6464	2301
2886	2302
4295	2303
2649	2304
3139	2305
1409	2306
138	2307
693	2308
6200	2309
1191	2310
302	2311
6703	2312
7062	2313
1862	2314
6738	2315
6163	2316
52	2317
356	2318
2427	2319
1290	2320
3872	2321
7001	2322
7117	2323
5114	2324
3884	2325
2564	2326
5708	2327
1223	2328
5418	2329
4396	2330
4041	2331
6293	2332
5121	2333
814	2334
81	2335
5566	2336
2286	2337
649	2338
5164	2339
466	2340
167	2341
5399	2342
391	2343
329	2344
586	2345
470	2346
500	2347
6017	2348
2066	2349
2662	2350
2710	2351
426	2352
951	2353
5531	2354
2923	2355
1102	2356
3486	2357
3517	2358
4520	2359
4426	2360
5111	2361
172	2362
1479	2363
4069	2364
1407	2365
1495	2366
790	2367
2391	2368
1921	2369
1848	2370
3418	2371
1299	2372
3197	2373
7331	2374
1204	2375
677	2376
1957	2377
6458	2378
4686	2379
7142	2380
7712	2381
1430	2382
326	2383
2794	2384
7755	2385
6215	2386
415	2387
6486	2388
1089	2389
83	2390
6108	2391
11	2392
931	2393
5764	2394
3673	2395
1425	2396
4034	2397
5590	2398
6366	2399
4009	2400
257	2401
257	2402
6714	2403
871	2404
7379	2405
200	2406
2017	2407
1498	2408
4351	2409
3281	2410
4427	2411
268	2412
7517	2413
5565	2414
3450	2415
2748	2416
5223	2417
4799	2418
6710	2419
3142	2420
6000	2421
907	2422
6034	2423
685	2424
936	2425
2609	2426
1505	2427
6758	2428
70	2429
5319	2430
2583	2431
2969	2432
4365	2433
626	2434
59	2435
2797	2436
7573	2437
4038	2438
808	2439
4834	2440
2385	2441
4261	2442
3533	2443
5521	2444
6155	2445
939	2446
3318	2447
216	2448
7541	2449
102	2450
3564	2451
6397	2452
8	2453
3537	2454
1852	2455
1564	2456
6969	2457
6	2458
737	2459
410	2460
12	2461
966	2462
1980	2463
99	2464
896	2465
5776	2466
2567	2467
2548	2468
7750	2469
1219	2470
4019	2471
1298	2472
5118	2473
1170	2474
3338	2475
2554	2476
2947	2477
6097	2478
6723	2479
90	2480
2250	2481
4	2482
515	2483
3379	2484
2363	2485
975	2486
4100	2487
7243	2488
160	2489
2351	2490
7036	2491
5322	2492
101	2493
7612	2494
1080	2495
947	2496
812	2497
5219	2498
7125	2499
64	2500
6160	2501
6986	2502
3606	2503
1156	2504
4253	2505
795	2506
1486	2507
4711	2508
596	2509
76	2510
1005	2511
5020	2512
2638	2513
4036	2514
2176	2515
3594	2516
6496	2517
1375	2518
307	2519
453	2520
3424	2521
7552	2522
280	2523
2252	2524
3237	2525
6889	2526
5104	2527
3269	2528
7432	2529
1140	2530
1557	2531
3054	2532
6422	2533
4098	2534
1029	2535
5385	2536
5537	2537
3716	2538
846	2539
5127	2540
5236	2541
1371	2542
2798	2543
1040	2544
5743	2545
1781	2546
751	2547
6520	2548
185	2549
4785	2550
5798	2551
931	2552
6440	2553
2843	2554
4341	2555
5152	2556
340	2557
2222	2558
3715	2559
7558	2560
173	2561
6552	2562
7553	2563
7354	2564
3920	2565
25	2566
6909	2567
7575	2568
5083	2569
1224	2570
4574	2571
1431	2572
4589	2573
3453	2574
2014	2575
6858	2576
7818	2577
505	2578
6984	2579
6898	2580
6749	2581
6950	2582
3966	2583
5542	2584
7792	2585
6521	2586
4978	2587
6483	2588
5372	2589
7222	2590
6574	2591
825	2592
5222	2593
21	2594
4860	2595
3092	2596
7384	2597
1823	2598
3264	2599
6261	2600
765	2601
1885	2602
3773	2603
146	2604
1760	2605
777	2606
3250	2607
3217	2608
662	2609
4601	2610
3734	2611
5884	2612
7233	2613
3829	2614
6306	2615
2470	2616
1329	2617
3709	2618
11	2619
4240	2620
1056	2621
5007	2622
4692	2623
4215	2624
523	2625
1246	2626
2746	2627
1669	2628
5414	2629
640	2630
6980	2631
3729	2632
610	2633
99	2634
6102	2635
6527	2636
4718	2637
5690	2638
2025	2639
7357	2640
4194	2641
3719	2642
7393	2643
3346	2644
4839	2645
2323	2646
1725	2647
1960	2648
1335	2649
4125	2650
529	2651
2342	2652
3047	2653
1342	2654
3112	2655
673	2656
4611	2657
6609	2658
1358	2659
5213	2660
25	2661
2202	2662
5292	2663
2203	2664
855	2665
946	2666
1807	2667
2248	2668
5750	2669
1244	2670
3556	2671
1002	2672
2973	2673
2382	2674
953	2675
5315	2676
2943	2677
7476	2678
5601	2679
1262	2680
1051	2681
3340	2682
5214	2683
1097	2684
4443	2685
1538	2686
1309	2687
3793	2688
706	2689
7415	2690
5505	2691
982	2692
4899	2693
1566	2694
1227	2695
6569	2696
299	2697
108	2698
4649	2699
556	2700
3676	2701
275	2702
577	2703
7273	2704
7411	2705
7444	2706
6996	2707
2528	2708
167	2709
6288	2710
1094	2711
813	2712
4007	2713
716	2714
2268	2715
7396	2716
5065	2717
2693	2718
3041	2719
709	2720
7169	2721
4854	2722
3862	2723
4021	2724
5441	2725
2274	2726
7016	2727
2126	2728
5881	2729
3530	2730
94	2731
1435	2732
1959	2733
97	2734
1999	2735
428	2736
4363	2737
3295	2738
5854	2739
6826	2740
1587	2741
3006	2742
4058	2743
6926	2744
4895	2745
6905	2746
1910	2747
2804	2748
576	2749
2963	2750
53	2751
857	2752
53	2753
6511	2754
614	2755
443	2756
118	2757
136	2758
1138	2759
398	2760
3836	2761
7156	2762
36	2763
4945	2764
33	2765
6686	2766
6388	2767
12	2768
1259	2769
459	2770
917	2771
4	2772
3982	2773
7382	2774
6100	2775
5862	2776
7799	2777
6877	2778
1914	2779
5217	2780
7289	2781
510	2782
4483	2783
6718	2784
145	2785
3586	2786
49	2787
4145	2788
5340	2789
4313	2790
265	2791
6864	2792
4762	2793
5230	2794
627	2795
519	2796
573	2797
660	2798
486	2799
4146	2800
3744	2801
1398	2802
7200	2803
3425	2804
1581	2805
5889	2806
7174	2807
1168	2808
1454	2809
86	2810
785	2811
4550	2812
4482	2813
5077	2814
1863	2815
1236	2816
5498	2817
3931	2818
3337	2819
293	2820
6768	2821
3286	2822
352	2823
2461	2824
6828	2825
3385	2826
3846	2827
2228	2828
6219	2829
6677	2830
4695	2831
6948	2832
1500	2833
5097	2834
450	2835
4599	2836
2120	2837
1643	2838
214	2839
91	2840
370	2841
5102	2842
6177	2843
2690	2844
4664	2845
1113	2846
3196	2847
7116	2848
2371	2849
4169	2850
6608	2851
5408	2852
1330	2853
1155	2854
1313	2855
70	2856
3941	2857
4782	2858
3102	2859
2529	2860
4620	2861
750	2862
2152	2863
2792	2864
3871	2865
34	2866
358	2867
746	2868
5410	2869
129	2870
6260	2871
5301	2872
2501	2873
6088	2874
4338	2875
2565	2876
1196	2877
6625	2878
1689	2879
4181	2880
4980	2881
460	2882
1904	2883
2476	2884
824	2885
3113	2886
4173	2887
962	2888
4168	2889
1092	2890
2216	2891
5995	2892
2866	2893
2607	2894
1079	2895
15	2896
665	2897
1780	2898
13	2899
4728	2900
1293	2901
7664	2902
89	2903
2543	2904
209	2905
873	2906
2417	2907
442	2908
436	2909
2789	2910
707	2911
5584	2912
2910	2913
4004	2914
1996	2915
7155	2916
2	2917
4563	2918
3288	2919
295	2920
158	2921
4225	2922
324	2923
970	2924
4067	2925
7702	2926
1069	2927
3863	2928
6790	2929
636	2930
4388	2931
5489	2932
1443	2933
1152	2934
7376	2935
7566	2936
281	2937
278	2938
5287	2939
6353	2940
1439	2941
254	2942
248	2943
255	2944
72	2945
5204	2946
288	2947
4329	2948
1035	2949
2209	2950
1849	2951
7214	2952
7106	2953
6935	2954
3534	2955
3271	2956
7488	2957
3117	2958
1417	2959
40	2960
35	2961
5787	2962
881	2963
2247	2964
3696	2965
2146	2966
3524	2967
6792	2968
6861	2969
3911	2970
7489	2971
3818	2972
6836	2973
4160	2974
1580	2975
4923	2976
308	2977
3484	2978
491	2979
6751	2980
367	2981
6666	2982
558	2983
603	2984
46	2985
3847	2986
6995	2987
3283	2988
1126	2989
1077	2990
7608	2991
3956	2992
540	2993
3579	2994
122	2995
337	2996
2795	2997
3714	2998
1647	2999
6016	3000
2218	3001
6543	3002
990	3003
2889	3004
710	3005
1054	3006
5462	3007
7298	3008
1372	3009
7783	3010
995	3011
1554	3012
6946	3013
242	3014
3359	3015
3930	3016
6355	3017
2760	3018
3939	3019
5344	3020
1009	3021
6145	3022
396	3023
1049	3024
4287	3025
1048	3026
6711	3027
3657	3028
12	3029
1708	3030
41	3031
3789	3032
3954	3033
682	3034
466	3035
4239	3036
35	3037
1237	3038
179	3039
1907	3040
280	3041
1559	3042
3974	3043
6150	3044
6680	3045
3733	3046
833	3047
5996	3048
2989	3049
53	3050
2887	3051
1881	3052
3462	3053
4440	3054
3670	3055
728	3056
6254	3057
5167	3058
2322	3059
698	3060
5562	3061
6650	3062
6976	3063
151	3064
5490	3065
6338	3066
2775	3067
4559	3068
461	3069
587	3070
4342	3071
1066	3072
1483	3073
6183	3074
71	3075
5726	3076
307	3077
1302	3078
4694	3079
1295	3080
276	3081
456	3082
1275	3083
5724	3084
400	3085
3639	3086
467	3087
4845	3088
5394	3089
1937	3090
935	3091
1319	3092
3	3093
2708	3094
321	3095
7395	3096
639	3097
1156	3098
238	3099
1482	3100
611	3101
6031	3102
1049	3103
4914	3104
6003	3105
2516	3106
6581	3107
309	3108
1251	3109
1166	3110
335	3111
152	3112
558	3113
4709	3114
489	3115
3511	3116
363	3117
956	3118
23	3119
4602	3120
5468	3121
478	3122
6133	3123
1556	3124
2888	3125
1309	3126
7616	3127
2220	3128
3276	3129
5119	3130
622	3131
7197	3132
6385	3133
7241	3134
7177	3135
441	3136
3095	3137
7713	3138
7373	3139
7451	3140
7363	3141
7293	3142
7433	3143
7198	3144
7434	3145
7300	3146
7803	3147
7810	3148
5789	3149
7146	3150
7594	3151
7310	3152
7491	3153
1204	3154
2324	3155
5971	3156
128	3157
7727	3158
4598	3159
4330	3160
7620	3161
1738	3162
7182	3163
2675	3164
6627	3165
2217	3166
596	3167
2936	3168
6408	3169
4767	3170
6525	3171
3708	3172
7180	3173
7778	3174
2899	3175
2507	3176
5729	3177
7502	3178
1008	3179
5467	3180
6262	3181
1252	3182
1	3183
6942	3184
7234	3185
72	3186
3702	3187
3751	3188
5603	3189
5882	3190
1314	3191
1260	3192
7322	3193
6659	3194
3678	3195
5703	3196
6275	3197
1250	3198
1189	3199
6041	3200
5207	3201
285	3202
2602	3203
5117	3204
4662	3205
4812	3206
991	3207
1972	3208
3762	3209
2555	3210
2763	3211
5003	3212
6169	3213
771	3214
3328	3215
5597	3216
4904	3217
76	3218
1552	3219
4750	3220
359	3221
243	3222
1032	3223
7410	3224
3797	3225
5189	3226
3373	3227
202	3228
664	3229
1853	3230
2811	3231
4375	3232
55	3233
3915	3234
6709	3235
6873	3236
2156	3237
891	3238
3	3239
3713	3240
5569	3241
9	3242
4082	3243
3233	3244
4498	3245
203	3246
1408	3247
6223	3248
5300	3249
4852	3250
1020	3251
5478	3252
4	3253
11	3254
24	3255
2028	3256
233	3257
5132	3258
230	3259
900	3260
1821	3261
6899	3262
7567	3263
1300	3264
378	3265
6412	3266
7447	3267
5666	3268
363	3269
870	3270
1176	3271
878	3272
1369	3273
1109	3274
7766	3275
1452	3276
96	3277
123	3278
333	3279
6	3280
3549	3281
210	3282
5321	3283
1871	3284
1674	3285
1997	3286
151	3287
2709	3288
2	3289
1563	3290
91	3291
1310	3292
7428	3293
4167	3294
6623	3295
2441	3296
2618	3297
6251	3298
4621	3299
3887	3300
5930	3301
5325	3302
5313	3303
629	3304
2987	3305
2426	3306
1069	3307
4947	3308
1540	3309
5665	3310
2409	3311
735	3312
262	3313
78	3314
2	3315
1281	3316
6158	3317
6157	3318
7743	3319
194	3320
6777	3321
1464	3322
3952	3323
2664	3324
2243	3325
7559	3326
4454	3327
112	3328
143	3329
1787	3330
5293	3331
425	3332
3218	3333
142	3334
4438	3335
1164	3336
4273	3337
6211	3338
2055	3339
916	3340
1354	3341
1489	3342
968	3343
6055	3344
3362	3345
3973	3346
5710	3347
2065	3348
5878	3349
183	3350
219	3351
1582	3352
1367	3353
2468	3354
249	3355
870	3356
5504	3357
1025	3358
5653	3359
3592	3360
4354	3361
5395	3362
205	3363
94	3364
2075	3365
60	3366
853	3367
888	3368
381	3369
761	3370
376	3371
963	3372
1331	3373
7796	3374
412	3375
3002	3376
5	3377
826	3378
2701	3379
1961	3380
3355	3381
4267	3382
534	3383
4002	3384
78	3385
917	3386
7311	3387
7756	3388
23	3389
7168	3390
5507	3391
2425	3392
2498	3393
4353	3394
4916	3395
247	3396
4096	3397
4547	3398
4093	3399
170	3400
1605	3401
6557	3402
1273	3403
6871	3404
1405	3405
4674	3406
2257	3407
2519	3408
6324	3409
1041	3410
120	3411
1786	3412
3377	3413
1411	3414
4835	3415
1448	3416
516	3417
2395	3418
2264	3419
595	3420
61	3421
5270	3422
3078	3423
7621	3424
351	3425
895	3426
5381	3427
1368	3428
1566	3429
1511	3430
2833	3431
4713	3432
648	3433
5524	3434
6114	3435
499	3436
5779	3437
5639	3438
451	3439
18	3440
3997	3441
4685	3442
2041	3443
3376	3444
2008	3445
33	3446
1457	3447
4789	3448
244	3449
69	3450
3682	3451
28	3452
313	3453
5144	3454
7697	3455
7719	3456
6061	3457
5049	3458
7705	3459
7503	3460
858	3461
853	3462
5145	3463
5166	3464
5251	3465
4298	3466
886	3467
6636	3468
1982	3469
371	3470
5714	3471
2495	3472
1070	3473
1276	3474
445	3475
442	3476
7260	3477
7	3478
2142	3479
320	3480
4994	3481
2023	3482
5492	3483
6381	3484
774	3485
232	3486
5719	3487
1071	3488
380	3489
954	3490
4985	3491
726	3492
308	3493
31	3494
1555	3495
3928	3496
5234	3497
4522	3498
1384	3499
1150	3500
3999	3501
988	3502
392	3503
273	3504
3216	3505
3145	3506
1171	3507
339	3508
4025	3509
1015	3510
623	3511
5276	3512
1547	3513
1013	3514
1802	3515
1892	3516
25	3517
66	3518
4208	3519
2144	3520
4848	3521
1351	3522
1663	3523
2976	3524
7063	3525
197	3526
413	3527
693	3528
848	3529
251	3530
1082	3531
66	3532
192	3533
65	3534
843	3535
630	3536
2547	3537
7252	3538
332	3539
6657	3540
296	3541
3049	3542
2875	3543
3900	3544
6972	3545
6594	3546
3007	3547
4721	3548
7532	3549
5	3550
231	3551
914	3552
2330	3553
149	3554
2857	3555
379	3556
481	3557
605	3558
3944	3559
3360	3560
6796	3561
5284	3562
719	3563
3043	3564
2788	3565
4903	3566
2668	3567
25	3568
300	3569
1257	3570
733	3571
613	3572
238	3573
2035	3574
3471	3575
935	3576
4652	3577
5807	3578
2224	3579
1839	3580
4684	3581
406	3582
1402	3583
1125	3584
614	3585
5858	3586
1104	3587
4055	3588
61	3589
7164	3590
315	3591
4243	3592
3996	3593
3986	3594
161	3595
1187	3596
2882	3597
2996	3598
1672	3599
619	3600
41	3601
4798	3602
2934	3603
1117	3604
5373	3605
678	3606
8	3607
1442	3608
23	3609
3869	3610
3782	3611
4562	3612
4259	3613
107	3614
1142	3615
1866	3616
22	3617
6382	3618
5968	3619
5122	3620
1306	3621
1600	3622
3502	3623
6616	3624
2879	3625
796	3626
3553	3627
4672	3628
3794	3629
264	3630
69	3631
1562	3632
3698	3633
5034	3634
6596	3635
3300	3636
2756	3637
2235	3638
2309	3639
745	3640
469	3641
7150	3642
7526	3643
5246	3644
5297	3645
36	3646
5247	3647
3945	3648
4	3649
1306	3650
4879	3651
6042	3652
904	3653
7292	3654
676	3655
1426	3656
5013	3657
949	3658
1328	3659
1228	3660
7244	3661
5259	3662
2965	3663
2043	3664
6928	3665
184	3666
2928	3667
1341	3668
1948	3669
1549	3670
5363	3671
5402	3672
125	3673
677	3674
344	3675
319	3676
2241	3677
3277	3678
574	3679
2020	3680
2802	3681
39	3682
6982	3683
1858	3684
1152	3685
2245	3686
270	3687
1675	3688
4525	3689
4345	3690
3666	3691
2013	3692
6284	3693
6747	3694
13	3695
4085	3696
6026	3697
6136	3698
3	3699
6862	3700
5401	3701
1387	3702
3	3703
7339	3704
312	3705
2388	3706
7235	3707
1717	3708
2379	3709
1128	3710
4625	3711
3311	3712
2109	3713
3602	3714
4624	3715
709	3716
3014	3717
7159	3718
6358	3719
6829	3720
6117	3721
4654	3722
6823	3723
988	3724
590	3725
5156	3726
7446	3727
94	3728
27	3729
1475	3730
5169	3731
1136	3732
438	3733
5124	3734
6383	3735
1575	3736
2136	3737
2266	3738
3181	3739
6914	3740
1073	3741
184	3742
6555	3743
1964	3744
4548	3745
6173	3746
7219	3747
2242	3748
7060	3749
1607	3750
1077	3751
1820	3752
6222	3753
2006	3754
7442	3755
7493	3756
7577	3757
3788	3758
1186	3759
3756	3760
724	3761
633	3762
4296	3763
6391	3764
1376	3765
4608	3766
2049	3767
3	3768
20	3769
91	3770
2624	3771
5548	3772
5992	3773
5012	3774
6655	3775
1378	3776
1400	3777
5016	3778
131	3779
1116	3780
4349	3781
7615	3782
82	3783
3417	3784
3310	3785
3280	3786
419	3787
7763	3788
90	3789
6872	3790
644	3791
4311	3792
3317	3793
2301	3794
2305	3795
427	3796
6707	3797
4727	3798
6209	3799
4597	3800
4023	3801
4909	3802
1016	3803
7598	3804
672	3805
6258	3806
981	3807
6531	3808
7555	3809
6138	3810
859	3811
2259	3812
358	3813
6294	3814
3968	3815
974	3816
3972	3817
1632	3818
4503	3819
5604	3820
2169	3821
6171	3822
5746	3823
7020	3824
4777	3825
6087	3826
100	3827
3186	3828
163	3829
1869	3830
1467	3831
92	3832
10	3833
567	3834
3089	3835
2225	3836
936	3837
7718	3838
663	3839
2452	3840
5477	3841
3924	3842
193	3843
65	3844
5873	3845
1445	3846
284	3847
6785	3848
5868	3849
1177	3850
5680	3851
130	3852
1305	3853
655	3854
1358	3855
3776	3856
5813	3857
3925	3858
4020	3859
2571	3860
23	3861
6906	3862
3353	3863
2541	3864
1516	3865
2694	3866
1189	3867
289	3868
23	3869
7134	3870
7554	3871
1406	3872
1068	3873
6968	3874
225	3875
683	3876
1491	3877
5436	3878
703	3879
763	3880
5421	3881
5070	3882
715	3883
360	3884
104	3885
3981	3886
1809	3887
4478	3888
696	3889
1877	3890
2904	3891
2407	3892
3415	3893
5244	3894
1121	3895
3514	3896
2319	3897
4963	3898
994	3899
406	3900
2128	3901
1414	3902
3175	3903
3469	3904
3075	3905
3055	3906
2962	3907
651	3908
5346	3909
1519	3910
2197	3911
5268	3912
5428	3913
4421	3914
7124	3915
216	3916
120	3917
350	3918
3347	3919
1419	3920
4417	3921
3695	3922
3455	3923
3600	3924
611	3925
2786	3926
3052	3927
5841	3928
2046	3929
1805	3930
1325	3931
1817	3932
933	3933
1334	3934
7745	3935
622	3936
1100	3937
7671	3938
1346	3939
5055	3940
3304	3941
680	3942
4806	3943
86	3944
5554	3945
6151	3946
701	3947
4197	3948
3866	3949
4408	3950
315	3951
1527	3952
3033	3953
820	3954
5341	3955
1524	3956
5187	3957
592	3958
6635	3959
7017	3960
5891	3961
5349	3962
2651	3963
5967	3964
6530	3965
418	3966
4590	3967
4381	3968
963	3969
2680	3970
819	3971
1510	3972
2891	3973
2844	3974
368	3975
7496	3976
1748	3977
364	3978
1	3979
9	3980
910	3981
5918	3982
806	3983
2237	3984
5828	3985
5773	3986
4014	3987
913	3988
2085	3989
6263	3990
22	3991
348	3992
7210	3993
89	3994
1130	3995
57	3996
1019	3997
7160	3998
349	3999
7637	4000
377	4001
6917	4002
2372	4003
4816	4004
1989	4005
2621	4006
2098	4007
4929	4008
6867	4009
1276	4010
544	4011
2556	4012
4700	4013
6064	4014
4648	4015
422	4016
1512	4017
497	4018
3885	4019
4705	4020
6	4021
1341	4022
4765	4023
6273	4024
2732	4025
7290	4026
1014	4027
4917	4028
884	4029
884	4030
5993	4031
4579	4032
5368	4033
7301	4034
3162	4035
4607	4036
3721	4037
1558	4038
306	4039
63	4040
5631	4041
484	4042
1834	4043
3632	4044
3103	4045
6992	4046
5925	4047
1214	4048
1646	4049
3520	4050
6748	4051
7349	4052
6152	4053
1612	4054
6172	4055
3188	4056
7785	4057
5209	4058
710	4059
3267	4060
3599	4061
1514	4062
6379	4063
7655	4064
267	4065
6590	4066
1114	4067
7730	4068
3150	4069
2984	4070
867	4071
4983	4072
5271	4073
7595	4074
93	4075
6374	4076
87	4077
1443	4078
2208	4079
8	4080
1193	4081
3548	4082
4615	4083
880	4084
2979	4085
154	4086
616	4087
7239	4088
1455	4089
983	4090
5296	4091
994	4092
688	4093
134	4094
2781	4095
1397	4096
35	4097
386	4098
5273	4099
3257	4100
5444	4101
6702	4102
2	4103
4117	4104
129	4105
1721	4106
2381	4107
626	4108
5815	4109
5812	4110
2659	4111
7436	4112
779	4113
6472	4114
1099	4115
3964	4116
5575	4117
7356	4118
4755	4119
26	4120
6348	4121
16	4122
5784	4123
3583	4124
986	4125
985	4126
4	4127
1227	4128
13	4129
5912	4130
7051	4131
4269	4132
817	4133
920	4134
4650	4135
911	4136
3439	4137
3888	4138
136	4139
2840	4140
36	4141
1651	4142
987	4143
7266	4144
4859	4145
6012	4146
4266	4147
7772	4148
1520	4149
64	4150
1962	4151
5493	4152
479	4153
1280	4154
2506	4155
1498	4156
5205	4157
6231	4158
3796	4159
6708	4160
5294	4161
6641	4162
10	4163
5481	4164
4754	4165
7764	4166
300	4167
546	4168
3573	4169
4989	4170
7271	4171
7606	4172
3559	4173
6053	4174
2724	4175
6476	4176
3785	4177
6339	4178
1026	4179
325	4180
6903	4181
24	4182
5267	4183
245	4184
650	4185
446	4186
5848	4187
54	4188
54	4189
54	4190
5814	4191
4837	4192
4368	4193
5024	4194
4545	4195
2643	4196
4445	4197
3874	4198
153	4199
1214	4200
7102	4201
4202	4202
5093	4203
4358	4204
696	4205
201	4206
1925	4207
225	4208
3554	4209
3538	4210
585	4211
718	4212
243	4213
3018	4214
261	4215
2045	4216
3430	4217
5138	4218
1569	4219
3116	4220
1343	4221
1560	4222
6352	4223
27	4224
6923	4225
7332	4226
7288	4227
2283	4228
465	4229
2769	4230
2837	4231
6664	4232
4355	4233
595	4234
830	4235
6843	4236
155	4237
722	4238
836	4239
670	4240
6541	4241
2390	4242
5847	4243
2898	4244
7430	4245
3765	4246
1561	4247
1098	4248
259	4249
1478	4250
1836	4251
5343	4252
1323	4253
5747	4254
7189	4255
58	4256
91	4257
298	4258
5986	4259
337	4260
5869	4261
7561	4262
6409	4263
438	4264
6890	4265
7281	4266
8	4267
7650	4268
6502	4269
825	4270
5552	4271
53	4272
7119	4273
1650	4274
3555	4275
146	4276
948	4277
350	4278
7733	4279
1514	4280
1231	4281
7482	4282
7771	4283
7724	4284
7672	4285
7786	4286
7145	4287
4011	4288
2292	4289
28	4290
1	4291
7584	4292
7367	4293
3699	4294
1439	4295
4833	4296
6481	4297
7685	4298
5006	4299
88	4300
959	4301
5642	4302
6072	4303
3827	4304
5738	4305
1146	4306
1421	4307
6576	4308
3243	4309
3590	4310
1064	4311
184	4312
6649	4313
5576	4314
401	4315
824	4316
427	4317
547	4318
1422	4319
1209	4320
1615	4321
3718	4322
8	4323
7454	4324
346	4325
6784	4326
4263	4327
919	4328
37	4329
541	4330
1727	4331
5709	4332
6939	4333
7358	4334
3148	4335
3516	4336
5426	4337
6350	4338
449	4339
483	4340
7511	4341
1703	4342
4658	4343
3005	4344
6427	4345
3386	4346
3808	4347
5765	4348
3191	4349
1349	4350
96	4351
6400	4352
7497	4353
7557	4354
6364	4355
7171	4356
1226	4357
134	4358
889	4359
7217	4360
3816	4361
2817	4362
2093	4363
4028	4364
5744	4365
7068	4366
293	4367
4073	4368
1106	4369
847	4370
6249	4371
5969	4372
262	4373
7296	4374
3978	4375
5919	4376
802	4377
1383	4378
1500	4379
424	4380
3786	4381
5067	4382
407	4383
1281	4384
7113	4385
1124	4386
2475	4387
4794	4388
607	4389
1529	4390
1437	4391
290	4392
570	4393
6902	4394
569	4395
62	4396
1211	4397
3560	4398
6772	4399
3	4400
5543	4401
2030	4402
2137	4403
7429	4404
3633	4405
39	4406
978	4407
7624	4408
1217	4409
7369	4410
6063	4411
5957	4412
20	4413
7453	4414
75	4415
5717	4416
86	4417
294	4418
79	4419
4212	4420
3293	4421
7669	4422
5215	4423
7345	4424
1466	4425
3495	4426
256	4427
1582	4428
2479	4429
565	4430
809	4431
1062	4432
1070	4433
6276	4434
640	4435
7018	4436
702	4437
1522	4438
784	4439
6491	4440
2196	4441
7361	4442
5716	4443
4770	4444
5487	4445
119	4446
36	4447
60	4448
3071	4449
2512	4450
3488	4451
7804	4452
2707	4453
3343	4454
1507	4455
6089	4456
1432	4457
4238	4458
3831	4459
6750	4460
3617	4461
932	4462
3395	4463
1545	4464
6669	4465
160	4466
803	4467
2400	4468
137	4469
4753	4470
5224	4471
7643	4472
4514	4473
4071	4474
861	4475
6090	4476
380	4477
1139	4478
926	4479
2	4480
16	4481
3354	4482
1878	4483
6023	4484
1517	4485
1606	4486
20	4487
244	4488
868	4489
2272	4490
6	4491
992	4492
4343	4493
136	4494
1502	4495
5237	4496
1449	4497
4722	4498
1487	4499
6028	4500
10	4501
3061	4502
20	4503
20	4504
6093	4505
3467	4506
1221	4507
3570	4508
138	4509
6789	4510
46	4511
989	4512
84	4513
743	4514
6236	4515
263	4516
738	4517
1563	4518
4282	4519
1829	4520
2	4521
5707	4522
3219	4523
363	4524
149	4525
3037	4526
187	4527
5922	4528
6062	4529
3468	4530
49	4531
2509	4532
549	4533
560	4534
6	4535
915	4536
524	4537
6404	4538
127	4539
691	4540
1379	4541
2389	4542
5681	4543
5514	4544
155	4545
721	4546
6835	4547
6508	4548
5939	4549
3062	4550
72	4551
5860	4552
2630	4553
6290	4554
1418	4555
6812	4556
5333	4557
1099	4558
6384	4559
1311	4560
580	4561
6885	4562
5495	4563
1076	4564
3653	4565
3182	4566
299	4567
954	4568
5629	4569
4286	4570
7467	4571
1208	4572
2	4573
1971	4574
4222	4575
1534	4576
4986	4577
2946	4578
3899	4579
3567	4580
1	4581
7603	4582
7397	4583
1794	4584
6075	4585
7574	4586
5280	4587
4790	4588
1132	4589
4932	4590
6013	4591
268	4592
1121	4593
301	4594
1225	4595
100	4596
3147	4597
3612	4598
164	4599
5617	4600
248	4601
4084	4602
4865	4603
6337	4604
661	4605
1254	4606
7673	4607
1383	4608
583	4609
2838	4610
1102	4611
5840	4612
4416	4613
1488	4614
2447	4615
3799	4616
227	4617
1850	4618
143	4619
1342	4620
621	4621
4973	4622
3072	4623
1352	4624
4211	4625
4187	4626
7205	4627
5461	4628
2667	4629
6081	4630
3378	4631
4567	4632
4743	4633
725	4634
14	4635
458	4636
952	4637
5103	4638
7622	4639
1429	4640
539	4641
5	4642
3828	4643
1583	4644
813	4645
33	4646
4682	4647
997	4648
5685	4649
367	4650
2345	4651
292	4652
5170	4653
1876	4654
5078	4655
807	4656
1167	4657
4228	4658
81	4659
87	4660
6624	4661
4982	4662
3717	4663
6712	4664
1543	4665
634	4666
174	4667
817	4668
1867	4669
1303	4670
1130	4671
361	4672
135	4673
598	4674
5637	4675
652	4676
1282	4677
1105	4678
4209	4679
2542	4680
6182	4681
81	4682
532	4683
3	4684
5089	4685
304	4686
675	4687
3803	4688
65	4689
996	4690
6111	4691
3168	4692
4706	4693
6769	4694
1538	4695
1951	4696
4394	4697
667	4698
605	4699
5938	4700
1393	4701
5497	4702
5742	4703
6964	4704
4223	4705
6363	4706
4052	4707
7775	4708
690	4709
1493	4710
1365	4711
192	4712
2048	4713
59	4714
815	4715
1854	4716
5792	4717
4714	4718
976	4719
169	4720
714	4721
6022	4722
1042	4723
5874	4724
1379	4725
327	4726
1272	4727
3687	4728
1992	4729
982	4730
2074	4731
375	4732
2628	4733
1031	4734
1000	4735
1545	4736
333	4737
823	4738
102	4739
7061	4740
513	4741
5172	4742
5990	4743
134	4744
399	4745
7386	4746
1101	4747
3127	4748
1506	4749
4659	4750
314	4751
2652	4752
6132	4753
1347	4754
1477	4755
538	4756
4857	4757
5335	4758
697	4759
2478	4760
265	4761
5641	4762
7445	4763
188	4764
3266	4765
1641	4766
2666	4767
791	4768
5149	4769
6066	4770
2625	4771
2737	4772
2958	4773
7107	4774
1560	4775
5318	4776
3947	4777
7092	4778
3660	4779
526	4780
4439	4781
397	4782
1002	4783
739	4784
4462	4785
1593	4786
393	4787
9	4788
4736	4789
102	4790
2920	4791
793	4792
19	4793
2484	4794
6681	4795
5072	4796
1141	4797
2310	4798
5519	4799
3082	4800
3252	4801
6550	4802
874	4803
1263	4804
5675	4805
425	4806
5375	4807
5456	4808
4984	4809
5596	4810
34	4811
62	4812
3804	4813
6591	4814
1631	4815
4182	4816
5314	4817
5607	4818
349	4819
1425	4820
738	4821
7674	4822
4403	4823
3239	4824
1098	4825
2328	4826
6068	4827
4606	4828
156	4829
4293	4830
1791	4831
1940	4832
6752	4833
7501	4834
142	4835
3059	4836
956	4837
3294	4838
4882	4839
1299	4840
2110	4841
6540	4842
1244	4843
2983	4844
4344	4845
581	4846
334	4847
2133	4848
388	4849
5964	4850
4668	4851
3308	4852
3133	4853
559	4854
1024	4855
3428	4856
6876	4857
1399	4858
4760	4859
1561	4860
228	4861
186	4862
4651	4863
2375	4864
767	4865
5894	4866
4346	4867
6286	4868
250	4869
1913	4870
5060	4871
440	4872
4175	4873
2911	4874
695	4875
1192	4876
103	4877
6754	4878
396	4879
1856	4880
6874	4881
6477	4882
2160	4883
6556	4884
786	4885
632	4886
7544	4887
7250	4888
6584	4889
194	4890
608	4891
2473	4892
109	4893
7694	4894
5022	4895
5021	4896
958	4897
5640	4898
1584	4899
4907	4900
5555	4901
971	4902
5201	4903
2194	4904
306	4905
336	4906
2061	4907
729	4908
4955	4909
887	4910
7095	4911
2896	4912
1236	4913
2815	4914
5231	4915
286	4916
276	4917
2406	4918
6893	4919
7781	4920
6944	4921
1040	4922
1792	4923
2805	4924
4302	4925
7297	4926
5019	4927
4035	4928
950	4929
6043	4930
3278	4931
28	4932
3491	4933
3562	4934
5351	4935
115	4936
5439	4937
1307	4938
1282	4939
5678	4940
3023	4941
166	4942
6354	4943
191	4944
6925	4945
510	4946
1409	4947
1325	4948
2435	4949
14	4950
4321	4951
1917	4952
1180	4953
140	4954
6955	4955
6915	4956
5	4957
1771	4958
924	4959
719	4960
6240	4961
381	4962
4030	4963
5644	4964
5783	4965
3775	4966
589	4967
828	4968
6184	4969
5693	4970
2648	4971
317	4972
7187	4973
7695	4974
7721	4975
311	4976
1775	4977
181	4978
108	4979
2314	4980
4557	4981
1865	4982
6411	4983
285	4984
2994	4985
5518	4986
2	4987
3971	4988
1221	4989
6059	4990
2949	4991
6606	4992
7185	4993
76	4994
7303	4995
2612	4996
411	4997
3509	4998
43	4999
5980	5000
562	5001
4619	5002
266	5003
1736	5004
2695	5005
1898	5006
1789	5007
2311	5008
1083	5009
4217	5010
5909	5011
7605	5012
1335	5013
3070	5014
6378	5015
1046	5016
5052	5017
4546	5018
903	5019
1705	5020
1347	5021
7312	5022
5851	5023
507	5024
7748	5025
2166	5026
97	5027
1251	5028
5831	5029
6967	5030
3031	5031
1441	5032
486	5033
7206	5034
33	5035
929	5036
2281	5037
2539	5038
2964	5039
3246	5040
224	5041
732	5042
368	5043
292	5044
1973	5045
3513	5046
7728	5047
7108	5048
7078	5049
7576	5050
3654	5051
7793	5052
7081	5053
6454	5054
6242	5055
3876	5056
6815	5057
3692	5058
7732	5059
1890	5060
4874	5061
7735	5062
7099	5063
7029	5064
7597	5065
6621	5066
6765	5067
7038	5068
6225	5069
6883	5070
3783	5071
7059	5072
4901	5073
2231	5074
7738	5075
7676	5076
7031	5077
3809	5078
6960	5079
4185	5080
289	5081
3387	5082
7593	5083
7067	5084
1969	5085
4008	5086
792	5087
680	5088
457	5089
6308	5090
121	5091
148	5092
6705	5093
1172	5094
5760	5095
638	5096
1321	5097
7729	5098
6970	5099
5795	5100
7691	5101
1624	5102
5226	5103
3487	5104
154	5105
3867	5106
506	5107
2685	5108
3582	5109
6001	5110
687	5111
493	5112
2717	5113
2350	5114
7342	5115
588	5116
393	5117
5010	5118
5887	5119
4237	5120
6241	5121
5749	5122
1277	5123
5100	5124
1637	5125
5502	5126
95	5127
4	5128
318	5129
7245	5130
5932	5131
4666	5132
834	5133
3618	5134
3992	5135
658	5136
2657	5137
1223	5138
5758	5139
2121	5140
3164	5141
7122	5142
6762	5143
4333	5144
1548	5145
1536	5146
364	5147
6135	5148
5845	5149
3728	5150
5771	5151
5838	5152
2291	5153
1756	5154
35	5155
2714	5156
1819	5157
3039	5158
3601	5159
6766	5160
345	5161
496	5162
7560	5163
2472	5164
5005	5165
382	5166
482	5167
5075	5168
1539	5169
4614	5170
529	5171
5550	5172
5949	5173
3585	5174
3260	5175
801	5176
4033	5177
6558	5178
3356	5179
3901	5180
6825	5181
7533	5182
1194	5183
1518	5184
653	5185
305	5186
5073	5187
7647	5188
2320	5189
1891	5190
157	5191
118	5192
3432	5193
5068	5194
3287	5195
1984	5196
6808	5197
566	5198
3419	5199
7323	5200
5534	5201
2367	5202
260	5203
2439	5204
6407	5205
1444	5206
5278	5207
7508	5208
836	5209
16	5210
5015	5211
2145	5212
938	5213
1316	5214
960	5215
3522	5216
2297	5217
3868	5218
112	5219
343	5220
4586	5221
973	5222
235	5223
7645	5224
12	5225
3174	5226
3402	5227
319	5228
7105	5229
441	5230
1841	5231
5027	5232
805	5233
6473	5234
695	5235
4006	5236
1816	5237
1815	5238
141	5239
2995	5240
2816	5241
346	5242
6605	5243
6250	5244
1840	5245
1410	5246
3637	5247
10	5248
2836	5249
7774	5250
5810	5251
3210	5252
7419	5253
282	5254
980	5255
4759	5256
3099	5257
6698	5258
820	5259
7111	5260
168	5261
7662	5262
2058	5263
1058	5264
2431	5265
3853	5266
484	5267
2527	5268
3825	5269
1453	5270
5485	5271
2474	5272
6435	5273
1441	5274
6447	5275
4735	5276
7549	5277
957	5278
1038	5279
2790	5280
3200	5281
7472	5282
1064	5283
6	5284
311	5285
5146	5286
4822	5287
2168	5288
5302	5289
7470	5290
501	5291
7121	5292
7317	5293
115	5294
3630	5295
7457	5296
6130	5297
3839	5298
4232	5299
3494	5300
3263	5301
1902	5302
114	5303
4022	5304
119	5305
2151	5306
273	5307
1275	5308
3332	5309
692	5310
3444	5311
2019	5312
175	5313
4205	5314
1146	5315
1640	5316
4840	5317
2332	5318
4043	5319
1034	5320
3504	5321
5896	5322
4407	5323
937	5324
5955	5325
981	5326
2951	5327
2600	5328
188	5329
1324	5330
175	5331
309	5332
5857	5333
1508	5334
250	5335
492	5336
1704	5337
2481	5338
2213	5339
1541	5340
925	5341
3091	5342
32	5343
2178	5344
1660	5345
2018	5346
3767	5347
6753	5348
3706	5349
5125	5350
1174	5351
6566	5352
6757	5353
6852	5354
6587	5355
1595	5356
1502	5357
6933	5358
7144	5359
6542	5360
6341	5361
1330	5362
3681	5363
5279	5364
7374	5365
7587	5366
7588	5367
7586	5368
4003	5369
6178	5370
7037	5371
3761	5372
599	5373
4148	5374
2848	5375
3737	5376
7765	5377
6318	5378
3531	5379
4195	5380
7779	5381
6518	5382
1253	5383
3223	5384
5275	5385
2037	5386
553	5387
7002	5388
183	5389
4367	5390
3477	5391
37	5392
2	5393
4587	5394
4539	5395
5420	5396
386	5397
1830	5398
2852	5399
5002	5400
1473	5401
838	5402
5721	5403
5323	5404
6764	5405
908	5406
1239	5407
643	5408
2631	5409
4277	5410
5578	5411
926	5412
499	5413
5091	5414
585	5415
5585	5416
3948	5417
234	5418
3138	5419
5177	5420
816	5421
341	5422
814	5423
1134	5424
670	5425
1278	5426
4465	5427
1695	5428
2059	5429
3073	5430
918	5431
6945	5432
6888	5433
1688	5434
5165	5435
975	5436
563	5437
2116	5438
313	5439
1280	5440
3464	5441
2736	5442
3029	5443
289	5444
902	5445
5074	5446
609	5447
2595	5448
246	5449
4764	5450
1601	5451
150	5452
2373	5453
56	5454
906	5455
310	5456
607	5457
4902	5458
876	5459
3694	5460
846	5461
196	5462
4505	5463
2338	5464
434	5465
5988	5466
2839	5467
1151	5468
3066	5469
5809	5470
4844	5471
754	5472
554	5473
67	5474
6966	5475
945	5476
1599	5477
4832	5478
7505	5479
4510	5480
188	5481
4810	5482
3003	5483
4280	5484
190	5485
2647	5486
4494	5487
3738	5488
1843	5489
6403	5490
5698	5491
7581	5492
2745	5493
1720	5494
594	5495
2847	5496
4616	5497
5592	5498
5258	5499
6526	5500
3512	5501
207	5502
5602	5503
489	5504
5360	5505
3604	5506
597	5507
1010	5508
4556	5509
5286	5510
758	5511
1967	5512
2713	5513
1239	5514
1459	5515
6247	5516
293	5517
3	5518
4623	5519
1052	5520
2343	5521
5087	5522
5615	5523
1542	5524
1778	5525
1260	5526
7582	5527
2378	5528
708	5529
6020	5530
174	5531
3449	5532
1384	5533
6434	5534
3140	5535
624	5536
1119	5537
4476	5538
598	5539
6269	5540
12	5541
6078	5542
1737	5543
1493	5544
3747	5545
203	5546
7166	5547
1579	5548
3881	5549
3496	5550
6834	5551
123	5552
1983	5553
4037	5554
4149	5555
5754	5556
5832	5557
2723	5558
4805	5559
1277	5560
6390	5561
1391	5562
6205	5563
544	5564
6778	5565
3	5566
182	5567
372	5568
5734	5569
6091	5570
5175	5571
4941	5572
4604	5573
615	5574
3883	5575
819	5576
4504	5577
5033	5578
6181	5579
3641	5580
4670	5581
1855	5582
108	5583
5836	5584
1186	5585
6220	5586
3506	5587
2988	5588
1636	5589
1812	5590
6971	5591
1559	5592
487	5593
6855	5594
4135	5595
5168	5596
1893	5597
764	5598
354	5599
1356	5600
6474	5601
6214	5602
3403	5603
2483	5604
296	5605
5298	5606
1444	5607
1326	5608
969	5609
7130	5610
2226	5611
1923	5612
32	5613
6894	5614
100	5615
967	5616
3518	5617
2523	5618
3249	5619
2424	5620
1755	5621
1895	5622
536	5623
159	5624
439	5625
3993	5626
701	5627
5171	5628
194	5629
6094	5630
3891	5631
6985	5632
5501	5633
1645	5634
1691	5635
905	5636
1416	5637
899	5638
808	5639
875	5640
6793	5641
3248	5642
735	5643
283	5644
6235	5645
2819	5646
4242	5647
5361	5648
4401	5649
4254	5650
736	5651
5902	5652
5722	5653
3265	5654
6535	5655
681	5656
5112	5657
1350	5658
297	5659
1396	5660
995	5661
7309	5662
7499	5663
1422	5664
6577	5665
1301	5666
6417	5667
5044	5668
24	5669
32	5670
3226	5671
13	5672
6326	5673
269	5674
2482	5675
1527	5676
6994	5677
3995	5678
6164	5679
5635	5680
2341	5681
2813	5682
6615	5683
1508	5684
2486	5685
316	5686
1231	5687
998	5688
894	5689
6737	5690
1609	5691
4123	5692
7023	5693
983	5694
5588	5695
3571	5696
4778	5697
4466	5698
3690	5699
1120	5700
6186	5701
2080	5702
6060	5703
7484	5704
875	5705
38	5706
5647	5707
4213	5708
275	5709
47	5710
1684	5711
5770	5712
6582	5713
202	5714
3	5715
205	5716
4141	5717
3988	5718
637	5719
2205	5720
1530	5721
1348	5722
4200	5723
21	5724
4696	5725
60	5726
7079	5727
1976	5728
3659	5729
5829	5730
557	5731
3877	5732
5946	5733
7167	5734
873	5735
1520	5736
7762	5737
6578	5738
18	5739
1225	5740
21	5741
197	5742
6394	5743
1757	5744
4111	5745
4	5746
6776	5747
310	5748
5701	5749
8	5750
1177	5751
3259	5752
6637	5753
358	5754
87	5755
35	5756
7407	5757
2776	5758
4001	5759
7070	5760
2906	5761
575	5762
110	5763
6044	5764
5667	5765
4210	5766
413	5767
859	5768
3365	5769
2462	5770
7000	5771
2669	5772
5806	5773
3026	5774
5850	5775
681	5776
395	5777
835	5778
827	5779
187	5780
298	5781
630	5782
5084	5783
446	5784
3656	5785
3399	5786
266	5787
1415	5788
4809	5789
1222	5790
1338	5791
5977	5792
3474	5793
6167	5794
6797	5795
6210	5796
1307	5797
655	5798
281	5799
215	5800
24	5801
6073	5802
312	5803
4460	5804
5839	5805
357	5806
4490	5807
3022	5808
1359	5809
3955	5810
2766	5811
1215	5812
5225	5813
2346	5814
3289	5815
5790	5816
4757	5817
1075	5818
3096	5819
1332	5820
1766	5821
155	5822
1364	5823
319	5824
668	5825
18	5826
403	5827
4890	5828
6207	5829
5071	5830
6467	5831
270	5832
1044	5833
3273	5834
3326	5835
3587	5836
6070	5837
844	5838
2561	5839
2785	5840
1171	5841
1685	5842
6140	5843
1818	5844
4134	5845
271	5846
789	5847
1205	5848
94	5849
5999	5850
495	5851
5916	5852
146	5853
1053	5854
2734	5855
938	5856
1110	5857
6040	5858
7631	5859
2219	5860
4949	5861
871	5862
72	5863
7518	5864
6146	5865
6071	5866
4861	5867
1230	5868
2644	5869
373	5870
1438	5871
3614	5872
645	5873
538	5874
5697	5875
247	5876
2300	5877
782	5878
5974	5879
3366	5880
115	5881
5304	5882
7512	5883
4678	5884
246	5885
592	5886
113	5887
7276	5888
127	5889
416	5890
156	5891
3274	5892
170	5893
369	5894
1438	5895
408	5896
704	5897
6504	5898
31	5899
4289	5900
3922	5901
3405	5902
7028	5903
3894	5904
1201	5905
6367	5906
2681	5907
5672	5908
4429	5909
5837	5910
7	5911
2663	5912
3628	5913
3787	5914
2244	5915
7602	5916
3723	5917
795	5918
564	5919
4080	5920
3414	5921
790	5922
4956	5923
2444	5924
49	5925
5761	5926
3635	5927
1320	5928
6895	5929
1572	5930
1403	5931
5442	5932
3824	5933
6791	5934
6076	5935
2348	5936
67	5937
2733	5938
1363	5939
5437	5940
588	5941
7599	5942
856	5943
5735	5944
6085	5945
6270	5946
3908	5947
5822	5948
2846	5949
5825	5950
4512	5951
4496	5952
148	5953
1741	5954
132	5955
3028	5956
1934	5957
1336	5958
474	5959
4110	5960
29	5961
6065	5962
7344	5963
1783	5964
1135	5965
85	5966
209	5967
1460	5968
3802	5969
7464	5970
4044	5971
129	5972
1137	5973
4998	5974
1785	5975
360	5976
6722	5977
646	5978
1080	5979
191	5980
351	5981
56	5982
4005	5983
5082	5984
7391	5985
223	5986
887	5987
494	5988
121	5989
1212	5990
3206	5991
10	5992
3755	5993
2741	5994
5965	5995
2568	5996
2325	5997
2603	5998
5154	5999
788	6000
6987	6001
552	6002
3236	6003
6868	6004
6509	6005
673	6006
903	6007
1119	6008
1467	6009
7431	6010
4143	6011
880	6012
126	6013
5099	6014
6744	6015
1167	6016
1576	6017
7258	6018
6844	6019
1585	6020
6729	6021
1488	6022
7133	6023
7524	6024
7143	6025
2173	6026
7640	6027
204	6028
2997	6029
752	6030
5362	6031
1339	6032
4552	6033
4171	6034
80	6035
3256	6036
5745	6037
1933	6038
971	6039
278	6040
3855	6041
3125	6042
4863	6043
518	6044
3525	6045
5095	6046
4749	6047
2119	6048
1573	6049
3896	6050
57	6051
4804	6052
456	6053
2577	6054
2656	6055
2532	6056
1285	6057
1285	6058
7152	6059
7377	6060
2148	6061
2579	6062
62	6063
3361	6064
801	6065
1122	6066
5191	6067
166	6068
5589	6069
5312	6070
6424	6071
528	6072
929	6073
2277	6074
7304	6075
4887	6076
36	6077
6931	6078
6921	6079
7787	6080
1	6081
62	6082
2682	6083
755	6084
2016	6085
2841	6086
2233	6087
7563	6088
4979	6089
6317	6090
942	6091
6773	6092
7424	6093
2953	6094
1294	6095
476	6096
3598	6097
2347	6098
1297	6099
6597	6100
4444	6101
7039	6102
5370	6103
3391	6104
281	6105
6979	6106
1084	6107
11	6108
5598	6109
3547	6110
3436	6111
302	6112
1750	6113
5628	6114
1019	6115
4442	6116
401	6117
869	6118
3574	6119
6024	6120
418	6121
3270	6122
2865	6123
65	6124
181	6125
2076	6126
965	6127
1421	6128
6134	6129
1136	6130
496	6131
3038	6132
7450	6133
1428	6134
333	6135
1463	6136
7565	6137
3626	6138
6699	6139
6226	6140
1093	6141
373	6142
3057	6143
7417	6144
3769	6145
885	6146
6300	6147
1416	6148
1373	6149
6720	6150
1398	6151
29	6152
1991	6153
1451	6154
7360	6155
2518	6156
2921	6157
7725	6158
3689	6159
2488	6160
1120	6161
1304	6162
5460	6163
212	6164
7435	6165
5557	6166
6074	6167
230	6168
367	6169
2588	6170
582	6171
370	6172
4950	6173
3710	6174
3350	6175
1474	6176
190	6177
4875	6178
1165	6179
5781	6180
6051	6181
5126	6182
891	6183
376	6184
295	6185
6216	6186
272	6187
2594	6188
6493	6189
1642	6190
77	6191
6099	6192
4184	6193
7546	6194
6056	6195
1253	6196
4305	6197
3380	6198
2687	6199
4177	6200
5329	6201
3427	6202
3873	6203
142	6204
591	6205
882	6206
799	6207
5459	6208
133	6209
2418	6210
5551	6211
405	6212
2359	6213
6098	6214
4099	6215
1162	6216
1461	6217
7402	6218
6014	6219
617	6220
5853	6221
2149	6222
3543	6223
3074	6224
1899	6225
2871	6226
4944	6227
5997	6228
3501	6229
3938	6230
6690	6231
1476	6232
4781	6233
546	6234
1462	6235
428	6236
490	6237
768	6238
4532	6239
5610	6240
7302	6241
2832	6242
3081	6243
2404	6244
2550	6245
2999	6246
759	6247
3290	6248
3957	6249
702	6250
3154	6251
2688	6252
1061	6253
1784	6254
414	6255
2497	6256
2557	6257
3192	6258
2611	6259
218	6260
4472	6261
4507	6262
2534	6263
1090	6264
3333	6265
2803	6266
757	6267
1382	6268
2623	6269
2009	6270
4059	6271
4712	6272
111	6273
5037	6274
4115	6275
7509	6276
628	6277
7321	6278
3736	6279
218	6280
448	6281
4593	6282
4415	6283
2068	6284
811	6285
1644	6286
2916	6287
811	6288
3341	6289
2828	6290
2901	6291
776	6292
3644	6293
4992	6294
780	6295
4015	6296
3790	6297
3019	6298
4118	6299
3058	6300
861	6301
863	6302
2118	6303
6545	6304
3170	6305
2642	6306
2864	6307
7585	6308
2622	6309
4675	6310
913	6311
2952	6312
2926	6313
1702	6314
2125	6315
4315	6316
3009	6317
3781	6318
4179	6319
2184	6320
172	6321
4948	6322
1824	6323
1173	6324
648	6325
2466	6326
2945	6327
3225	6328
2524	6329
2275	6330
572	6331
4204	6332
5387	6333
4405	6334
894	6335
2360	6336
4376	6337
391	6338
1053	6339
3890	6340
2615	6341
1889	6342
504	6343
1886	6344
2232	6345
2002	6346
2672	6347
4554	6348
5066	6349
763	6350
2930	6351
3613	6352
1740	6353
1827	6354
4106	6355
4665	6356
974	6357
3731	6358
172	6359
776	6360
135	6361
2387	6362
576	6363
4869	6364
4671	6365
2254	6366
739	6367
4577	6368
4573	6369
620	6370
507	6371
4511	6372
4528	6373
4479	6374
2287	6375
2850	6376
440	6377
860	6378
2467	6379
4112	6380
479	6381
5358	6382
2960	6383
2950	6384
580	6385
2454	6386
6127	6387
1188	6388
797	6389
4233	6390
7390	6391
236	6392
3203	6393
1453	6394
3137	6395
6175	6396
6049	6397
284	6398
6859	6399
5277	6400
6687	6401
1017	6402
2206	6403
1385	6404
5061	6405
2715	6406
2683	6407
1366	6408
388	6409
7452	6410
1014	6411
5376	6412
944	6413
6227	6414
1916	6415
2130	6416
8	6417
3607	6418
3539	6419
4377	6420
784	6421
4331	6422
3979	6423
10	6424
901	6425
3306	6426
30	6427
6991	6428
2318	6429
4049	6430
47	6431
6304	6432
612	6433
1745	6434
5511	6435
3173	6436
632	6437
3519	6438
232	6439
866	6440
7089	6441
3795	6442
5379	6443
3663	6444
1939	6445
6537	6446
27	6447
4971	6448
4885	6449
4032	6450
224	6451
4453	6452
5192	6453
1533	6454
4526	6455
2856	6456
6156	6457
7812	6458
4016	6459
6141	6460
2327	6461
1707	6462
5683	6463
4180	6464
3906	6465
606	6466
2606	6467
1245	6468
4077	6469
4174	6470
39	6471
6719	6472
2304	6473
176	6474
2755	6475
1249	6476
7170	6477
3460	6478
4437	6479
565	6480
5430	6481
4159	6482
5830	6483
4165	6484
2175	6485
4756	6486
6280	6487
2771	6488
342	6489
148	6490
3229	6491
5844	6492
1264	6493
6848	6494
1975	6495
26	6496
3667	6497
883	6498
3159	6499
1304	6500
2458	6501
329	6502
3476	6503
26	6504
45	6505
4609	6506
1547	6507
1901	6508
219	6509
684	6510
143	6511
214	6512
6779	6513
2491	6514
159	6515
1340	6516
4383	6517
152	6518
1215	6519
5877	6520
769	6521
3963	6522
7209	6523
6693	6524
7507	6525
6715	6526
1176	6527
80	6528
4356	6529
3284	6530
7010	6531
3094	6532
5545	6533
384	6534
5879	6535
1978	6536
2155	6537
771	6538
1327	6539
5975	6540
973	6541
7375	6542
1420	6543
2692	6544
1611	6545
3492	6546
6490	6547
4543	6548
6118	6549
1200	6550
1919	6551
895	6552
58	6553
3856	6554
5137	6555
292	6556
3914	6557
525	6558
2401	6559
5924	6560
5951	6561
760	6562
1908	6563
4918	6564
5235	6565
964	6566
1137	6567
264	6568
2553	6569
5890	6570
7353	6571
5311	6572
3507	6573
6103	6574
3156	6575
6571	6576
6602	6577
6954	6578
1390	6579
378	6580
1104	6581
1931	6582
3393	6583
1879	6584
6131	6585
3060	6586
471	6587
1217	6588
752	6589
4199	6590
5788	6591
4246	6592
5263	6593
7259	6594
785	6595
3413	6596
4281	6597
213	6598
968	6599
5856	6600
1284	6601
4133	6602
3859	6603
2398	6604
6387	6605
3652	6606
1197	6607
3629	6608
4322	6609
6833	6610
7427	6611
1185	6612
4731	6613
882	6614
5482	6615
1343	6616
159	6617
1113	6618
6180	6619
5211	6620
168	6621
2273	6622
2967	6623
4673	6624
6679	6625
6565	6626
2157	6627
625	6628
5350	6629
4114	6630
1110	6631
2511	6632
618	6633
1572	6634
4987	6635
1638	6636
338	6637
6610	6638
7123	6639
1626	6640
6665	6641
2393	6642
7543	6643
2490	6644
3335	6645
5000	6646
7802	6647
237	6648
4569	6649
3448	6650
181	6651
2162	6652
69	6653
1149	6654
5264	6655
619	6656
5356	6657
6920	6658
5419	6659
3985	6660
1403	6661
4474	6662
3529	6663
1003	6664
1413	6665
2929	6666
473	6667
3141	6668
432	6669
331	6670
5269	6671
1142	6672
439	6673
781	6674
5791	6675
5581	6676
2942	6677
469	6678
7770	6679
4203	6680
2576	6681
2596	6682
915	6683
5650	6684
19	6685
2356	6686
5469	6687
42	6688
4763	6689
7026	6690
6386	6691
2083	6692
832	6693
1970	6694
543	6695
5702	6696
151	6697
1634	6698
2179	6699
3268	6700
4083	6701
32	6702
778	6703
117	6704
5	6705
3798	6706
3683	6707
6297	6708
6505	6709
206	6710
93	6711
1373	6712
1625	6713
1012	6714
4960	6715
927	6716
6402	6717
6319	6718
4633	6719
2915	6720
858	6721
4247	6722
3261	6723
1313	6724
2456	6725
1723	6726
6648	6727
4241	6728
2029	6729
3135	6730
1481	6731
7118	6732
7090	6733
2812	6734
1308	6735
1205	6736
1316	6737
1269	6738
7284	6739
4332	6740
1085	6741
557	6742
5914	6743
545	6744
5679	6745
2909	6746
464	6747
3841	6748
5046	6749
762	6750
3998	6751
455	6752
2258	6753
1035	6754
6213	6755
295	6756
1353	6757
6121	6758
5434	6759
5090	6760
916	6761
6259	6762
5612	6763
865	6764
104	6765
2747	6766
5608	6767
6953	6768
3212	6769
217	6770
262	6771
1773	6772
4076	6773
3983	6774
4529	6775
3897	6776
2640	6777
445	6778
1075	6779
7129	6780
7327	6781
4379	6782
371	6783
1311	6784
371	6785
209	6786
1091	6787
2131	6788
6021	6789
950	6790
1825	6791
7394	6792
2413	6793
3609	6794
3115	6795
3375	6796
266	6797
6112	6798
4787	6799
2054	6800
202	6801
133	6802
2107	6803
3087	6804
830	6805
7638	6806
3149	6807
5048	6808
390	6809
7678	6810
5952	6811
723	6812
2321	6813
6911	6814
855	6815
3725	6816
3526	6817
556	6818
1620	6819
260	6820
260	6821
2679	6822
2383	6823
5028	6824
5241	6825
3750	6826
7540	6827
6457	6828
5664	6829
376	6830
4495	6831
694	6832
1501	6833
5416	6834
944	6835
2420	6836
5911	6837
778	6838
297	6839
1701	6840
841	6841
1484	6842
3232	6843
7421	6844
1594	6845
2894	6846
1682	6847
6974	6848
4836	6849
252	6850
12	6851
2517	6852
5023	6853
478	6854
5	6855
4825	6856
3902	6857
3532	6858
4301	6859
2941	6860
2986	6861
467	6862
3844	6863
4734	6864
2895	6865
1083	6866
4741	6867
6878	6868
2913	6869
38	6870
7203	6871
2959	6872
5406	6873
769	6874
4361	6875
3697	6876
910	6877
4900	6878
7487	6879
6449	6880
6206	6881
5035	6882
7401	6883
1202	6884
4538	6885
4575	6886
4248	6887
6618	6888
5179	6889
379	6890
6853	6891
5250	6892
241	6893
879	6894
2806	6895
3447	6896
532	6897
7315	6898
4702	6899
1510	6900
1050	6901
9	6902
4046	6903
902	6904
2414	6905
2821	6906
984	6907
2364	6908
6704	6909
949	6910
3949	6911
838	6912
1617	6913
2537	6914
5157	6915
6805	6916
1159	6917
5821	6918
746	6919
4873	6920
2095	6921
3000	6922
2939	6923
144	6924
4768	6925
851	6926
4769	6927
7618	6928
5843	6929
2824	6930
335	6931
6410	6932
7054	6933
6897	6934
1108	6935
6721	6936
4481	6937
7653	6938
44	6939
3011	6940
5116	6941
423	6942
7072	6943
6430	6944
5823	6945
199	6946
4288	6947
2234	6948
347	6949
1511	6950
5454	6951
654	6952
4509	6953
1694	6954
5404	6955
7607	6956
3565	6957
214	6958
2331	6959
2676	6960
368	6961
3189	6962
251	6963
2784	6964
2487	6965
7617	6966
5151	6967
3588	6968
1710	6969
5330	6970
7014	6971
7215	6972
5661	6973
4310	6974
4397	6975
131	6976
1118	6977
5339	6978
4054	6979
877	6980
147	6981
1387	6982
6553	6983
1569	6984
3916	6985
2778	6986
7340	6987
4530	6988
1446	6989
3842	6990
999	6991
6369	6992
5571	6993
573	6994
4661	6995
2288	6996
2171	6997
1133	6998
2394	6999
2754	7000
1170	7001
829	7002
1759	7003
3123	7004
7706	7005
4024	7006
6854	7007
6395	7008
5210	7009
158	7010
5206	7011
4783	7012
163	7013
775	7014
1503	7015
5134	7016
7330	7017
682	7018
770	7019
1047	7020
2415	7021
4867	7022
411	7023
5536	7024
1022	7025
6039	7026
4124	7027
7069	7028
201	7029
6739	7030
5252	7031
948	7032
6461	7033
6519	7034
105	7035
7049	7036
7570	7037
4724	7038
4027	7039
2430	7040
10	7041
4733	7042
1074	7043
666	7044
717	7045
4480	7046
7251	7047
6583	7048
3224	7049
104	7050
2188	7051
2396	7052
1667	7053
5564	7054
601	7055
1157	7056
3960	7057
41	7058
287	7059
4531	7060
3475	7061
1652	7062
1349	7063
4065	7064
4972	7065
267	7066
4492	7067
3880	7068
3063	7069
2333	7070
5928	7071
4566	7072
5759	7073
429	7074
207	7075
2726	7076
374	7077
6019	7078
4018	7079
1472	7080
4771	7081
839	7082
3764	7083
463	7084
3473	7085
480	7086
7370	7087
5753	7088
4820	7089
2599	7090
1518	7091
2316	7092
1487	7093
4639	7094
1055	7095
121	7096
1965	7097
138	7098
7740	7099
5614	7100
3408	7101
4013	7102
1483	7103
568	7104
58	7105
6801	7106
165	7107
6956	7108
6564	7109
6940	7110
6313	7111
2469	7112
7085	7113
7141	7114
7080	7115
5573	7116
7043	7117
6330	7118
1452	7119
5805	7120
5893	7121
6305	7122
4186	7123
6963	7124
5885	7125
7084	7126
212	7127
4819	7128
47	7129
3615	7130
1288	7131
5927	7132
1086	7133
5725	7134
80	7135
731	7136
728	7137
1310	7138
4089	7139
7471	7140
4090	7141
308	7142
1445	7143
7256	7144
5651	7145
497	7146
6264	7147
1332	7148
1210	7149
545	7150
6110	7151
6675	7152
1888	7153
199	7154
7188	7155
5941	7156
3429	7157
923	7158
6568	7159
805	7160
6961	7161
79	7162
754	7163
514	7164
600	7165
899	7166
4751	7167
63	7168
2807	7169
3851	7170
141	7171
4937	7172
383	7173
2977	7174
616	7175
50	7176
508	7177
1912	7178
4964	7179
1938	7180
674	7181
3004	7182
6278	7183
4742	7184
955	7185
1394	7186
3051	7187
394	7188
195	7189
3292	7190
3389	7191
5630	7192
4515	7193
2728	7194
5671	7195
7184	7196
7201	7197
28	7198
3763	7199
1544	7200
103	7201
5486	7202
6343	7203
7218	7204
5904	7205
649	7206
78	7207
149	7208
4584	7209
1284	7210
741	7211
7183	7212
381	7213
3932	7214
7670	7215
7744	7216
1533	7217
1360	7218
7120	7219
6265	7220
5920	7221
460	7222
1530	7223
3544	7224
340	7225
1169	7226
234	7227
5221	7228
5488	7229
185	7230
5453	7231
1412	7232
247	7233
5483	7234
7140	7235
5913	7236
7096	7237
3541	7238
7173	7239
5915	7240
1087	7241
6478	7242
343	7243
6932	7244
4717	7245
613	7246
415	7247
6037	7248
1127	7249
431	7250
4064	7251
516	7252
1000	7253
3421	7254
6418	7255
1434	7256
5328	7257
6303	7258
7404	7259
200	7260
272	7261
4309	7262
6998	7263
7703	7264
7749	7265
6560	7266
5190	7267
5559	7268
1374	7269
1172	7270
7220	7271
7196	7272
305	7273
7381	7274
1947	7275
7329	7276
4236	7277
5233	7278
5386	7279
10	7280
1454	7281
629	7282
4366	7283
2239	7284
6701	7285
7652	7286
3686	7287
976	7288
6539	7289
4183	7290
1457	7291
1524	7292
5193	7293
7449	7294
4457	7295
3711	7296
4423	7297
1395	7298
2820	7299
6115	7300
567	7301
7805	7302
6413	7303
5737	7304
537	7305
5658	7306
3305	7307
5819	7308
5409	7309
7654	7310
5867	7311
265	7312
4039	7313
2535	7314
107	7315
4097	7316
6357	7317
4868	7318
6517	7319
1513	7320
145	7321
3163	7322
6732	7323
6277	7324
1662	7325
1568	7326
4448	7327
6482	7328
1067	7329
7163	7330
7337	7331
1532	7332
2780	7333
1927	7334
6691	7335
706	7336
432	7337
833	7338
3307	7339
1233	7340
1501	7341
2463	7342
5202	7343
1050	7344
6904	7345
3746	7346
1266	7347
1554	7348
1037	7349
6831	7350
4862	7351
685	7352
3703	7353
5309	7354
2440	7355
3819	7356
3766	7357
628	7358
253	7359
437	7360
6786	7361
4821	7362
5622	7363
2791	7364
1112	7365
3503	7366
7463	7367
6281	7368
1125	7369
5257	7370
354	7371
5648	7372
794	7373
5248	7374
2374	7375
5491	7376
226	7377
261	7378
2313	7379
4108	7380
989	7381
4542	7382
1288	7383
5316	7384
6029	7385
2438	7386
1198	7387
6057	7388
5001	7389
2353	7390
180	7391
1103	7392
953	7393
569	7394
3443	7395
3838	7396
2293	7397
4553	7398
3015	7399
6990	7400
5173	7401
3446	7402
240	7403
854	7404
23	7405
3810	7406
2605	7407
468	7408
3918	7409
3129	7410
792	7411
1106	7412
1531	7413
1963	7414
5673	7415
5324	7416
5906	7417
4162	7418
992	7419
4788	7420
1772	7421
1271	7422
327	7423
512	7424
1012	7425
7179	7426
1068	7427
7	7428
2182	7429
7	7430
5863	7431
2044	7432
6050	7433
3563	7434
4285	7435
2635	7436
74	7437
2433	7438
1464	7439
1294	7440
732	7441
1423	7442
2849	7443
1314	7444
1218	7445
11	7446
5803	7447
5243	7448
3994	7449
688	7450
764	7451
2513	7452
4372	7453
2101	7454
912	7455
50	7456
734	7457
3984	7458
3648	7459
6137	7460
1093	7461
5859	7462
2674	7463
2931	7464
341	7465
604	7466
3090	7467
892	7468
4	7469
237	7470
666	7471
3251	7472
6916	7473
7777	7474
6392	7475
4337	7476
89	7477
928	7478
4813	7479
797	7480
1293	7481
1182	7482
3726	7483
5303	7484
3552	7485
7648	7486
3440	7487
471	7488
943	7489
536	7490
718	7491
766	7492
31	7493
1129	7494
2869	7495
6362	7496
475	7497
6742	7498
5940	7499
6887	7500
1633	7501
4458	7502
686	7503
1218	7504
6760	7505
527	7506
7137	7507
451	7508
4328	7509
5032	7510
1361	7511
1181	7512
823	7513
382	7514
1243	7515
5540	7516
3155	7517
2779	7518
618	7519
1482	7520
669	7521
303	7522
2593	7523
1526	7524
4047	7525
6166	7526
2001	7527
379	7528
5546	7529
4786	7530
153	7531
6652	7532
73	7533
942	7534
6179	7535
699	7536
4360	7537
5432	7538
320	7539
1256	7540
4155	7541
757	7542
443	7543
5308	7544
120	7545
2113	7546
3324	7547
1574	7548
5186	7549
5595	7550
2545	7551
3852	7552
3962	7553
353	7554
1359	7555
3313	7556
5159	7557
3296	7558
277	7559
600	7560
61	7561
755	7562
608	7563
5691	7564
683	7565
1220	7566
3843	7567
4800	7568
5645	7569
2884	7570
1279	7571
3722	7572
1312	7573
5274	7574
1754	7575
4780	7576
2508	7577
4911	7578
1023	7579
2012	7580
4807	7581
1835	7582
2123	7583
522	7584
7466	7585
5715	7586
177	7587
1344	7588
5018	7589
187	7590
5389	7591
4660	7592
5058	7593
45	7594
2443	7595
412	7596
1509	7597
1436	7598
1286	7599
1352	7600
1279	7601
111	7602
56	7603
7531	7604
173	7605
1318	7606
331	7607
1061	7608
711	7609
2081	7610
1706	7611
180	7612
1101	7613
692	7614
4393	7615
7364	7616
196	7617
6168	7618
898	7619
2340	7620
503	7621
1808	7622
4455	7623
394	7624
654	7625
198	7626
4230	7627
897	7628
6333	7629
323	7630
6289	7631
6196	7632
1608	7633
7025	7634
4634	7635
4497	7636
1133	7637
5835	7638
1955	7639
5586	7640
1419	7641
3942	7642
1944	7643
687	7644
5081	7645
5506	7646
2526	7647
922	7648
284	7649
818	7650
400	7651
6470	7652
1198	7653
7514	7654
5973	7655
6307	7656
7237	7657
2689	7658
3623	7659
990	7660
83	7661
1057	7662
6929	7663
4428	7664
1405	7665
867	7666
5415	7667
5600	7668
4068	7669
2660	7670
1268	7671
7022	7672
3882	7673
1234	7674
560	7675
1331	7676
3451	7677
3540	7678
1553	7679
4824	7680
3199	7681
7212	7682
252	7683
4190	7684
9	7685
1598	7686
3661	7687
3275	7688
848	7689
4318	7690
7338	7691
7665	7692
2445	7693
2722	7694
6011	7695
258	7696
1564	7697
1681	7698
4931	7699
2868	7700
6119	7701
6274	7702
294	7703
707	7704
245	7705
5799	7706
61	7707
225	7708
4560	7709
1618	7710
3624	7711
4991	7712
1813	7713
387	7714
392	7715
2961	7716
1770	7717
6516	7718
679	7719
4252	7720
6426	7721
37	7722
182	7723
347	7724
5686	7725
6884	7726
4192	7727
12	7728
274	7729
1676	7730
6282	7731
727	7732
651	7733
1072	7734
5865	7735
1072	7736
7663	7737
893	7738
3791	7739
5538	7740
4897	7741
1249	7742
243	7743
620	7744
636	7745
5011	7746
1649	7747
1078	7748
1011	7749
4092	7750
1082	7751
1513	7752
1847	7753
1953	7754
89	7755
563	7756
6340	7757
1151	7758
1567	7759
1088	7760
485	7761
4142	7762
3435	7763
5150	7764
6937	7765
3849	7766
843	7767
4274	7768
180	7769
5572	7770
881	7771
237	7772
5751	7773
4191	7774
729	7775
878	7776
1365	7777
186	7778
144	7779
3595	7780
7216	7781
3572	7782
4380	7783
991	7784
5031	7785
6393	7786
3688	7787
1025	7788
1088	7789
7425	7790
1027	7791
2294	7792
5775	7793
271	7794
349	7795
3040	7796
5388	7797
5194	7798
816	7799
4163	7800
5266	7801
703	7802
1144	7803
79	7804
4517	7805
7282	7806
1	7807
7742	7808
1	7809
1107	7810
227	7811
7723	7812
708	7813
101	7814
864	7815
4513	7816
6524	7817
3505	7818
751	7819
45	7820
941	7821
717	7822
5963	7823
2872	7824
3965	7825
1546	7826
2874	7827
398	7828
6079	7829
5355	7830
5196	7831
3919	7832
1357	7833
4537	7834
716	7835
5948	7836
1558	7837
5106	7838
3980	7839
2703	7840
137	7841
5069	7842
4060	7843
212	7844
4262	7845
1521	7846
844	7847
601	7848
2230	7849
892	7850
7418	7851
7692	7852
4680	7853
3085	7854
2334	7855
922	7856
2739	7857
1270	7858
2634	7859
1896	7860
656	7861
7176	7862
5752	7863
2366	7864
1466	7865
7656	7866
6120	7867
5579	7868
6696	7869
759	7870
5085	7871
2641	7872
7769	7873
224	7874
337	7875
1810	7876
2038	7877
4334	7878
123	7879
347	7880
5228	7881
4871	7882
2172	7883
2586	7884
96	7885
3951	7886
2575	7887
2604	7888
1295	7889
3510	7890
5816	7891
257	7892
92	7893
6096	7894
7238	7895
2271	7896
2193	7897
3097	7898
2881	7899
3352	7900
5523	7901
200	7902
5618	7903
7127	7904
6860	7905
890	7906
1052	7907
1477	7908
4010	7909
4278	7910
2761	7911
2246	7912
3777	7913
6820	7914
162	7915
5473	7916
5447	7917
274	7918
977	7919
1179	7920
3120	7921
498	7922
1159	7923
2787	7924
85	7925
767	7926
1322	7927
330	7928
1216	7929
3108	7930
3412	7931
3910	7932
826	7933
246	7934
6824	7935
1240	7936
3485	7937
3422	7938
2510	7939
1744	7940
1424	7941
5291	7942
7161	7943
449	7944
6908	7945
5876	7946
1519	7947
7305	7948
4849	7949
312	7950
1187	7951
7426	7952
1350	7953
2368	7954
6626	7955
304	7956
1418	7957
810	7958
4583	7959
919	7960
221	7961
5130	7962
7420	7963
1134	7964
221	7965
285	7966
1248	7967
1465	7968
5535	7969
328	7970
4585	7971
7629	7972
572	7973
5476	7974
238	7975
495	7976
2261	7977
4468	7978
2878	7979
5561	7980
637	7981
7299	7982
2591	7983
404	7984
2280	7985
22	7986
1274	7987
3235	7988
6500	7989
5706	7990
7199	7991
4140	7992
6444	7993
2335	7994
6380	7995
7806	7996
2057	7997
1212	7998
513	7999
2163	8000
6268	8001
7693	8002
4250	8003
1654	8004
2270	8005
2399	8006
5699	8007
6880	8008
6589	8009
6743	8010
7443	8011
864	8012
7053	8013
5051	8014
314	8015
1	8016
589	8017
6689	8018
7675	8019
1462	8020
334	8021
1009	8022
7708	8023
631	8024
1131	8025
5558	8026
4489	8027
2392	8028
229	8029
1195	8030
1123	8031
3545	8032
1870	8033
1013	8034
359	8035
501	8036
921	8037
4221	8038
5944	8039
1619	8040
6488	8041
6466	8042
2617	8043
1095	8044
6585	8045
1141	8046
6810	8047
4927	8048
1028	8049
773	8050
2201	8051
7151	8052
2992	8053
5757	8054
2100	8055
4701	8056
934	8057
2880	8058
1790	8059
2970	8060
7027	8061
2090	8062
318	8063
4792	8064
2317	8065
5326	8066
2661	8067
7626	8068
452	8069
116	8070
1315	8071
1768	8072
6658	8073
591	8074
7726	8075
2613	8076
4580	8077
117	8078
993	8079
7686	8080
5568	8081
5900	8082
6678	8083
5605	8084
4928	8085
57	8086
5431	8087
2500	8088
923	8089
6563	8090
3958	8091
972	8092
4926	8093
5688	8094
1043	8095
3132	8096
2349	8097
660	8098
5827	8099
3321	8100
886	8101
2972	8102
4270	8103
6159	8104
3480	8105
7362	8106
2181	8107
4109	8108
1395	8109
806	8110
4784	8111
2944	8112
2306	8113
984	8114
189	8115
2932	8116
256	8117
842	8118
5184	8119
4456	8120
171	8121
1246	8122
1506	8123
301	8124
4541	8125
522	8126
52	8127
2303	8128
1550	8129
581	8130
7604	8131
5056	8132
338	8133
4026	8134
4555	8135
303	8136
210	8137
1007	8138
6018	8139
336	8140
1132	8141
6814	8142
1041	8143
6795	8144
2768	8145
779	8146
6830	8147
3805	8148
1353	8149
7801	8150
219	8151
2922	8152
2416	8153
3190	8154
4656	8155
2047	8156
960	8157
6356	8158
1018	8159
5897	8160
1668	8161
6197	8162
1440	8163
7335	8164
5910	8165
3030	8166
552	8167
2573	8168
6421	8169
1371	8170
1143	8171
7359	8172
414	8173
737	8174
658	8175
6221	8176
4386	8177
291	8178
4131	8179
5407	8180
3437	8181
6468	8182
7530	8183
459	8184
1046	8185
731	8186
1363	8187
255	8188
321	8189
4320	8190
3636	8191
4303	8192
2134	8193
437	8194
6174	8195
1328	8196
2570	8197
5855	8198
4178	8199
3658	8200
6684	8201
5059	8202
747	8203
1480	8204
901	8205
7704	8206
3730	8207
7279	8208
407	8209
6670	8210
7516	8211
2720	8212
11	8213
6993	8214
4676	8215
945	8216
2063	8217
1196	8218
4128	8219
506	8220
5824	8221
3801	8222
1758	8223
860	8224
1573	8225
320	8226
4029	8227
2229	8228
3732	8229
6004	8230
7477	8231
1317	8232
364	8233
1364	8234
3241	8235
5472	8236
6406	8237
7768	8238
7458	8239
2834	8240
1090	8241
6910	8242
796	8243
2159	8244
6154	8245
74	8246
1536	8247
4	8248
1543	8249
1468	8250
6656	8251
7178	8252
4961	8253
82	8254
193	8255
4969	8256
239	8257
2	8258
7006	8259
791	8260
744	8261
488	8262
4558	8263
1240	8264
4292	8265
927	8266
2084	8267
316	8268
1300	8269
64	8270
504	8271
1203	8272
2562	8273
4544	8274
2616	8275
2948	8276
1860	8277
1480	8278
3220	8279
2536	8280
535	8281
147	8282
5425	8283
373	8284
646	8285
7528	8286
5423	8287
132	8288
1537	8289
7154	8290
377	8291
3369	8292
3815	8293
6460	8294
7380	8295
4999	8296
375	8297
20	8298
1392	8299
5161	8300
1010	8301
1296	8302
5748	8303
6554	8304
1326	8305
2800	8306
2981	8307
3050	8308
7115	8309
3707	8310
1450	8311
5050	8312
2010	8313
3814	8314
2380	8315
3826	8316
3458	8317
1360	8318
1481	8319
6600	8320
1515	8321
6246	8322
5403	8323
7668	8324
7399	8325
2860	8326
352	8327
6570	8328
1289	8329
3821	8330
3357	8331
6336	8332
1333	8333
1459	8334
1374	8335
503	8336
1659	8337
56	8338
5820	8339
502	8340
6123	8341
2361	8342
4196	8343
2072	8344
1261	8345
2610	8346
3865	8347
4657	8348
3577	8349
3382	8350
7683	8351
6067	8352
223	8353
7423	8354
5528	8355
4031	8356
6561	8357
6957	8358
5452	8359
7326	8360
2835	8361
3950	8362
3298	8363
4629	8364
6165	8365
6204	8366
2829	8367
1321	8368
6514	8369
810	8370
3758	8371
6849	8372
3508	8373
206	8374
5014	8375
2859	8376
279	8377
6803	8378
1378	8379
6586	8380
1629	8381
5657	8382
3845	8383
2809	8384
294	8385
4744	8386
2975	8387
173	8388
1232	8389
7474	8390
3739	8391
7475	8392
5057	8393
3420	8394
128	8395
993	8396
5203	8397
357	8398
5520	8399
6299	8400
1426	8401
4074	8402
5525	8403
821	8404
4773	8405
1433	8406
1392	8407
7583	8408
4603	8409
2918	8410
5332	8411
14	8412
2956	8413
7083	8414
1495	8415
1734	8416
3035	8417
514	8418
7666	8419
4549	8420
6332	8421
4389	8422
6234	8423
2227	8424
3126	8425
841	8426
150	8427
3589	8428
920	8429
2686	8430
3195	8431
2336	8432
2796	8433
6469	8434
7009	8435
1966	8436
2650	8437
5852	8438
1303	8439
1096	8440
2560	8441
6082	8442
1273	8443
92	8444
5763	8445
3228	8446
5464	8447
1981	8448
3110	8449
435	8450
3546	8451
464	8452
6109	8453
6423	8454
310	8455
526	8456
1838	8457
2180	8458
2408	8459
3680	8460
204	8461
6086	8462
1206	8463
2223	8464
221	8465
286	8466
2039	8467
2103	8468
4061	8469
7246	8470
7094	8471
1729	8472
2265	8473
1735	8474
5704	8475
3850	8476
201	8477
6643	8478
5849	8479
176	8480
6620	8481
4630	8482
7623	8483
961	8484
3905	8485
15	8486
4740	8487
302	8488
4335	8489
5621	8490
904	8491
40	8492
937	8493
1158	8494
13	8495
126	8496
946	8497
1345	8498
783	8499
7816	8500
2637	8501
674	8502
331	8503
4908	8504
6298	8505
3024	8506
5652	8507
3675	8508
3685	8509
7568	8510
82	8511
1207	8512
5345	8513
3291	8514
85	8515
7534	8516
287	8517
1905	8518
4710	8519
6069	8520
85	8521
1111	8522
366	8523
228	8524
3161	8525
7542	8526
6359	8527
2240	8528
3497	8529
6787	8530
2262	8531
5163	8532
1586	8533
3917	8534
98	8535
3434	8536
7460	8537
6083	8538
5382	8539
5	8540
1400	8541
1504	8542
325	8543
408	8544
114	8545
1473	8546
7459	8547
4697	8548
6759	8549
4319	8550
3319	8551
712	8552
5908	8553
1920	8554
3334	8555
1006	8556
2897	8557
2646	8558
2499	8559
1414	8560
6416	8561
5178	8562
7707	8563
3778	8564
161	8565
220	8566
1220	8567
736	8568
753	8569
6544	8570
419	8571
444	8572
447	8573
222	8574
4323	8575
24	8576
5238	8577
3895	8578
5769	8579
6153	8580
1079	8581
5183	8582
5185	8583
100	8584
1509	8585
520	8586
354	8587
1006	8588
6147	8589
274	8590
98	8591
6188	8592
15	8593
74	8594
31	8595
818	8596
2883	8597
4086	8598
1122	8599
2177	8600
3076	8601
798	8602
19	8603
3151	8604
5687	8605
3651	8606
3080	8607
4637	8608
1235	8609
6314	8610
4244	8611
317	8612
1271	8613
7746	8614
3727	8615
1386	8616
3025	8617
3363	8618
6376	8619
113	8620
332	8621
5953	8622
3903	8623
2269	8624
2494	8625
3001	8626
7042	8627
5796	8628
5960	8629
7578	8630
4299	8631
6443	8632
4970	8633
2727	8634
19	8635
74	8636
9	8637
740	8638
7405	8639
3136	8640
3183	8641
4095	8642
2749	8643
5804	8644
6882	8645
6010	8646
3238	8647
2127	8648
6694	8649
235	8650
865	8651
409	8652
1427	8653
3674	8654
3780	8655
5289	8656
1001	8657
1062	8658
3323	8659
7075	8660
7731	8661
7071	8662
6645	8663
6952	8664
4889	8665
6988	8666
6989	8667
7809	8668
7795	8669
7066	8670
7641	8671
6316	8672
7226	8673
5583	8674
7319	8675
7034	8676
7191	8677
6661	8678
7596	8679
5532	8680
5669	8681
7227	8682
7193	8683
7077	8684
7680	8685
5026	8686
6302	8687
7535	8688
7097	8689
7186	8690
7679	8691
7696	8692
2521	8693
7441	8694
5800	8695
5377	8696
4158	8697
7082	8698
7158	8699
7355	8700
6818	8701
6654	8702
5907	8703
6821	8704
6532	8705
6977	8706
7486	8707
7192	8708
6965	8709
6866	8710
6420	8711
6978	8712
7677	8713
7148	8714
7126	8715
3396	8716
3012	8717
3515	8718
5903	8719
3146	8720
4720	8721
1048	8722
174	8723
7024	8724
5282	8725
3481	8726
744	8727
3536	8728
4595	8729
3364	8730
378	8731
118	8732
4930	8733
4369	8734
2263	8735
4502	8736
1123	8737
5393	8738
59	8739
987	8740
7135	8741
3597	8742
6266	8743
6107	8744
5871	8745
3754	8746
1114	8747
3811	8748
1447	8749
1726	8750
332	8751
3854	8752
170	8753
15	8754
6095	8755
1512	8756
2192	8757
3166	8758
1039	8759
5755	8760
1144	8761
5200	8762
5029	8763
4564	8764
3358	8765
889	8766
6724	8767
125	8768
3351	8769
81	8770
1020	8771
15	8772
7223	8773
2725	8774
1597	8775
4925	8776
283	8777
374	8778
645	8779
584	8780
375	8781
435	8782
2238	8783
175	8784
4409	8785
1851	8786
6842	8787
5696	8788
590	8789
1909	8790
1036	8791
7165	8792
766	8793
5786	8794
5503	8795
7564	8796
2141	8797
3388	8798
672	8799
4395	8800
1655	8801
51	8802
1345	8803
5817	8804
1252	8805
18	8806
7710	8807
3211	8808
579	8809
6934	8810
730	8811
3987	8812
7221	8813
4017	8814
6295	8815
730	8816
1842	8817
4746	8818
321	8819
6685	8820
3664	8821
593	8822
3371	8823
1267	8824
7008	8825
482	8826
291	8827
6253	8828
3404	8829
6839	8830
2696	8831
7249	8832
5711	8833
5987	8834
656	8835
6975	8836
2903	8837
4683	8838
6951	8839
1864	8840
3401	8841
3021	8842
1381	8843
1381	8844
6767	8845
4527	8846
6736	8847
1764	8848
3610	8849
4218	8850
4040	8851
3312	8852
4425	8853
3892	8854
5517	8855
1603	8856
7383	8857
6459	8858
3837	8859
625	8860
130	8861
1665	8862
6142	8863
4940	8864
385	8865
229	8866
1199	8867
3940	8868
542	8869
88	8870
5942	8871
4359	8872
6321	8873
6503	8874
4826	8875
6802	8876
2352	8877
1525	8878
4214	8879
1219	8880
1140	8881
365	8882
6038	8883
5659	8884
3204	8885
2	8886
1542	8887
4642	8888
4422	8889
2549	8890
5677	8891
189	8892
6442	8893
3130	8894
352	8895
5105	8896
1135	8897
1504	8898
3240	8899
3222	8900
4493	8901
207	8902
1105	8903
164	8904
4774	8905
477	8906
1263	8907
621	8908
5720	8909
665	8910
5212	8911
1087	8912
7224	8913
1529	8914
286	8915
7681	8916
4524	8917
38	8918
7642	8919
2457	8920
303	8921
6534	8922
5063	8923
1153	8924
4842	8925
551	8926
313	8927
6439	8928
5797	8929
1664	8930
734	8931
6756	8932
6452	8933
116	8934
2158	8935
1232	8936
409	8937
5682	8938
970	8939
75	8940
5290	8941
3134	8942
4399	8943
1776	8944
587	8945
872	8946
6628	8947
641	8948
422	8949
1941	8950
370	8951
3231	8952
6547	8953
7815	8954
2912	8955
5768	8956
2752	8957
996	8958
322	8959
547	8960
849	8961
2150	8962
4260	8963
19	8964
1254	8965
5611	8966
1657	8967
2077	8968
5364	8969
5634	8970
1846	8971
561	8972
1287	8973
153	8974
6116	8975
5643	8976
1245	8977
1066	8978
4628	8979
2743	8980
518	8981
492	8982
1115	8983
343	8984
6233	8985
525	8986
2485	8987
2185	8988
239	8989
5253	8990
436	8991
1108	8992
6122	8993
3478	8994
278	8995
4748	8996
5041	8997
2214	8998
2614	8999
1900	9000
2855	9001
1047	9002
7485	9003
4154	9004
203	9005
4364	9006
4130	9007
1160	9008
5638	9009
7128	9010
3470	9011
3423	9012
7074	9013
7385	9014
7592	9015
999	9016
4831	9017
4922	9018
6512	9019
781	9020
6644	9021
2422	9022
1822	9023
1739	9024
715	9025
726	9026
1117	9027
3027	9028
787	9029
4216	9030
5004	9031
3870	9032
2597	9033
433	9034
4166	9035
7308	9036
4336	9037
341	9038
1661	9039
64	9040
6746	9041
6451	9042
3374	9043
2221	9044
5668	9045
6296	9046
1412	9047
4968	9048
6129	9049
6741	9050
511	9051
2071	9052
1857	9053
2742	9054
1094	9055
4892	9056
7632	9057
1233	9058
353	9059
2619	9060
2867	9061
7265	9062
3	9063
7110	9064
141	9065
6256	9066
2971	9067
4410	9068
6436	9069
5227	9070
3325	9071
1224	9072
2062	9073
99	9074
1302	9075
4151	9076
5500	9077
5195	9078
2296	9079
1496	9080
586	9081
6595	9082
5591	9083
1868	9084
7314	9085
4051	9086
2762	9087
4103	9088
454	9089
5875	9090
1428	9091
4012	9092
5684	9093
117	9094
7525	9095
2086	9096
7055	9097
1469	9098
3705	9099
131	9100
3835	9101
5574	9102
6243	9103
4959	9104
165	9105
5471	9106
940	9107
7537	9108
267	9109
802	9110
721	9111
1779	9112
178	9113
6484	9114
7480	9115
1713	9116
4102	9117
7387	9118
2808	9119
491	9120
6774	9121
5613	9122
578	9123
6807	9124
4581	9125
6896	9126
1065	9127
6080	9128
1930	9129
4938	9130
686	9131
1154	9132
896	9133
5086	9134
7688	9135
6943	9136
7045	9137
3084	9138
6575	9139
3438	9140
7247	9141
1798	9142
2253	9143
1942	9144
5245	9145
1391	9146
1163	9147
7267	9148
2823	9149
5123	9150
1305	9151
5392	9152
2365	9153
7547	9154
3535	9155
5496	9156
80	9157
1826	9158
3596	9159
1494	9160
1517	9161
7506	9162
3792	9163
2592	9164
5982	9165
5272	9166
282	9167
457	9168
16	9169
4936	9170
5427	9171
3327	9172
2453	9173
5096	9174
3345	9175
1206	9176
519	9177
1580	9178
1038	9179
5861	9180
2876	9181
7627	9182
178	9183
50	9184
2402	9185
4618	9186
5109	9187
762	9188
1338	9189
684	9190
3643	9191
6	9192
5129	9193
424	9194
3178	9195
3875	9196
4350	9197
6528	9198
4506	9199
198	9200
50	9201
5092	9202
6389	9203
6311	9204
6480	9205
6334	9206
2153	9207
1191	9208
6794	9209
1873	9210
5262	9211
644	9212
6668	9213
4048	9214
1521	9215
2598	9216
5465	9217
2249	9218
4738	9219
1292	9220
3093	9221
6506	9222
2885	9223
3720	9224
4258	9225
5008	9226
3645	9227
3017	9228
4888	9229
1887	9230
90	9231
2858	9232
3330	9233
3625	9234
1539	9235
6494	9236
2814	9237
2053	9238
1	9239
4653	9240
5826	9241
101	9242
5978	9243
6189	9244
3198	9245
4576	9246
1057	9247
351	9248
7720	9249
3046	9250
4886	9251
6190	9252
2199	9253
433	9254
178	9255
1270	9256
1761	9257
603	9258
4290	9259
92	9260
42	9261
169	9262
5398	9263
6124	9264
3886	9265
6800	9266
712	9267
3578	9268
4641	9269
7388	9270
4291	9271
7073	9272
4297	9273
2842	9274
4698	9275
490	9276
874	9277
4921	9278
4905	9279
1743	9280
3128	9281
6660	9282
7601	9283
7351	9284
4605	9285
5009	9286
29	9287
5888	9288
2024	9289
7522	9290
2777	9291
481	9292
213	9293
2423	9294
318	9295
6611	9296
3904	9297
7287	9298
6327	9299
4880	9300
24	9301
7181	9302
6465	9303
1126	9304
5513	9305
7658	9306
1544	9307
3575	9308
355	9309
664	9310
4588	9311
6248	9312
1602	9313
941	9314
6193	9315
6562	9316
3946	9317
4990	9318
1592	9319
166	9320
1548	9321
164	9322
7580	9323
4572	9324
2783	9325
1943	9326
933	9327
5180	9328
5846	9329
3650	9330
7529	9331
1882	9332
1059	9333
6456	9334
551	9335
397	9336
29	9337
1415	9338
5580	9339
77	9340
1211	9341
555	9342
7717	9343
6798	9344
7283	9345
7007	9346
7131	9347
2574	9348
405	9349
4226	9350
4551	9351
900	9352
5470	9353
760	9354
5778	9355
2442	9356
4913	9357
7782	9358
7462	9359
3864	9360
11	9361
1362	9362
2757	9363
1404	9364
362	9365
1029	9366
4406	9367
1492	9368
1924	9369
1143	9370
323	9371
1875	9372
1671	9373
7389	9374
1828	9375
1045	9376
380	9377
3077	9378
42	9379
5088	9380
1366	9381
2284	9382
6879	9383
5958	9384
5188	9385
1200	9386
3381	9387
934	9388
1746	9389
5676	9390
7372	9391
3098	9392
4912	9393
5197	9394
6230	9395
4402	9396
3459	9397
1408	9398
29	9399
1522	9400
1131	9401
1911	9402
4	9403
2011	9404
7100	9405
98	9406
1257	9407
1782	9408
1588	9409
7776	9410
1184	9411
835	9412
1814	9413
1229	9414
624	9415
2096	9416
750	9417
1030	9418
5455	9419
6617	9420
5883	9421
6536	9422
720	9423
1351	9424
5976	9425
3255	9426
366	9427
5905	9428
1021	9429
700	9430
5249	9431
7468	9432
6599	9433
453	9434
34	9435
1265	9436
3655	9437
798	9438
6161	9439
4627	9440
280	9441
7661	9442
3550	9443
7057	9444
6510	9445
4898	9446
678	9447
2376	9448
7414	9449
6365	9450
5793	9451
7800	9452
5522	9453
2129	9454
2645	9455
128	9456
2167	9457
458	9458
2073	9459
215	9460
7757	9461
7	9462
7660	9463
6425	9464
1262	9465
6949	9466
1393	9467
5530	9468
2716	9469
19	9470
229	9471
5390	9472
1081	9473
6683	9474
4161	9475
1058	9476
7406	9477
909	9478
676	9479
5802	9480
2569	9481
82	9482
57	9483
5541	9484
2608	9485
1525	9486
4469	9487
7040	9488
5582	9489
3642	9490
6232	9491
288	9492
940	9493
1372	9494
4818	9495
2854	9496
5624	9497
241	9498
4471	9499
283	9500
6113	9501
7610	9502
3800	9503
356	9504
322	9505
1008	9506
2211	9507
1797	9508
1728	9509
1532	9510
133	9511
4276	9512
6453	9513
6101	9514
3848	9515
7807	9516
6551	9517
5936	9518
7103	9519
2200	9520
1463	9521
7739	9522
2003	9523
4136	9524
5281	9525
1320	9526
1831	9527
7088	9528
4400	9529
1091	9530
6170	9531
4229	9532
839	9533
888	9534
2339	9535
1995	9536
3557	9537
6323	9538
505	9539
1696	9540
4993	9541
574	9542
4392	9543
147	9544
2633	9545
793	9546
3627	9547
4081	9548
1906	9549
5110	9550
856	9551
1389	9552
5338	9553
6325	9554
863	9555
7162	9556
191	9557
1844	9558
3735	9559
1470	9560
1175	9561
3169	9562
943	9563
7698	9564
3208	9565
1505	9566
2620	9567
1731	9568
4677	9569
3621	9570
3452	9571
5998	9572
6682	9573
423	9574
1184	9575
2198	9576
157	9577
1949	9578
4325	9579
4113	9580
1988	9581
5619	9582
248	9583
5043	9584
3171	9585
1990	9586
41	9587
3221	9588
2698	9589
2927	9590
2088	9591
5153	9592
4841	9593
862	9594
96	9595
1193	9596
3244	9597
2451	9598
287	9599
3967	9600
372	9601
43	9602
344	9603
6	9604
3977	9605
417	9606
5383	9607
1242	9608
4272	9609
1290	9610
25	9611
5567	9612
4488	9613
6148	9614
849	9615
3297	9616
2914	9617
908	9618
5080	9619
542	9620
1490	9621
2629	9622
1327	9623
2015	9624
4872	9625
5411	9626
5961	9627
3118	9628
550	9629
3390	9630
4640	9631
3700	9632
7253	9633
4561	9634
1515	9635
6646	9636
4723	9637
2966	9638
4815	9639
3106	9640
5295	9641
1118	9642
1056	9643
7403	9644
1389	9645
3665	9646
1178	9647
6361	9648
4508	9649
6428	9650
3253	9651
7104	9652
5625	9653
2706	9654
1433	9655
130	9656
242	9657
4404	9658
1388	9659
420	9660
7714	9661
5254	9662
5141	9663
3591	9664
2558	9665
3079	9666
2514	9667
7230	9668
6672	9669
1192	9670
7195	9671
4855	9672
6913	9673
6892	9674
2369	9675
4294	9676
4739	9677
6194	9678
7019	9679
1690	9680
3561	9681
3331	9682
55	9683
4808	9684
4491	9685
772	9686
2060	9687
6370	9688
3483	9689
6653	9690
6279	9691
5042	9692
2282	9693
7579	9694
689	9695
689	9696
305	9697
1679	9698
3616	9699
4847	9700
7255	9701
852	9702
4107	9703
3165	9704
488	9705
3336	9706
4063	9707
4534	9708
2753	9709
3482	9710
7523	9711
4689	9712
3303	9713
6733	9714
1683	9715
745	9716
7157	9717
1054	9718
314	9719
1084	9720
6025	9721
5718	9722
2104	9723
1213	9724
4958	9725
1018	9726
662	9727
2699	9728
2449	9729
1380	9730
1222	9731
13	9732
5663	9733
43	9734
5062	9735
2411	9736
328	9737
236	9738
4638	9739
6695	9740
3180	9741
3823	9742
4283	9743
290	9744
4433	9745
1581	9746
7343	9747
5762	9748
7347	9749
18	9750
4626	9751
4101	9752
1356	9753
5954	9754
1436	9755
4910	9756
7747	9757
7759	9758
6938	9759
1928	9760
1190	9761
169	9762
6401	9763
6761	9764
7172	9765
6433	9766
4747	9767
4850	9768
1470	9769
2751	9770
1404	9771
6811	9772
6755	9773
4000	9774
1478	9775
7065	9776
4797	9777
6819	9778
43	9779
4150	9780
3757	9781
223	9782
307	9783
5898	9784
2187	9785
2477	9786
2552	9787
3820	9788
2031	9789
1880	9790
7278	9791
5310	9792
540	9793
742	9794
6310	9795
523	9796
5984	9797
5433	9798
4245	9799
2877	9800
4523	9801
5449	9802
3671	9803
206	9804
5727	9805
5208	9806
1397	9807
5438	9808
3392	9809
5342	9810
2505	9811
2924	9812
740	9813
5695	9814
3272	9815
5378	9816
7456	9817
5299	9818
1562	9819
3743	9820
4729	9821
264	9822
3566	9823
2091	9824
4256	9825
5947	9826
377	9827
135	9828
4050	9829
1004	9830
609	9831
299	9832
485	9833
6881	9834
2907	9835
2312	9836
851	9837
7498	9838
1199	9839
1712	9840
494	9841
3933	9842
1139	9843
4352	9844
4441	9845
6548	9846
4446	9847
328	9848
5320	9849
21	9850
1788	9851
7811	9852
2632	9853
6962	9854
5736	9855
3214	9856
1583	9857
277	9858
4688	9859
5371	9860
6272	9861
829	9862
559	9863
761	9864
113	9865
602	9866
3209	9867
17	9868
966	9869
7646	9870
6515	9871
48	9872
1549	9873
5369	9874
103	9875
643	9876
5380	9877
1021	9878
845	9879
1179	9880
1024	9881
2822	9882
2587	9883
304	9884
4919	9885
4078	9886
5959	9887
1060	9888
1188	9889
2851	9890
6770	9891
852	9892
4452	9893
2315	9894
199	9895
6438	9896
1007	9897
1749	9898
2034	9899
2863	9900
1479	9901
3806	9902
4942	9903
462	9904
387	9905
4592	9906
1535	9907
233	9908
4129	9909
7202	9910
16	9911
2530	9912
4681	9913
4157	9914
5218	9915
7591	9916
3857	9917
6437	9918
258	9919
5620	9920
5730	9921
3631	9922
1556	9923
528	9924
3593	9925
4164	9926
430	9927
450	9928
748	9929
4646	9930
4484	9931
633	9932
3279	9933
5818	9934
4088	9935
6603	9936
1004	9937
7	9938
713	9939
2522	9940
124	9941
2626	9942
7700	9943
4144	9944
7780	9945
1579	9946
5527	9947
704	9948
1194	9949
2525	9950
866	9951
1333	9952
4450	9953
597	9954
4791	9955
3205	9956
6924	9957
1226	9958
6731	9959
4279	9960
4843	9961
5160	9962
3445	9963
27	9964
255	9965
5966	9966
7225	9967
582	9968
663	9969
2654	9970
4201	9971
1031	9972
3034	9973
2721	9974
7550	9975
6084	9976
6492	9977
58	9978
2678	9979
1315	9980
1376	9981
2087	9982
6446	9983
7015	9984
3498	9985
6257	9986
3045	9987
7636	9988
7208	9989
6331	9990
7175	9991
7257	9992
7270	9993
7711	9994
6513	9995
3649	9996
7659	9997
1208	9998
7481	9999
6847	10000
