1389	14	4	7.33
850	102	3	5.86
707	333	3	28.55
101	114	21	4.88
554	4444	3	46.55
246	282	11	103.29
1925	12	4	9.28
129	786	7	59.43
316	12	9	4.55
176	107	10	34.95
129	702	7	57.6
191	127	3	9.83
221	639	3	24.55
271	1801	3	33.65
632	121	3	17.49
214	104	4	4.3
801	14	5	5.96
101	1508	4	13.78
103	610	4	11.37
132	315	3	14.69
132	211	3	11.56
111	174	3	5.46
1031	117	3	18.98
197	105	7	18.86
148	756	3	21.89
111	3759	3	27.11
2046	12	5	15.6
146	172	3	11.18
1495	14	4	7.91
1641	14	3	4.74
712	14	11	27.47
278	254	4	28.85
2324	14	3	7.18
530	126	6	43.02
109	243	6	22.66
12	1258	5	9.02
130	239	6	32.24
5279	12	4	21.95
130	156	10	50.97
58	523	10	76.02
184	1413	3	28.09
463	223	3	22.68
1208	111	17	192.06
103	156	16	34.9
1038	14	4	5.11
1140	601	3	35.21
1025	102	6	22.42
913	124	4	29.37
209	319	3	19.6
249	102	13	27.32
108	389	3	9.95
9	2104	4	35.48
12	2	176	197.13
2253	14	3	7.18
152	168	5	24.1
102	765	3	5.21
2725	12	5	19.32
2101	655	3	40.36
125	526	11	93.06
8	881	4	27.33
140	1937	5	52.21
325	1130	5	58.08
258	106	5	13.96
134	132	6	21.69
853	14	5	6.66
1349	14	5	10.71
121	215	3	10
2	857	8	55.31
102	3232	3	14.58
262	577	3	25.31
1779	12	3	4.63
162	132	5	20
1408	12	7	19.93
4444	120	3	32.37
2012	101	9	66.08
254	2532	4	50.87
133	261	5	27.09
4141	102	4	30.35
8	694	3	17.13
589	594	33	628.52
1124	14	6	12.85
2016	102	3	11.58
101	1726	3	9.55
1160	1145	17	338.61
263	537	7	70.98
5244	12	4	21.95
821	109	3	15.37
108	169	11	41.37
13	307	4	24.53
2	5339	3	31.81
12	1341	5	9.67
2743	139	4	43.13
1460	139	5	48.58
16	1244	16	181.96
101	961	3	5.73
1703	14	3	5.23
114	199	4	12.01
5132	102	4	30.35
631	102	6	16.21
215	123	5	21.72
102	1329	4	13.46
1080	2389	3	44.37
173	115	4	10.68
2083	12	3	5.8
124	588	8	63.96
165	427	4	28.25
109	3391	3	26.57
330	1190	4	45
104	1758	4	22.15
501	124	4	24.5
372	14	8	5.72
149	104	6	5.01
102	109	32	16.01
113	107	9	10.33
101	127	28	34.15
200	122	4	14.94
1994	12	3	5.8
105	382	6	23.99
274	236	3	19.33
3558	14	3	10.68
102	540	4	6.51
159	129	4	13.28
1915	12	3	5.17
1463	204	4	42.09
683	387	5	54.33
672	234	3	25.29
104	864	5	21.83
261	482	4	34.63
438	102	9	24.51
1256	12	4	5.55
424	196	4	30.19
146	214	3	13.04
120	171	3	7.97
2538	422	4	55.97
12	3590	3	9.99
7597	12	3	16.46
131	115	5	9.9
136	1391	4	35.49
127	433	3	15.85
496	181	3	21.28
317	301	13	140.02
178	3813	4	51.56
6153	14	3	17.18
501	204	3	22.47
156	126	4	12.6
711	102	3	4.83
288	301	11	111.29
102	228	33	127.61
124	201	4	15.59
102	115	21	7.55
1267	107	3	16.75
12	131	277	1513.28
107	648	5	26.31
2346	14	4	12.29
102	735	3	5.02
1233	14	6	14.36
102	795	3	5.42
102	615	5	11.43
104	2979	6	54.65
103	1297	4	17.64
241	240	3	18.42
920	4595	3	49.8
154	206	3	13.29
297	121	3	12.51
1183	102	3	7.56
134	102	17	15.13
202	112	3	7.01
12	1551	3	4.16
2258	101	4	18.48
108	1320	3	17.66
180	120	6	24.8
115	111	9	15.32
1590	12	4	7.73
116	1214	3	19.54
6833	14	3	17.18
103	197	6	7.17
217	14	19	18.8
3317	101	4	24.41
3670	12	5	27.43
156	1098	4	35.53
58	395	6	34.79
142	205	6	32.63
310	196	3	18.91
103	182	7	8.71
2866	9	4	40.19
2099	170	4	43.56
156	945	3	23.72
933	14	6	10.99
5609	16	3	34.05
2456	3404	5	105.73
105	742	4	18.34
245	250	3	18.68
968	167	3	24.96
329	102	5	5.9
2	777	6	36.28
104	2771	7	63.76
1353	219	7	82.6
101	613	6	14.51
558	2036	4	55.83
104	5049	3	22.84
3348	102	4	25.39
181	14	15	5.25
12	283	21	33.48
664	1579	3	38.53
102	782	3	5.42
1114	106	3	14.78
1639	12	5	12.06
8	2866	4	40.48
176	117	3	6.89
104	1939	7	51.6
107	302	3	8.02
168	1309	3	26.85
4581	12	3	12.09
632	14	5	4.3
8	421	10	71.47
102	199	9	9.09
102	126	14	5.86
2039	439	4	53.52
635	135	4	28.45
101	306	7	9.46
131	126	3	5.69
373	101	5	5.78
1188	12	5	8.43
171	3253	3	33.68
104	7238	3	27.32
4478	12	4	21.95
973	282	3	29.36
102	1299	4	13.46
226	2614	6	83.6
391	14	16	31.06
132	190	3	10.53
445	112	4	18.88
780	125	3	19.48
1018	9	5	37.95
104	517	3	7.07
443	102	9	24.9
1804	102	3	10.86
102	1103	3	7.23
677	101	3	4.07
559	101	5	9.55
1905	12	3	5.17
403	249	3	22.32
5592	12	3	16.46
16	148	3	4.29
881	9	3	18.43
2392	14	3	7.18
751	537	3	32.11
2464	225	3	34.96
292	299	3	21.7
577	167	3	21.6
212	490	4	32.67
895	223	16	213.16
101	674	3	4.07
1111	189	14	181.86
104	770	26	237.1
1239	152	3	25.4
118	245	7	33.67
146	359	3	16.94
5819	14	3	17.18
1516	433	3	35.17
193	1386	3	28.45
776	190	4	34.86
437	114	3	13.01
1304	124	5	43.66
1207	135	4	33.7
102	338	7	12.3
1688	5764	3	58.63
148	1048	7	69.51
233	561	3	24.32
387	107	8	41.01
1613	12	5	12.06
341	141	4	23.86
161	146	3	10.45
208	215	3	16.45
1950	167	3	30.39
1617	104	3	14.01
104	2298	6	45.69
2	130	8	14.88
104	7089	3	27.32
105	246	5	13.01
2561	12	3	7.43
105	261	3	5.58
6467	2571	3	61.97
101	2881	3	13.86
1620	375	3	34.75
312	14	8	3.88
587	589	33	628.52
105	142	19	66.36
114	140	4	7.66
2193	1258	5	83.64
4039	2	3	27.33
1685	149	3	27.62
102	425	5	7.82
193	526	3	22.05
487	288	3	25.22
729	139	13	134.39
102	169	11	10.63
1986	6553	3	60.07
103	1033	3	9.91
191	14	21	17.64
2302	14	3	7.18
4689	14	3	12.8
636	461	6	69.53
149	231	6	36.15
330	234	7	61.33
110	112	9	12.94
158	14	27	21.29
1144	14	5	8.89
110	181	3	5.67
1051	102	3	6.92
12	2059	5	15.6
1064	14	5	8.38
101	260	6	4.75
383	101	5	5.92
12	1546	5	12.06
115	166	3	6.21
439	205	5	41.31
180	115	6	21.34
7646	272	3	45.86
147	155	3	10.1
101	826	3	5.02
622	14	9	16.22
8	1018	5	38.31
106	7621	3	30.82
103	441	3	5.12
102	800	5	13.83
171	292	3	17.09
12	265	15	12.92
2384	12	3	6.54
138	12	89	197.24
1195	12	6	12.31
108	305	3	8.54
137	127	4	10.83
12	595	24	94.24
4014	139	3	35.01
2722	14	3	8.09
652	158	4	31.1
1862	102	3	10.86
749	102	10	41.98
142	104	7	6.13
1423	225	4	42.66
102	988	3	6.63
106	382	3	8.25
379	102	11	30.85
102	1751	3	10.24
184	116	3	7.15
3111	12	3	8.54
1348	242	7	84.48
103	394	3	4.4
2705	14	4	13.7
694	4388	3	47.96
300	447	3	24.89
516	15	7	82.43
1475	367	3	34.09
1265	12	8	22.78
339	12	18	31.05
115	291	4	16.11
165	3185	3	33.45
262	511	3	24.45
256	117	3	9.76
328	105	21	135.17
549	101	7	17.42
1399	14	4	7.33
189	104	6	8.35
154	266	3	15.21
147	114	3	4.92
535	124	9	72.06
564	14	9	14.69
942	188	3	25.56
102	1778	4	16.25
57	294	3	11.04
101	1104	3	6.58
16	2726	3	24.52
4050	12	4	21.95
1834	3015	3	50.99
166	126	3	8.66
263	428	4	33.41
112	315	3	10.3
112	144	3	3.96
574	102	3	3.88
112	211	3	7.34
1116	1163	17	338.61
161	118	3	6.19
1589	1404	3	43.48
4082	3290	4	88.06
132	106	6	7.59
111	280	3	9
221	2161	3	33.64
2	157	11	35.97
453	2206	4	55.17
105	344	4	12.13
2382	14	4	12.29
12	1670	4	8.46
1311	14	5	10.71
6090	12	3	16.46
125	1750	4	35.95
102	244	9	12.83
2641	12	5	19.32
970	204	3	26.69
232	14	13	7.89
103	1067	4	15.59
290	14	12	10.65
218	112	4	12.15
437	110	4	18.01
102	215	12	19.72
949	106	3	13.81
123	232	3	10.79
1418	271	3	31.33
107	182	3	4.38
5080	9	4	47.82
105	372	6	23.77
1709	9	3	23
344	102	10	24.42
718	21	3	19.51
146	112	3	4.32
173	135	6	28.4
2004	14	3	6.43
57	700	3	16.68
583	312	4	38.28
2390	12	4	11.39
105	175	4	5.66
117	141	3	4.85
210	111	3	6.96
458	104	3	6.4
1696	14	3	5.23
126	1187	3	22.03
166	115	5	14.92
103	302	5	9.24
2100	300	4	50.04
1029	12	8	19.49
499	416	4	39.37
106	565	3	10.72
307	9	9	55.11
170	174	3	12.77
409	142	4	25.25
368	102	4	3.9
347	14	16	28.25
12	1580	3	4.16
126	104	16	26.42
585	1301	4	51.3
425	314	10	109.43
202	214	3	16.19
133	1516	3	24.89
1327	12	4	6.01
16	194	5	15.38
149	656	6	50.68
12	247	14	8.53
104	1613	12	109.33
132	2315	3	28.24
249	117	4	14.87
104	1595	12	109.33
12	173	141	708.36
103	2733	3	16.61
785	2123	4	58.72
102	644	6	16.21
107	4517	3	27.58
106	1458	3	16.4
103	426	3	4.79
678	124	12	111.52
412	14	9	9.22
2702	14	5	20.49
121	114	4	4.99
155	7242	3	40.84
103	1196	3	10.58
1363	317	3	32.67
1144	646	3	35.6
216	109	3	6.69
2	2570	3	22.29
262	171	4	23.9
170	105	14	50.31
185	136	3	10.63
706	14	6	7.85
916	428	3	31.87
58	405	6	35.03
112	174	3	5.77
113	1106	3	18.52
8	746	4	25.89
559	14	6	5.7
102	4343	3	18.31
122	148	3	6.81
101	3562	4	24.41
1110	12	4	4.74
192	12	35	52.3
103	799	3	8.29
8	307	8	47.57
303	152	3	16.28
102	390	4	4.22
159	295	3	16.38
101	1268	4	11.99
1031	102	3	6.92
139	14	23	6.42
167	891	4	34.98
5620	225	3	44.52
104	1077	17	142.19
240	124	5	23.88
127	133	7	25.5
105	245	3	5.08
120	6461	3	36.86
12	3433	3	9.99
3418	12	3	9.99
58	1740	3	23
118	103	15	10.44
101	168	14	15.78
131	185	3	9.93
104	771	15	101.5
1499	229	4	43.6
660	104	3	8.38
1996	14	4	11.13
627	1520	4	53.18
636	489	7	84.82
2084	101	3	10.88
1467	105	4	24.77
132	383	3	15.8
58	713	5	33.62
5297	139	3	39.5
126	2058	4	38.1
102	290	10	20.44
275	470	4	34.92
102	121	44	84.55
103	1034	3	9.91
1814	1571	5	83.94
811	2151	4	60.35
930	102	8	33.39
118	142	17	83.1
455	12	8	6.96
119	788	3	17.62
196	106	3	3.95
104	1062	15	117.22
190	133	3	10.62
313	158	10	81.53
102	475	5	8.96
228	220	3	17.4
107	510	4	17.3
1895	690	4	56.34
3295	12	5	27.43
102	935	3	6.36
142	105	5	5.75
12	385	8	4.9
116	524	4	21.7
1460	124	5	45.42
3415	102	3	16.12
1209	12	5	8.43
2118	12	7	29.14
125	7381	3	37.75
134	107	4	4.02
4435	12	3	12.09
2197	105	4	29.66
1816	102	7	41.04
12	1545	3	4.16
383	14	9	8.17
158	675	12	125.91
745	14	6	8.22
2251	12	3	6.54
622	101	4	6.7
1747	101	3	9.55
3173	12	4	14.57
8	1085	4	29.1
101	1997	3	10.88
171	223	9	65.44
119	252	10	57.29
151	177	7	39.24
4267	614	3	47.12
1222	9	3	20.48
297	1117	4	43.23
129	2739	3	28.56
103	214	8	14.84
2136	12	3	5.8
1248	2325	3	45.5
108	114	8	9.32
123	1041	3	20.66
4404	4438	4	93.07
421	13	12	110.75
13	421	22	237.02
108	364	3	9.63
104	1445	6	35.69
908	924	3	36.78
101	3265	3	13.86
1049	12	6	10.95
1772	101	4	15.31
880	9	3	18.43
2005	12	4	10.25
106	148	6	10.14
238	1246	3	29.46
2321	12	4	11.39
687	14	7	10.62
115	123	6	11.69
203	1206	3	27.75
477	2821	4	59.21
140	161	4	15.24
1512	150	5	50.29
110	156	7	20.45
104	625	3	8.02
2506	12	5	19.32
294	397	3	23.69
124	135	4	10.22
113	102	60	105.49
3936	2155	3	54.21
447	288	8	82.88
843	5573	3	53.71
2624	12	3	7.43
117	244	6	26.82
250	106	3	5.48
300	839	3	28.96
117	168	3	6.61
419	115	3	12.73
12	1789	3	5.17
119	2514	3	26.31
211	368	3	20.61
169	387	6	46.6
114	121	5	7.98
1888	14	3	5.78
788	2207	3	42.6
2232	314	3	36.63
57	777	3	17.39
2704	12	4	12.78
1041	205	3	27.12
265	460	4	34.42
101	1313	5	18.13
445	12	19	46.43
107	539	4	17.73
123	118	4	5.72
176	102	32	93.32
117	396	3	12.79
107	112	17	34.97
240	1348	3	29.89
1231	1227	16	327.9
132	579	5	36.42
102	216	7	5.87
102	141	32	68.26
850	107	4	21.69
101	169	17	24.74
102	1591	3	9.68
164	111	4	8.67
1083	556	3	34.48
1566	1416	4	61.04
2021	14	3	6.43
1150	487	6	78.85
121	306	5	26.37
258	104	4	5.66
551	4486	3	46.38
480	14	7	6.6
813	537	3	32.63
16	1610	3	20.61
997	189	3	25.92
2383	12	4	11.39
1014	12	4	4.06
103	4142	3	21.59
249	107	3	6.48
172	2279	3	31.46
12	105	422	1018.47
639	102	4	7.74
104	5826	3	27.32
553	326	4	38.55
125	391	4	22.16
633	124	12	109.48
102	901	6	20.48
112	104	23	29.25
103	165	6	5.03
231	12	13	5.92
477	1965	4	54.49
108	127	7	12.29
4015	139	3	35.01
1092	2020	3	43.85
12	1324	5	9.67
2444	323	4	53.58
968	288	4	42.05
1558	158	3	27.67
12	3932	5	27.43
1016	2675	3	45.06
107	426	3	10.05
12	2344	6	24.19
6371	101	3	22.02
102	456	5	8.56
3244	12	3	8.54
155	129	4	12.87
2	264	20	121.46
1780	14	3	5.23
101	2849	3	13.86
144	455	5	35.41
2917	12	3	8.54
104	4489	4	36.43
124	1387	3	23.1
690	309	3	27.85
1107	12	4	4.74
2	1340	3	16.92
1179	115	3	19.27
801	101	5	12.72
102	201	9	9.53
949	104	3	10.47
537	102	4	6.51
107	224	6	19.43
2	4039	3	27.33
227	158	12	92
102	764	4	9.03
1675	138	3	26.56
103	493	3	5.72
188	231	9	68.68
166	424	3	19.44
103	411	5	12.11
119	1322	3	20.9
102	2561	3	13.38
1595	12	3	4.16
104	1399	11	85.73
5120	12	3	12.09
104	196	20	74.6
1011	102	5	16.13
224	14	12	5.41
57	130	9	28.74
1366	1346	3	41.97
199	121	3	9.37
1215	101	4	11.49
443	117	3	13.65
371	12	28	81.03
139	794	4	30.76
463	292	3	24.77
109	5748	3	33.29
2532	12	3	7.43
102	919	3	6.36
112	146	3	4.32
343	106	3	7.76
830	12	5	5.4
1234	1976	6	102.11
263	1128	3	29.44
109	319	7	33.75
1276	14	7	19.21
1170	14	4	5.88
713	12	10	20.76
646	808	3	33.47
4074	5427	3	67.03
515	288	6	60.13
446	237	3	22.83
1987	323	3	35.85
122	2781	3	27.56
102	816	4	9.64
12	206	18	11.88
1223	204	5	52.84
287	522	4	36.4
102	110	56	76.59
704	153	4	31.52
1717	14	3	5.23
7532	12	3	16.46
117	410	6	34.52
1202	300	3	30.92
12	717	5	4.22
1686	1958	6	108.12
2129	12	5	15.6
101	199	8	5.47
2617	167	4	46.25
479	240	3	23.47
2759	14	5	20.49
12	1788	3	5.17
185	814	7	70.71
144	237	5	27.42
2252	12	6	24.19
128	194	4	15.53
433	143	10	84.61
362	196	3	19.9
1250	1886	3	43.87
102	357	8	16.7
465	388	17	222.12
423	102	5	7.82
101	202	11	13.14
4278	16	4	45.41
183	190	3	14.06
102	227	8	9.14
847	102	5	14.68
1932	12	3	5.17
1145	127	17	208.47
107	318	4	13.29
299	300	4	31.67
243	230	3	18.23
123	212	3	10.03
128	148	3	7.6
119	2056	3	24.43
182	12	21	12.7
117	115	6	8.92
117	228	6	26.21
5184	14	3	12.8
588	102	3	4.02
3891	14	3	10.68
1640	14	6	18.43
2	294	3	7.56
127	230	3	11.52
119	639	8	60.42
3149	101	3	13.86
1723	12	3	4.63
252	101	6	4.29
101	915	3	5.48
57	157	11	49.23
453	477	3	28.18
12	1219	8	22.78
560	433	4	40.85
2092	14	3	6.43
129	562	4	26.06
13	112	5	12.49
1959	3681	3	53.34
116	378	3	12.42
122	161	4	12.13
1010	14	4	4.77
523	12	10	14.79
133	597	3	18.89
16	349	7	37.12
1690	12	6	18.43
57	7593	3	35.62
392	12	22	52.91
12	195	19	11.42
860	14	8	17.86
115	308	5	23.35
256	297	7	60.51
104	3054	3	19.06
101	832	4	8.77
535	139	7	56.48
1372	4225	3	52.48
817	12	5	5.4
650	951	3	34.59
6002	12	3	16.46
521	847	3	32.73
314	102	11	26.84
2198	4125	3	56.44
333	14	8	4.64
263	326	5	41.48
1330	153	4	37.06
852	12	6	8.78
578	336	4	39.06
12	180	97	365.94
108	395	4	15.64
1129	106	3	14.78
5641	2688	3	61.97
6391	12	3	16.46
529	288	8	85.97
108	260	3	7.33
362	669	4	40.7
112	118	5	5.14
103	112	53	124.42
141	118	3	4.92
1101	14	4	5.48
2	700	7	42.98
1117	14	7	17.32
5483	101	3	22.02
1203	12	9	26.94
102	1148	6	23.16
179	123	4	13.8
109	732	3	14.64
902	907	5	66.94
117	126	5	9.73
528	587	33	598.92
153	136	3	8.97
1340	12	5	9.67
1989	12	5	15.6
372	186	3	19.46
107	165	5	10.49
111	2709	4	35.56
387	102	11	31.26
150	104	6	5.05
9	21	3	4.19
1023	104	4	17.19
354	102	5	6.42
2714	14	3	8.09
127	531	6	43.38
4081	12	4	21.95
101	109	26	4.81
105	163	4	5.04
102	1211	4	12.39
297	1659	3	33.18
101	1182	3	6.9
9	1293	11	114.3
1484	102	4	14.71
1865	14	4	10.15
107	491	3	11.11
101	6110	3	22.02
447	204	3	21.72
1530	231	3	30.67
107	110	7	4.15
218	154	8	52.47
877	4243	3	49.22
1179	12	7	16.7
124	242	34	306.91
477	2853	4	59.21
109	2157	6	57.62
200	321	3	19.39
1210	12	5	8.43
110	199	7	25.71
101	812	4	8.77
174	14	21	13.94
1576	1166	3	42.19
115	260	3	9.55
116	1494	3	21.32
151	579	3	20.4
845	127	3	20.26
6837	205	3	43.67
105	1621	3	17.14
12	58	191	498.98
102	694	4	8.48
152	181	5	25.23
4142	943	4	72.62
546	104	3	7.36
1886	102	3	10.86
3226	14	3	9.21
181	494	4	30.79
119	7574	3	35.85
547	2297	3	40.29
421	528	22	318.92
12	431	11	14
119	6443	3	35.85
1465	427	3	35.04
1750	12	5	13.07
681	107	4	19.73
12	1191	10	32.76
12	7322	3	16.46
104	6660	3	27.32
1297	102	3	8.3
906	153	7	67.89
11	421	12	146.67
157	140	5	20.99
1189	626	3	35.97
115	348	3	11.74
199	152	4	19.42
184	180	3	13.85
452	148	4	27.22
4973	12	4	21.95
103	269	4	4.82
382	265	4	32.53
365	12	13	16.36
197	2484	3	33.71
7399	6976	3	71.53
104	7272	3	27.32
516	266	3	24.76
119	1476	9	91.66
129	245	7	39.49
3949	102	3	16.12
1945	124	4	37.82
1195	14	4	5.88
103	591	3	6.74
238	563	12	135.78
102	799	3	5.42
104	4970	3	22.84
657	12	6	5.78
146	915	4	32.95
147	156	5	21.85
700	117	4	24.46
300	1222	3	31.32
2355	14	4	12.29
180	112	5	14.77
115	14	59	28.94
164	126	3	8.49
124	1590	3	24.15
12	5266	4	21.95
2622	600	3	41.86
482	143	6	45.74
102	224	28	96.1
102	123	18	10.44
558	167	13	136.01
172	391	3	19.07
809	1150	3	37.34
1661	14	3	4.74
791	102	3	5.42
693	101	3	4.25
2609	143	3	30.3
127	217	6	30.09
1294	12	4	6.01
312	12	32	88.72
105	212	3	4.28
120	114	4	4.77
128	386	3	15.13
107	127	5	5.51
149	107	4	5.54
204	9	3	8.48
102	165	11	10.23
113	104	92	366.84
2461	158	4	45.33
1452	14	5	11.44
1554	2759	6	112.36
1501	296	6	75.67
911	12	9	21.34
110	109	6	3.91
3162	12	3	8.54
279	1205	3	30.19
114	136	8	24.14
12	1791	7	26.59
219	235	80	1171.05
609	102	6	15.83
12	5565	3	16.46
101	1288	3	7.63
1570	14	3	4.74
117	302	4	17.11
523	115	4	21.34
2437	12	3	7.43
1180	120	14	156.62
102	856	5	14.68
109	1603	3	19.86
175	102	24	56.35
151	231	3	14.01
1293	2887	3	48.2
101	897	3	5.48
297	156	3	16.2
106	146	8	17.16
104	220	5	7.3
1086	124	7	63.83
339	14	13	17.26
115	121	5	8.11
1055	197	3	26.72
350	292	3	22.93
116	140	4	8.09
2355	1389	3	46.39
559	392	3	28.01
113	670	4	22.8
16	180	7	24.82
104	3757	4	31.44
16	57	15	42.57
116	244	3	9.24
1830	12	3	5.17
12	162	155	743.73
104	1616	12	109.33
12	103	2061	10932
639	104	3	8.2
1358	14	4	6.8
772	6773	3	52.93
367	908	4	43.4
2229	101	3	11.7
1786	139	4	39.24
2423	119	4	38.27
1018	102	3	6.92
777	104	7	34.49
112	102	46	55.06
304	362	6	55.87
12	349	38	136.52
104	1207	6	32.8
2	1480	3	17.87
275	171	3	16.55
102	511	8	22.54
579	14	7	8.68
398	142	3	16.93
4275	102	4	30.35
4265	14	4	22.91
114	123	6	11.53
2390	14	3	7.18
268	227	5	36.82
561	102	5	10.6
104	4417	4	36.43
119	2465	4	38.27
6386	1144	3	55.31
1903	12	4	9.28
101	171	9	5.04
2819	16	5	51.37
105	546	5	22.26
176	104	11	24.63
841	102	3	5.86
1099	1846	3	43.09
2689	14	3	8.09
290	12	12	8.71
254	201	4	25.54
464	125	3	16.13
102	318	7	11.34
102	258	7	7.94
102	214	12	19.72
180	214	3	15.18
2	2193	3	21.28
6518	7469	3	71.53
1610	7146	3	58.03
957	461	5	60.14
375	102	4	4
1345	108	3	17.66
102	710	5	12.71
113	716	3	15.73
103	409	6	16.59
709	205	4	35.33
5578	1	3	38.47
1320	12	6	13.93
122	341	3	13.61
1038	12	5	7.39
2380	193	3	32.4
1858	3702	3	52.58
103	238	7	13.14
101	991	20	146.91
474	133	5	34.33
130	110	13	42.71
153	1996	3	29.37
2145	139	4	41.61
5812	12	3	16.46
318	223	7	59.53
4583	12	3	12.09
4245	579	4	68.44
12	1123	16	75.51
628	150	27	344.4
114	112	6	6.84
721	110	9	66.83
148	755	3	21.89
128	118	5	10.11
12	2134	3	5.8
8	120	4	5.92
102	510	11	38.36
679	12	5	3.96
4216	4056	3	62.53
103	919	3	9.31
3324	1809	5	100.24
102	255	10	16.93
119	5654	3	35.85
801	12	7	11.15
102	203	12	18.3
1242	14	4	6.32
335	102	59	438.43
107	121	10	19.63
1896	14	5	15.36
1275	14	5	10.05
302	102	13	34.44
3054	14	3	9.21
1030	323	5	57.12
163	1024	8	85.17
124	1505	3	23.6
110	168	7	22.45
4339	12	3	12.09
263	2014	3	34.19
3473	188	4	52.03
120	348	4	20.28
1333	14	4	6.8
1184	1208	17	346.33
101	1470	3	8.49
254	14	12	7.38
8	11	3	14.23
990	191	3	26.01
7059	12	3	16.46
117	239	6	26.7
1966	734	3	41.23
12	969	5	6.93
139	198	3	11.58
2465	12	5	19.32
543	115	3	14.57
102	359	11	29.66
125	795	4	28.44
208	112	6	22.24
153	14	29	23.54
105	332	3	7.32
104	876	8	43.47
104	4901	4	36.43
101	888	3	5.48
184	105	15	59.42
3267	418	5	76.4
121	393	3	14.23
104	6545	3	27.32
104	433	3	5.94
1511	14	3	4.31
484	326	5	48.96
798	624	7	91.77
943	489	7	91.21
1660	14	3	4.74
4096	375	3	43.74
289	237	6	48.44
165	987	3	24.88
2951	12	3	8.54
112	148	3	4.41
102	865	4	9.96
213	105	7	20.41
16	9	8	14.36
270	257	80	1309.55
432	102	15	56.45
181	188	4	20.92
105	1041	3	14.15
189	107	4	8.03
106	145	8	16.89
101	843	4	9.09
1166	418	3	33.12
121	318	4	19.65
3303	223	4	54.23
388	102	5	7
766	14	5	5.64
591	537	6	70.65
203	328	4	28.55
4111	12	3	12.09
103	127	13	13.68
720	2850	4	62.78
125	237	3	11.39
848	143	3	22.09
1339	12	4	6.01
217	12	20	17.95
141	129	3	7.06
12	1217	4	5.55
12	1550	3	4.16
256	104	32	177.73
134	164	3	9.52
101	711	4	7.64
230	107	3	6.15
2	877	6	37.42
202	115	5	17.66
2110	12	3	5.8
125	559	4	25.58
993	12	4	4.06
103	453	3	5.23
4565	12	3	12.09
193	645	4	33.54
142	415	5	34.1
12	128	292	1567.59
101	1483	3	8.49
102	112	67	122.08
112	891	3	16.8
124	153	8	35.1
102	3107	3	14.58
104	743	3	8.99
646	174	4	32.39
131	112	13	45.16
104	2390	8	72.87
828	2307	3	42.86
223	170	3	14.97
1256	14	6	14.36
1713	151	3	27.75
110	425	3	11.55
105	249	4	8.88
1410	12	4	6.52
205	383	3	20.57
465	189	23	272.42
128	146	3	7.5
128	249	3	11.88
5292	139	3	39.5
1773	12	4	8.46
5049	12	3	12.09
12	1044	15	63.28
123	463	4	23.12
102	539	9	28.52
254	424	5	43.56
284	102	6	6.85
1386	193	3	28.45
12	995	17	76.78
994	101	4	10.18
2614	12	3	7.43
391	12	13	17.6
1068	205	11	135.08
2	343	4	13.72
119	2585	3	26.31
413	288	5	45.38
3950	690	3	45.51
4011	892	3	49.5
102	1146	3	7.23
101	494	8	20.36
2845	104	3	19.06
454	123	3	15.43
150	102	15	16.27
261	124	12	81.85
104	714	8	39.79
1188	14	4	5.88
2361	14	3	7.18
158	153	48	459.77
211	262	3	18.09
334	395	6	58.56
3337	102	4	25.39
102	709	3	4.83
207	110	4	11.03
58	138	46	323.53
1497	14	4	7.91
188	312	3	18.45
103	364	3	4.05
1167	12	14	61.38
197	937	3	26.07
162	164	4	17.83
119	547	15	130.9
6523	12	3	16.46
104	327	8	26.33
3388	5356	3	64.8
202	126	4	15.92
515	204	6	54.19
314	104	4	7.66
3921	14	3	10.68
3771	14	3	10.68
130	287	3	13.45
699	101	6	16.09
933	12	5	6.51
108	214	3	5.98
2619	314	3	37.65
119	5726	3	35.85
101	1765	3	9.55
103	287	5	8.64
616	296	7	75.71
4388	133	3	34.41
835	14	6	9.48
112	107	14	24.18
133	501	3	17.86
103	109	30	34.02
133	552	3	18.53
12	4716	4	21.95
12	2797	6	32.92
103	305	7	17.33
2602	14	3	8.09
117	710	4	24.46
1855	14	3	5.78
137	165	7	34.77
318	292	3	22.24
389	102	6	10.23
1730	759	5	73.49
3436	101	3	15.4
106	248	4	9.22
2971	12	3	8.54
992	12	8	18.57
115	126	6	12.81
1704	14	4	9.31
116	155	5	13.9
601	102	7	20.2
7426	14	3	17.18
249	104	5	8.53
591	326	6	64.03
620	14	5	4.07
1077	115	3	18.55
103	358	4	7.17
103	410	3	4.59
144	1167	4	34.64
316	101	5	4.55
8	4758	3	31.58
1659	12	11	53.61
662	12	11	23.45
214	102	9	10.59
183	161	7	41.1
101	112	31	15.44
205	309	3	19.35
673	2073	3	40.57
186	111	5	14.4
104	1096	15	120.54
490	217	3	22.84
454	12	17	38.17
500	149	5	37.48
118	1307	3	20.61
117	152	9	35.4
2563	657	3	42.25
349	115	3	11.74
203	620	6	56.45
1357	111	3	18.89
1022	101	4	10.58
101	1146	3	6.58
694	9	3	16.91
228	106	3	5.06
12	2258	3	6.54
124	2899	3	29.31
518	21	3	17.62
182	121	3	8.65
1350	14	4	6.8
240	14	12	6.4
219	161	3	14.1
135	132	4	11.65
740	6272	3	52.69
120	168	3	7.83
131	239	3	12.05
104	4439	3	22.84
1333	101	3	7.63
995	102	7	27.82
104	689	18	125.8
475	2244	3	39.33
165	120	3	7.76
102	111	22	4.83
904	101	4	9.43
109	1162	11	100.16
12	251	79	368.55
1945	139	4	40.34
5536	5106	3	67.03
138	115	9	30.2
2041	1556	3	46.57
189	160	4	19.27
700	102	14	68.09
370	176	16	160.02
126	148	3	7.44
12	1532	12	58.93
12	1343	4	6.01
3098	230	6	89.59
282	12	12	8.06
470	14	10	14.92
101	1728	3	9.55
177	21	4	15.24
13	109	3	4.15
12	506	36	176.85
104	1126	3	11.42
12	581	7	7.42
104	1306	11	82.9
104	7393	3	27.32
5600	512	3	50.37
2711	102	3	13.38
1873	14	3	5.78
184	471	3	21.07
2730	14	3	8.09
1086	139	5	44.65
12	1549	4	7.73
267	12	81	434.27
104	6422	3	27.32
4879	12	3	12.09
221	7590	3	44.22
144	1711	5	51.32
732	106	4	18.72
1356	12	4	6.01
16	163	3	5.17
783	14	5	5.96
102	617	5	11.43
595	112	3	14.29
103	199	7	10.13
103	126	11	8.57
346	234	5	40.7
12	582	7	7.42
301	9	3	11.51
1115	115	3	18.9
16	3933	5	56.77
104	356	6	17.36
145	379	3	17.15
1102	1065	3	38.73
425	537	3	28.28
114	153	3	5.3
438	104	4	10.13
102	538	6	14.14
2	1568	3	18.41
1640	12	3	4.16
486	150	12	113.16
3270	124	3	30.89
117	112	5	5.03
117	181	7	27.95
12	1043	18	91.07
1932	14	3	5.78
102	3030	3	14.58
3057	167	4	48.17
109	1873	3	21.13
288	167	27	284.83
12	705	26	128.55
227	704	4	36.54
102	226	16	37.34
102	182	10	9.76
7179	12	3	16.46
103	962	3	9.31
111	1338	3	18.89
130	962	3	21.15
127	435	4	23.48
129	2093	4	38.48
167	624	4	31.75
169	234	5	30.7
114	509	3	13.99
3234	14	3	9.21
317	167	25	265.82
6656	14	3	17.18
886	102	4	10.31
302	175	3	17.59
736	12	5	4.48
2631	12	4	12.78
2120	197	3	31.82
320	371	3	24.06
585	4454	3	46.92
994	14	4	4.77
58	979	6	47.39
102	527	5	9.85
139	111	4	6.34
1484	107	3	18.12
114	156	4	9.14
104	7236	3	27.32
614	12	16	45.56
105	106	48	118.68
127	280	4	19.5
183	371	6	47.37
101	411	5	6.52
2076	14	3	6.43
286	896	4	41.1
879	158	3	23.38
262	227	3	18.72
681	102	9	33.29
1786	124	4	36.72
1117	12	6	11.6
112	117	16	47.34
6926	1	3	38.47
103	115	39	79.56
2421	6957	3	61.97
104	1344	11	82.9
102	2641	3	13.38
12	116	406	1903.78
102	632	5	11.73
102	784	3	5.42
283	105	3	6.22
3041	12	3	8.54
103	363	8	24.84
983	3748	3	47.89
333	12	41	150.54
11	307	3	25.01
2838	362	3	39.81
817	14	7	13.11
216	165	3	14.54
1409	14	7	21.5
126	177	4	14.4
799	102	3	5.42
437	112	3	12.31
569	576	4	43.57
569	6586	3	51.05
178	252	3	16.24
102	137	12	6.15
1850	14	3	5.78
102	188	7	3.88
111	355	7	36.86
4595	5994	3	67.03
4013	139	4	52.69
12	803	5	5.07
3344	299	4	57.28
102	7630	3	22.76
758	14	7	12.03
102	1619	5	21.96
521	124	11	92.56
424	220	5	41.68
2687	2609	3	52.4
2581	16	3	24.52
104	7039	3	27.32
114	12	55	15.2
104	1080	18	156.25
144	339	4	23.91
105	164	13	43.56
109	1900	5	41.67
109	1967	4	32.06
2385	12	5	17.25
128	164	3	8.66
2069	12	4	10.25
12	430	11	14
559	12	6	4.71
103	169	13	27.37
101	932	4	9.79
131	949	3	21.22
2351	314	3	36.63
1385	1289	4	58.92
101	2140	3	10.88
2145	124	3	27.05
185	270	80	1175.38
2297	5939	3	60.94
3358	338	5	79.68
115	259	3	9.49
1923	14	3	5.78
115	140	3	4.42
332	3919	3	40.87
3272	14	3	10.68
104	209	9	21.37
163	377	37	453.35
263	314	7	62.48
103	425	3	4.79
118	1878	5	45.46
104	1594	6	38.14
129	142	19	113.35
1182	362	4	45.7
16	2	44	163.74
103	522	4	10.07
103	389	3	4.31
104	3891	5	45.54
12	3009	6	32.92
898	14	6	10.46
272	2041	3	34.41
112	445	9	57.89
104	1441	5	27.48
745	12	7	10.16
126	132	3	6.04
383	12	11	11.48
12	1548	5	12.06
248	1541	9	119.83
101	725	4	7.9
3094	14	4	15.5
867	14	5	6.66
121	197	6	26.65
4486	3473	3	60.3
379	104	3	5.23
184	118	4	11.93
16	4081	4	45.41
3796	12	3	9.99
1226	422	16	266.8
567	282	3	25.81
388	107	5	20.79
1732	12	3	4.63
338	142	12	99.54
310	220	6	48.36
16	59	7	39.29
101	1848	3	10.17
447	13	3	19.19
2	3695	3	25.1
486	3060	3	41.74
322	104	3	4.39
2169	104	4	25.42
117	123	16	62.3
117	224	6	25.85
2319	12	3	6.54
424	132	3	16.51
127	174	5	20.04
703	102	6	17.44
1292	4816	3	52.02
719	4217	3	48.19
2576	14	3	8.09
455	14	11	17.39
1906	12	6	19.99
102	171	8	4.52
125	854	3	20.01
1032	809	6	83.48
795	14	5	5.96
107	322	3	8.43
806	102	3	5.42
2171	674	3	41.65
102	1318	3	8.3
1328	12	5	9.67
146	127	5	17.21
1622	205	5	56.59
186	512	3	21.57
726	102	6	17.88
233	1404	5	56.47
12	1852	8	34.15
3686	125	3	31.02
265	107	3	7.02
102	302	11	25.58
5271	14	3	12.8
176	144	5	23.06
268	529	4	35.78
105	443	5	19.98
613	14	6	6.53
178	1561	4	41.3
2885	5650	3	63.21
180	156	4	18.54
549	12	8	9.48
2391	12	3	6.54
106	206	4	7.67
346	1190	4	45.41
189	102	11	13.01
174	135	13	82.13
147	112	6	15.77
103	5132	3	21.59
461	12	10	12.61
125	290	3	12.98
103	319	6	13.65
103	215	5	5.5
803	126	3	19.56
4920	14	4	22.91
130	319	3	14.21
169	2225	3	31.34
12	1278	7	17.67
109	203	3	6.23
1099	101	3	6.58
7281	12	3	16.46
439	433	6	63.23
148	234	8	52.99
231	14	20	24.54
244	102	12	23.01
103	168	8	10.19
764	12	5	4.77
106	1325	4	23.83
103	244	11	29.91
430	9	8	53.02
152	239	3	14.38
909	132	3	21.34
1711	12	5	13.07
658	12	7	8.48
104	5877	3	27.32
767	6747	3	52.93
137	560	3	18.89
3020	102	3	14.58
115	186	6	21.59
102	3268	3	16.12
16	5761	3	34.05
271	2179	3	35.28
1100	12	4	4.74
102	3834	3	16.12
2305	12	5	17.25
1557	326	3	34.01
2484	6552	3	61.97
102	1538	3	9.17
704	14	6	7.85
1519	14	3	4.31
4049	12	4	21.95
163	5635	3	41.54
107	115	8	8.55
163	3386	4	50.4
250	148	3	14.27
305	12	10	5.79
754	153	3	22.27
1556	730	4	55.14
458	102	6	12.46
102	394	5	7.16
159	104	10	17.92
101	426	4	4.1
636	1503	4	53.18
105	293	3	6.37
340	12	59	313.94
12	137	87	183.83
238	492	4	33.93
16	109	8	9.01
102	623	9	31.33
2836	1675	3	50.32
346	1116	17	268.44
106	127	6	6.4
101	720	5	11.97
57	345	4	18.67
121	129	4	8.4
12	1543	4	7.73
115	104	20	25.37
108	7646	3	32.56
104	496	11	53.77
185	174	5	27.5
512	14	6	4.75
235	276	80	1291.93
194	117	4	12.37
143	4425	3	35.36
1743	14	3	5.23
2821	1233	3	47.77
407	158	6	45.54
231	21	3	11.98
132	225	3	12.1
132	285	3	13.84
1329	142	3	24.76
172	268	6	41.39
8	206	5	19.55
514	119	3	14.88
163	1970	8	104.74
279	513	4	35.65
1020	314	7	85.62
269	232	3	19.11
2778	12	4	12.78
1182	6850	3	55.68
4282	12	3	12.09
2273	14	4	12.29
256	2289	3	34.78
101	464	8	19.23
285	124	4	19.2
104	4452	4	36.43
671	190	3	23.38
8	1222	3	20.69
183	333	7	56.06
3932	3628	5	114.1
12	1917	5	14.23
107	249	7	26.15
420	447	3	27.07
101	1534	5	19.8
103	956	3	9.31
113	121	4	4.71
4053	14	3	12.8
8	413	4	20.62
295	143	3	15.09
101	246	7	6.15
226	2299	6	80.35
21	2	13	36.05
114	102	36	36.39
179	118	4	11.82
12	1705	4	8.46
127	135	15	78.57
454	116	3	13.63
168	181	3	13.1
5920	626	3	51.81
645	12	7	8.48
101	550	12	43.53
413	9	3	13.52
3834	12	3	9.99
12	4245	4	21.95
117	344	4	18.34
12	882	5	6.11
349	104	3	4.87
463	158	5	37.8
133	439	3	16.86
975	104	5	23.36
5596	12	3	16.46
2006	12	4	10.25
108	251	3	7.02
4636	12	3	12.09
668	106	3	11.63
2289	12	4	11.39
737	146	3	21.53
57	213	4	13.69
2	844	3	14.2
57	138	8	26.51
296	104	3	3.9
1532	2	3	17.87
6156	16	3	34.05
460	14	6	3.95
258	123	3	11.35
824	14	9	21.55
130	546	3	17.78
547	1998	3	39.42
106	227	5	12.79
292	242	8	69.92
4518	12	3	12.09
119	481	3	14.58
12	1392	4	6.52
239	117	4	14.62
109	483	4	18.46
979	12	8	18.57
104	7548	3	27.32
227	292	4	28.55
203	2715	3	34.02
790	14	11	30.35
106	1508	3	16.89
412	102	7	14.58
6197	101	3	22.02
2	658	12	86.19
535	537	4	42.38
1482	102	7	35.45
1995	236	3	33.38
11	430	4	38.73
173	849	3	24.34
213	202	3	16.19
1257	608	3	36.18
103	163	7	7.01
133	558	3	18.53
119	7641	3	35.85
108	194	3	5.21
5489	1802	3	59.31
471	106	4	15.13
573	782	3	32.89
162	115	9	35.52
695	112	3	15.3
104	3776	4	31.44
314	287	3	22.16
101	682	3	4.07
212	482	3	22.53
277	104	5	9.82
134	126	3	6.16
599	741	4	46.05
629	102	3	4.33
126	166	3	8.66
126	12	31	6.06
2370	12	3	6.54
140	141	3	8.39
173	388	3	19.15
118	289	3	10.91
123	181	3	8.73
107	118	8	9.59
156	297	8	59.45
103	1010	4	15.15
5367	2855	3	63.21
2120	143	3	28.41
102	262	8	11.18
811	5494	3	53.44
193	106	4	6.85
102	397	5	7.16
171	906	11	124.09
101	1191	5	16.73
2133	14	5	16.74
107	368	3	9.18
1245	14	4	6.32
119	664	16	150.34
110	401	3	11.19
1419	12	5	10.38
57	695	3	16.68
2720	12	3	7.43
410	393	5	48.5
318	704	3	28.16
114	132	5	10.36
278	245	4	28.41
971	112	3	17.4
1083	142	3	23.21
155	121	3	7.15
5673	551	3	50.87
257	14	82	427.09
102	350	5	6.29
1532	5686	3	57.48
299	479	4	36.1
1003	101	20	146.91
107	196	3	4.93
1716	12	3	4.63
127	1184	17	216.19
243	101	6	3.96
102	161	25	53.62
102	245	11	19.4
146	450	4	27.06
110	106	24	51.56
916	139	11	116.19
134	115	9	28.88
1782	101	3	9.55
101	699	4	7.64
2901	236	3	36.51
104	224	6	11.04
687	102	3	4.66
116	144	5	12.42
188	339	3	19.02
102	672	4	7.98
102	756	4	9.03
1062	12	6	10.95
5106	504	3	45.87
103	145	29	89.43
194	107	3	4.81
112	258	3	8.6
1656	412	3	35.34
442	14	11	16.94
1403	14	3	3.92
343	12	30	86.73
558	1704	3	38.16
203	708	5	46.46
1607	101	3	8.99
12	1017	9	24.42
117	159	5	14.64
187	114	6	21.57
102	564	4	6.89
248	1016	7	79.63
135	137	3	7.58
1825	14	3	5.78
102	1176	8	37.61
386	102	4	4.22
2294	6784	3	60.94
978	668	3	35.12
1085	9	3	19.71
3960	12	5	27.43
2018	429	4	53.17
9	12	58	28.72
3685	101	5	36.71
2	346	6	25.59
811	2205	4	60.35
718	112	3	15.3
494	133	4	25.99
7482	231	3	44.7
113	155	8	27.65
143	126	12	59.47
104	3184	4	28.83
107	265	3	7.02
359	101	5	5.51
12	711	12	29.73
12	763	7	10.64
149	12	21	5.03
319	101	6	7.07
102	743	5	13.07
306	158	8	60.82
6110	6602	3	71.53
2207	4085	4	81.98
5113	2066	3	55.57
167	14	55	123.8
2448	12	3	7.43
582	12	9	13.41
1621	12	5	12.06
1283	1257	3	41.07
449	12	11	15.26
102	1838	3	10.86
2692	12	3	7.43
301	14	15	20
282	102	10	19.71
104	1197	11	78.27
652	223	5	46.73
103	249	13	40.11
103	146	13	21.45
112	152	3	4.71
122	185	81	834.79
2583	12	3	7.43
253	161	6	38.69
1227	16	16	181.96
16	522	3	13.3
134	389	3	16.05
2211	422	8	131.79
1232	102	5	18.57
130	562	3	17.95
1042	14	5	8.38
116	309	3	11.25
107	685	3	13.02
233	983	9	107.36
2851	12	5	22.16
12	307	9	4.23
907	101	3	5.48
214	12	15	7.31
102	327	11	27.84
102	148	19	27.18
107	119	6	5.15
414	124	5	30.59
225	177	6	39.49
557	1850	4	54.73
697	102	9	34
105	439	4	14.04
1165	12	9	26.94
248	2094	4	47.8
4021	12	3	12.09
1118	189	3	26.6
450	101	7	14.74
104	2385	8	72.87
109	4455	3	28.8
109	2536	3	23.76
101	483	4	5.06
1220	139	8	83.36
131	581	3	18.19
101	365	10	23.25
3933	7399	3	64.8
298	300	4	31.67
2155	4920	3	56.44
105	287	8	31.56
1374	102	3	8.72
561	16	3	13.79
1428	14	4	7.33
1665	124	3	24.75
304	2271	3	36.26
104	1660	5	29.38
128	114	6	12.95
102	4731	3	18.31
666	101	3	3.91
264	115	6	27.46
2	1417	3	17.38
331	164	3	17.8
144	382	3	16.81
12	3237	5	22.16
109	4189	3	28.8
118	154	8	29.95
886	12	5	6.11
103	874	4	13.99
504	101	4	5.38
102	129	36	67.17
237	12	18	16.49
102	330	9	19.62
605	983	3	34.52
102	278	11	22.81
408	102	4	4.57
123	165	6	23.91
2618	167	3	32.28
4240	102	3	18.31
5137	14	3	12.8
101	3929	3	15.4
1706	102	3	10.24
1213	12	7	16.7
132	339	4	22.54
991	1	20	257.75
101	565	5	9.55
111	1573	3	20.39
408	1185	3	32.99
307	13	3	16.65
199	102	14	24.03
539	12	17	44.9
122	141	4	10.28
2430	12	5	19.32
6976	5578	3	71.53
360	122	6	36.32
129	510	6	42.91
108	143	5	8.52
710	12	5	4.22
177	14	33	47.06
119	5782	3	35.85
488	119	3	14.73
103	118	24	32.88
102	840	3	5.86
1927	14	4	10.15
937	14	4	4.45
12	113	484	2434.82
104	1424	3	13
439	242	6	54.53
717	392	3	29.42
9	779	5	34.86
385	119	7	42.58
292	153	3	15.94
1943	102	3	10.86
103	1356	4	17.64
2412	139	4	43.13
101	759	3	4.61
1330	309	3	32.12
485	107	4	16.9
104	1435	7	44.5
234	102	15	34.04
4829	14	3	12.8
293	181	3	17.62
1146	118	3	19.42
105	2115	3	19.14
259	234	7	56.3
259	310	4	30.59
4194	5489	3	67.03
3859	12	4	17.07
1736	12	3	4.63
101	1013	3	5.99
2081	14	4	11.13
151	14	22	9.27
2373	14	3	7.18
1043	102	3	6.92
119	2492	3	26.31
334	104	3	4.7
1658	14	3	4.74
2517	3500	3	55.24
3349	12	3	9.99
110	472	4	18.75
3296	3411	3	58.07
1075	12	11	35.56
104	3626	4	31.44
486	326	4	37.21
125	668	3	18.34
102	281	11	23.59
2922	299	3	38.35
1777	14	9	41.35
103	957	3	9.31
553	730	6	74.07
221	674	3	24.96
7608	1205	3	55.68
489	811	3	32.14
4946	12	3	12.09
690	197	4	34.49
2	345	5	19.5
121	652	3	17.49
101	194	8	5.07
110	104	18	14.25
390	14	10	10.98
444	112	3	12.44
739	102	5	13.07
420	515	3	27.98
129	617	7	55.48
372	102	5	6.71
112	830	4	24.11
104	3544	5	45.54
6564	155	3	40.84
117	312	5	24.05
573	475	3	29.63
367	240	3	21.55
5363	6078	3	71.53
4038	2959	4	85.43
313	223	4	29.13
167	347	5	35.83
1	58	11	40.7
104	538	10	48.49
484	150	25	285.86
121	398	3	14.35
103	250	8	17.51
109	3787	3	26.57
142	225	5	26.73
574	110	3	13.59
142	112	4	7
12	408	39	162.85
557	6427	3	51.05
7146	6564	3	71.53
751	139	8	73.47
138	434	5	34.01
129	226	10	62.56
137	463	3	17.62
1899	14	3	5.78
1258	161	3	25.83
171	158	13	90.37
102	742	3	5.02
1291	102	3	8.3
936	14	4	4.45
106	215	3	4.55
106	259	3	5.77
1272	14	4	6.32
126	152	5	17.7
121	298	3	12.51
230	125	4	17.26
1808	2166	7	136.79
1826	12	4	9.28
1009	3296	3	47.89
769	12	5	4.77
220	14	29	50.25
1307	14	4	6.8
2598	12	4	12.78
1485	12	12	58.93
119	6109	3	35.85
58	132	3	4.44
58	343	11	75.15
734	12	8	13.6
160	255	3	15.15
346	379	5	46.75
1591	12	3	4.16
475	12	7	5.21
6773	600	3	51.42
637	391	4	40.88
1201	14	4	5.88
4048	2491	3	57.47
104	6641	3	27.32
212	120	3	9.74
2067	12	4	10.25
5751	12	3	16.46
6317	374	3	48.24
105	115	22	50.81
7176	101	3	22.02
701	14	7	11.06
201	108	3	5.58
143	1251	3	24.44
173	277	4	24.65
101	484	7	15.67
2	138	15	50.01
2	213	3	5.35
413	2	3	9.7
124	1245	6	54.15
298	299	3	21.87
666	14	7	10.19
159	110	5	11.95
552	167	3	21.42
729	537	3	31.87
294	109	5	19.7
108	699	3	13.72
2292	12	6	24.19
1119	12	8	20.49
128	115	5	9.37
123	171	4	13.13
104	2067	4	24.17
102	5123	3	18.31
2	4038	3	27.33
1062	710	3	35.89
469	102	10	31.25
437	1518	6	81.17
1154	104	3	11.77
164	104	7	9.29
450	14	12	20.92
882	1226	4	54.21
104	632	5	18.69
1914	12	4	9.28
101	2983	5	31.35
21	9	3	4.19
1824	14	4	10.15
117	278	3	10.37
139	107	6	10.65
751	679	5	61.99
255	12	17	16.05
12	1643	10	44.32
384	106	3	8.25
901	12	13	42.76
1962	12	9	49.38
105	109	9	4.65
1538	631	6	86.33
183	123	3	8.73
779	16	23	247.93
308	151	3	16.36
268	552	3	25.34
246	109	6	22.78
786	101	3	4.81
156	117	3	5.83
504	14	6	4.75
111	346	17	122.18
2061	14	3	6.43
104	7538	3	27.32
111	932	3	16.72
2887	4049	4	85.43
103	485	10	42.16
101	818	3	5.02
278	960	3	28.81
167	135	18	124.57
101	4206	3	17.58
955	14	8	19.43
329	14	9	6.6
114	742	3	16.24
4926	102	3	18.31
102	1867	3	10.86
2	695	4	19.7
422	12	15	27.07
112	226	3	7.9
848	242	4	38.75
171	449	3	20.16
393	117	3	12.68
287	161	4	24.04
516	114	3	14.15
2042	124	9	113.01
203	152	5	26.92
181	566	3	22.11
154	509	3	19.77
14	2	83	23.78
106	186	7	18.19
121	268	3	11.67
121	133	3	5.5
2844	12	4	14.57
421	9	10	70.74
108	550	3	12.2
1353	1150	3	40.67
2131	14	3	6.43
584	102	5	10.87
107	263	3	6.96
1803	16	6	54.7
1494	14	4	7.91
104	2021	8	66.61
451	101	4	4.62
463	906	4	45.6
4243	106	3	26.33
5761	12	3	16.46
437	132	3	16.76
6078	7049	3	71.53
2818	2148	3	52.62
140	115	8	25.52
140	228	4	19.58
680	14	7	10.62
197	1212	8	92.22
12	1915	3	5.17
490	259	3	24.22
2055	2012	3	48.61
171	994	3	25.12
1550	1296	3	43.02
1928	12	3	5.17
103	634	3	7.08
2207	3347	3	54.21
119	2055	3	24.43
182	104	5	5.25
2565	14	3	8.09
1316	391	3	33.46
101	1027	7	27.01
184	114	5	16.03
245	12	12	4.95
151	237	3	14.13
371	196	4	29.06
103	266	4	4.75
3729	14	3	10.68
2856	102	3	14.58
104	3683	4	31.44
3461	14	3	10.68
498	14	9	12.53
103	443	3	5.12
485	102	9	26.6
725	778	24	445.16
777	522	3	32.2
2507	388	3	38.91
12	136	24	4
1156	150	4	35.53
122	410	3	14.6
1205	12	5	8.43
997	12	6	10.35
794	6002	3	53.18
130	443	3	16.42
526	14	13	28.57
134	155	3	8.82
286	114	14	91.89
827	104	4	15.22
110	118	6	6.98
2036	14	4	11.13
12	2053	3	5.8
3081	626	3	43.5
1189	548	3	35.04
289	1824	3	34.29
104	4451	3	22.84
475	1040	4	47.1
689	12	8	12.52
124	143	20	118.9
3909	12	3	9.99
102	175	15	22.63
2389	12	4	11.39
119	1810	5	45.94
204	14	34	62.93
877	1032	9	137.73
12	642	30	155.96
116	1108	3	19.17
102	549	9	29.04
7349	12	3	16.46
163	1971	7	87.56
971	156	3	24.04
1148	101	3	6.58
2690	12	3	7.43
405	115	5	25.96
168	333	3	18.02
105	215	5	11.5
104	7122	3	27.32
291	14	9	4.54
12	3550	4	17.07
104	4423	4	36.43
101	350	6	8.15
242	102	8	9.9
1220	124	8	78.27
395	12	26	74.06
109	740	6	38.16
1206	101	3	6.9
108	655	3	13.1
1665	139	6	63.94
101	3935	3	15.4
805	115	5	33.5
349	164	4	26.5
120	1400	14	172.45
172	220	3	14.86
451	574	3	29.34
5524	102	3	22.76
366	104	3	5.04
113	186	4	10.88
3011	14	3	9.21
3300	4257	3	60.3
482	242	5	44.67
6735	103	3	26.06
107	106	18	22.3
1744	12	4	8.46
57	5492	3	35.62
2488	12	7	38.41
150	111	4	7.45
268	413	3	23.26
399	104	3	5.52
155	470	3	19.32
899	375	8	100.59
6118	14	3	17.18
360	1197	3	32.29
5176	102	3	18.31
4232	314	4	63.01
189	136	4	16.62
3373	3323	4	83.06
227	223	10	83.78
1098	12	17	85.7
430	101	4	4.22
263	139	18	151.1
103	472	4	9.33
350	142	8	59.75
233	819	9	103.13
7460	16	3	34.05
1783	102	4	16.25
654	170	3	22.25
104	7496	3	27.32
964	12	5	6.51
289	1	3	13.67
517	2238	4	56.4
184	200	3	14.8
857	115	6	43.8
105	599	3	10.79
157	104	9	14.38
1345	12	4	6.01
3433	101	3	15.4
133	109	17	65.9
103	351	5	10.76
116	104	16	16.09
181	177	6	35.54
162	287	5	32.41
2721	14	3	8.09
101	683	8	25.66
173	893	4	35.35
106	109	9	5.15
141	12	29	12.57
112	1573	3	20.76
1600	14	4	8.57
115	443	3	13.23
231	104	4	4.99
833	1888	3	41.23
1715	14	5	14.18
654	14	5	4.3
112	12	71	29.27
103	164	28	97.53
103	105	54	72.17
708	12	5	4.22
288	449	4	35.28
101	3944	3	15.4
1565	674	3	38.74
208	192	4	22.8
102	398	9	22.34
111	225	6	22.83
265	407	3	22.94
101	1312	4	12.54
124	548	8	62.39
605	819	9	124.38
278	142	6	37.29
101	473	9	24.14
190	14	17	9.32
102	1277	5	18.57
2	256	26	170.23
317	449	5	47.72
256	1098	5	54.45
205	101	9	8.3
110	325	4	15.65
110	146	4	7.04
173	596	4	31.85
236	153	4	21.38
1262	14	4	6.32
111	362	3	10.8
102	142	22	32.65
58	789	3	17.62
522	129	4	25.37
2	1179	3	16.11
203	2322	4	47.04
102	246	6	4.99
214	203	3	16.19
504	336	3	26.58
4213	299	4	62.28
107	279	5	16.89
2098	2	3	20.42
865	14	4	3.89
1968	102	4	18.21
2	360	5	19.84
4338	12	4	21.95
106	832	3	12.98
1616	12	5	12.06
348	104	4	8.46
1178	14	4	5.88
312	220	4	28.82
144	161	5	21.61
1957	16	5	44.43
984	102	4	11.06
704	4932	3	47.96
117	161	12	55.78
102	499	6	13.26
101	1359	4	12.54
111	274	3	8.78
17	9	3	17.88
5123	12	3	12.09
2286	12	4	11.39
221	481	3	22.81
122	228	6	29.36
103	315	4	6.29
103	263	7	14.65
263	375	4	32.28
1150	3283	4	69.51
705	102	5	12.71
102	927	7	27.03
2789	14	3	8.09
477	2485	6	94.86
101	1030	3	6.27
1797	101	3	10.17
1043	117	3	18.98
560	304	3	26.4
104	122	317	2757.97
2412	124	3	28.07
931	3573	4	67.61
2545	14	3	8.09
1420	14	6	16.18
102	2090	3	11.58
3144	292	3	38.18
498	290	4	36.08
104	3684	4	31.44
102	673	11	44.92
227	317	4	29.49
139	1105	3	23.32
116	145	3	5.11
3345	4059	4	88.06
127	1693	3	25.14
194	104	5	5.91
5414	1233	3	56.08
1412	14	3	3.92
417	14	8	7.02
103	208	8	14.47
102	1076	3	6.92
654	152	4	30.65
137	212	4	18.24
9	1777	5	44.65
532	4636	3	46.2
12	1269	8	22.78
301	12	13	12
1	9	5	11.19
449	14	19	51.59
1741	817	3	40.55
470	102	5	8.96
252	174	5	31.79
1775	14	4	9.31
849	14	5	6.66
202	355	3	20.14
271	477	5	46.19
121	263	4	17.62
1058	300	3	30.2
12	1422	6	14.86
167	12	21	9.77
524	216	3	23.16
180	164	4	19.44
2841	367	5	75
1787	124	4	36.72
1569	250	3	31.67
107	344	3	8.88
871	730	7	95.86
372	104	3	5.13
129	735	3	19.35
149	14	23	10.31
617	12	7	8.11
102	106	59	44.24
265	101	7	7.3
58	805	8	64.45
532	492	3	29.41
101	1475	3	8.49
131	106	5	4.49
2091	106	4	28.79
201	504	3	22.42
188	5374	3	42.75
205	153	3	13.21
9	14	72	67.83
775	193	4	35.05
505	104	3	6.93
1337	14	4	6.8
104	989	4	16.75
1545	1537	4	61.74
3668	12	3	9.99
2983	101	5	31.35
405	12	22	54.85
3562	12	3	9.99
12	2356	8	43.89
269	102	6	6.06
1293	1808	4	62.21
1308	14	4	6.8
102	401	8	18.36
433	242	5	43.22
12	1003	12	39.99
805	12	10	23.21
395	115	7	40.97
1070	101	3	6.27
105	182	4	6.06
251	176	6	40.49
469	104	3	6.53
183	14	18	10
164	102	15	20.44
101	118	20	5.62
186	106	6	13.92
21	58	6	15.42
390	139	3	16.58
104	1914	9	75.51
129	782	9	81.9
300	881	3	29.25
156	106	4	4.71
8	430	8	53.59
209	211	13	111.1
406	3733	3	41.98
203	541	5	43.44
601	14	5	3.85
108	385	3	9.95
12	110	264	665.87
152	105	22	91.04
102	761	7	23.7
4728	12	3	12.09
121	300	3	12.59
154	115	3	5.41
277	107	4	11.82
746	158	3	22.6
1863	158	3	28.94
1562	102	3	9.68
347	158	5	34.68
239	104	7	15.63
4225	14	3	12.8
651	102	5	11.73
2510	14	3	8.09
104	275	34	202.07
660	945	4	49.06
104	454	39	324.89
939	4372	3	49.8
857	12	6	8.78
12	6054	3	16.46
6071	14	3	17.18
6179	2	3	31.81
12	409	30	100.01
314	12	9	4.55
5378	5673	3	71.53
1894	12	4	9.28
554	101	4	6.09
277	117	3	10.37
154	109	6	15.05
577	158	9	84.5
560	124	3	17.26
12	1560	3	4.16
16	5751	3	34.05
181	104	7	10.98
12	114	261	786.29
129	254	16	120.37
58	264	28	230.48
102	786	3	5.42
263	150	6	38.09
1549	1296	3	43.02
103	365	5	11.08
1927	12	3	5.17
177	12	24	17.89
287	104	17	76.37
371	220	7	61.45
1407	624	3	37.07
280	151	3	15.44
291	762	4	39.75
1138	12	12	43.73
1946	139	4	40.34
141	228	4	19.72
592	106	3	11.07
105	156	9	22
105	239	4	8.66
104	2305	3	16.84
57	660	4	24.08
101	353	5	5.51
135	14	34	22.2
2130	14	3	6.43
102	450	5	8.56
111	243	5	17.95
1336	101	3	7.63
2	5875	3	31.81
306	704	4	39.69
3690	12	3	9.99
124	5033	3	33.12
218	102	6	3.9
102	195	69	352.25
237	14	35	81.72
102	279	12	26.82
2875	2901	3	54.89
272	14	10	5.06
757	12	5	4.77
7242	1	3	38.47
1406	12	5	10.38
429	2335	3	38.5
2	476	5	22.99
101	325	6	7.51
1714	745	3	39.8
140	226	3	12.92
127	362	3	14.8
205	197	3	15.58
3367	387	3	41.74
124	325	4	20.72
2	1237	4	24.55
5618	2450	3	61.97
2420	2418	6	123.25
104	5227	4	36.43
101	1341	4	12.54
1509	12	8	27.24
102	485	11	37.16
4549	1356	3	52.02
5765	102	3	22.76
1251	916	3	38.86
117	118	5	6.7
196	14	21	19.32
12	1726	6	18.43
144	231	3	13.27
215	102	12	19.72
57	749	3	17.14
140	538	3	18.88
151	12	21	5.41
493	102	5	9.39
166	211	16	132.91
143	1086	4	34.12
253	190	15	134.64
969	9	3	19.03
232	618	3	24.88
116	194	3	7.56
1592	626	4	53.95
103	448	4	8.99
103	382	4	7.54
101	1991	4	17.26
1587	240	3	31.4
188	1421	11	142.89
2	7151	3	31.81
163	2843	5	63.88
239	265	4	27.92
216	212	4	24.54
115	159	3	5.69
101	1415	4	13.13
427	102	4	4.82
12	644	6	5.78
110	229	3	7.53
2557	14	3	8.09
1770	14	3	5.23
101	145	25	40.67
102	1446	3	8.72
104	4633	4	36.43
102	1137	3	7.23
104	2355	8	72.87
8	3840	3	29.35
139	1536	3	25.48
114	144	4	7.94
349	209	4	29.44
197	126	4	15.54
377	8	3	13.15
1540	102	5	20.98
1695	548	3	37.99
12	900	19	87.14
132	115	7	18.89
102	472	5	8.96
102	547	4	6.69
103	639	3	7.08
106	1727	3	18.02
626	12	10	18.68
122	239	3	10.84
287	146	5	30.8
103	344	5	10.61
213	112	6	22.55
1244	1228	16	327.9
154	396	3	18.01
1359	101	3	7.63
105	827	6	34.3
756	492	5	58.51
103	1360	3	11.36
154	140	6	26.83
133	124	4	9.93
1970	14	4	11.13
102	728	8	28.76
13	431	4	27.43
117	1059	3	18.98
12	134	239	1209.76
1845	12	3	5.17
361	12	8	4.34
116	132	3	4.02
103	372	4	7.41
122	576	3	16.93
279	601	6	61
145	176	15	104.87
1246	135	4	34.25
104	140	8	8.25
1086	158	3	24.96
460	12	9	9.78
147	146	3	9.6
202	132	3	11.21
2	886	4	21.74
2691	12	3	7.43
685	107	4	19.73
691	392	8	95.91
885	152	5	44.53
906	205	3	26.17
456	104	3	6.28
318	158	6	42.5
114	671	3	15.59
157	102	50	174.99
360	183	10	89.81
871	407	3	30.91
8	607	4	24.13
104	6209	3	27.32
103	175	7	8.05
123	492	3	16.01
58	2300	4	36.75
569	326	3	27.05
159	123	4	12.13
623	102	8	25.81
124	553	3	17.26
102	443	7	15.95
1998	1647	8	153.49
1567	102	4	15.44
645	14	9	16.77
6461	14	3	17.18
242	104	4	5.25
1781	170	5	54.78
233	1432	3	30.23
1654	205	5	56.59
104	646	4	13.16
1260	150	7	72.8
110	129	6	10.97
119	1052	3	19.36
104	2627	3	17.84
399	102	20	84.94
131	266	3	12.84
12	681	27	133.9
232	1	3	12.02
279	12	22	34.85
136	129	4	10.81
107	159	4	6.26
1802	102	3	10.86
1544	124	4	34.92
2413	124	3	28.07
58	1866	3	23.67
2166	12	7	32.51
327	12	9	5.07
330	379	3	24.47
1990	150	5	55.24
222	115	3	8.48
12	930	19	91.32
1464	4236	3	52.98
1386	14	3	3.92
124	428	8	57.32
1378	1180	14	274.81
102	517	6	13.84
441	101	4	4.48
233	483	3	23.34
1387	191	6	66.81
205	12	17	9.78
1537	14	3	4.31
103	1624	3	12.8
102	1536	3	9.17
101	119	18	4.17
2	405	9	48.39
1190	102	3	7.56
119	493	9	65.19
3954	14	3	10.68
119	411	3	13.4
12	1524	4	7.09
2842	12	6	32.92
608	12	6	5.49
425	139	6	43.03
1656	321	3	33.82
101	2010	3	10.88
103	349	5	10.76
276	267	80	1363.17
116	102	56	102.47
192	371	5	38.13
3383	225	3	37.79
12	6430	3	16.46
1956	16	8	84.6
1212	14	4	5.88
5322	1353	3	56.51
203	170	11	81.32
280	135	5	28.48
102	1078	3	6.92
103	298	4	5.72
103	246	4	4.08
12	2788	3	7.43
370	379	4	35.91
2	713	6	34.77
912	102	3	6.1
12	1115	8	20.49
273	14	13	11.08
130	142	3	7.27
424	647	3	29.38
12	1284	5	9.67
442	12	8	6.69
114	1974	3	23.51
1156	377	3	32.52
2701	12	3	7.43
607	9	4	23.84
315	106	4	11.76
103	313	4	6.19
3466	1281	3	49.35
106	1168	3	15.14
310	14	10	7.71
112	140	4	6.86
142	170	5	22.5
103	464	3	5.35
207	133	3	11.5
1279	101	4	11.99
209	106	3	4.42
293	168	4	24.93
1725	1280	4	60.65
4149	191	3	38.39
147	118	3	5.43
101	851	3	5.24
124	2127	4	37.82
624	14	12	28.73
1726	102	3	10.24
101	265	8	9.97
555	479	4	41.99
2975	12	3	8.54
102	164	10	7.65
193	327	3	19.05
113	166	4	9.85
6602	108	3	32.56
984	104	4	16.75
761	14	8	15.83
1448	14	4	7.33
4824	12	3	12.09
153	107	4	5.87
228	12	12	4.29
101	595	4	6.49
6713	105	3	30.53
534	232	4	34.42
12	3578	5	27.43
5374	320	3	47.31
105	272	3	5.83
104	936	4	16.34
104	1066	3	11.08
2138	12	6	21.86
1281	12	5	9.02
179	129	4	14.97
190	137	4	16.83
823	14	9	21.55
527	319	3	26.25
1567	209	3	30.35
101	1235	5	17.4
102	471	7	16.87
275	211	4	26.96
7486	101	3	22.02
128	214	4	16.7
1993	321	5	66.65
730	1395	3	38.14
416	124	8	56.96
976	104	5	23.36
2389	14	3	7.18
4852	1281	4	75.07
580	14	11	22.89
223	177	3	15.4
140	224	3	12.81
4785	12	3	12.09
4237	367	4	64.25
9	184	3	7.63
317	4642	3	42.71
2870	12	4	14.57
1205	14	5	9.45
115	102	21	7.55
13	430	3	18.79
1787	139	4	39.24
2475	12	3	7.43
8	969	5	37.72
16	156	4	8.13
103	446	3	5.12
102	685	4	8.22
102	625	10	37.15
1690	159	3	28.31
856	111	3	16.15
102	1059	3	6.92
12	389	15	24.21
137	279	3	13.98
448	461	5	52.05
116	445	5	27.7
221	493	5	43.7
1229	16	16	181.96
1	2	44	229.53
4034	3345	3	60.3
119	124	4	6.49
2813	1479	3	49.16
104	2712	4	26.93
2876	129	3	29.8
1348	143	4	35.79
6272	12	3	16.46
224	231	3	17.74
5632	2687	3	61.97
4022	124	3	33.12
975	102	3	6.63
268	1889	3	33.58
119	1385	3	21.36
108	146	6	12.85
415	12	12	16.21
1630	271	6	75.33
279	600	7	73.66
162	156	5	23.36
102	640	5	11.73
813	1178	4	52.89
124	1877	4	36.72
258	121	3	11.26
1147	14	5	8.89
106	112	11	11.36
746	9	3	17.37
702	12	5	4.22
104	141	53	243.06
946	101	3	5.73
118	12	42	5.95
101	248	6	4.12
423	152	7	55.59
551	206	3	23.12
2470	102	3	13.38
2073	12	3	5.8
2592	101	6	38.36
102	341	10	24.42
2231	12	3	6.54
264	12	11	5
12	2220	7	32.51
103	623	5	16.41
5911	12	3	16.46
58	911	7	56.28
5939	271	3	45.86
12	1056	19	104.27
362	14	12	15.7
269	329	3	21.92
144	190	13	88.45
675	170	5	43.31
114	104	13	8.39
762	14	11	29.33
221	1857	4	45.55
1430	102	5	20.1
158	466	3	19.47
809	219	4	36.97
188	4583	4	57.03
3612	14	4	18.02
156	104	39	169.32
214	305	4	28.36
101	1394	3	8.04
102	145	21	32.15
102	1535	3	9.17
1262	12	4	5.55
2726	4306	3	57.47
641	296	3	26.98
3793	14	3	10.68
12	1948	4	10.25
110	208	5	15.95
1404	14	4	7.33
3647	14	3	10.68
1699	3833	3	51.9
2773	14	4	13.7
603	181	3	22.48
104	7047	3	27.32
1664	167	3	28.96
105	224	3	4.68
173	189	6	35.57
121	923	6	49.15
2058	12	4	10.25
2	1482	3	17.87
159	12	25	13.59
300	693	3	27.71
5494	104	3	27.32
721	102	6	17.88
305	104	6	15.37
103	297	5	8.99
259	191	3	16.99
104	1209	7	40.94
809	3377	3	46.45
137	106	9	18.46
1715	12	3	4.63
625	12	20	69.01
104	390	5	13.43
2	660	3	12.58
141	14	26	11.46
5700	5533	3	71.53
1946	124	4	37.82
1029	102	4	11.48
12	3936	5	27.43
1546	1226	3	42.59
277	102	13	31.02
109	488	3	12.27
191	701	3	23.86
321	120	4	19.49
12	168	34	38.88
591	139	12	115.28
338	475	4	37.28
332	250	3	21.29
133	240	6	33.39
1225	1803	4	61.61
350	174	3	18.6
116	209	3	8.23
432	110	5	24.57
1296	422	10	146.12
223	2092	4	46.88
103	397	6	16.14
102	754	3	5.21
4413	12	3	12.09
102	806	4	9.32
157	445	9	78.68
104	290	10	34.11
5390	496	3	50.22
292	135	3	14.33
961	102	3	6.36
104	2735	6	48.93
14	58	63	47.19
2	749	3	13.45
3509	12	3	9.99
310	101	5	4.44
194	106	3	3.84
1507	12	4	7.09
213	156	3	13.61
2912	14	3	9.21
129	475	4	24.54
12	6735	3	16.46
336	16	5	22.72
108	283	3	8
122	112	5	7.04
259	176	3	16.27
552	204	6	55.27
5710	12	3	16.46
101	518	4	5.55
730	102	5	13.07
131	104	9	8.21
2737	14	3	8.09
410	141	3	17.14
1332	12	7	18.74
12	2101	3	5.8
107	278	4	11.82
573	226	4	34.88
394	102	9	22.34
782	450	16	237.55
195	340	59	869.55
104	183	127	1079.32
307	528	3	26.06
263	1507	3	31.61
4528	12	3	12.09
2141	12	4	10.25
319	166	5	34.59
101	1985	3	10.88
12	202	95	408.58
1236	1229	16	327.9
12	507	37	187.59
273	1525	3	31.83
315	104	4	7.66
122	123	6	15.28
103	148	7	5.27
102	1075	4	11.48
102	999	10	48.63
102	923	7	27.03
217	9	3	8.97
820	101	4	8.77
57	184	4	11.99
1166	12	6	12.31
5201	422	4	65.53
586	102	5	11.14
2710	188	5	62.96
251	387	3	22.22
118	527	4	22.03
1416	745	3	38.14
168	216	16	134.06
104	7001	3	27.32
920	395	3	31.37
117	106	7	4.94
12	2305	5	17.25
12	2185	3	6.54
142	869	3	21.98
247	487	3	23.75
2	1115	3	15.74
891	14	7	14.33
1228	16	16	181.96
102	4973	3	18.31
2582	12	4	12.78
9	101	26	15.99
236	14	15	12.21
858	14	4	3.89
958	204	3	26.37
685	2586	3	42.68
104	707	26	222.73
641	229	4	35.83
245	1037	4	40.44
2959	2	3	23.53
697	104	3	8.78
281	102	7	9.54
1557	139	4	37.43
118	226	3	9.13
121	754	6	46.21
2	395	7	33.63
1260	3006	3	47.77
5695	323	3	47.31
431	528	3	28.24
102	249	10	16.37
102	146	17	20.77
2520	12	3	7.43
123	170	5	18.41
1883	14	3	5.78
12	612	28	130.09
872	170	4	34.69
128	112	6	11.7
407	774	3	30.12
3246	3250	3	54.89
541	105	6	28.65
666	12	6	6.09
3906	12	3	9.99
2184	377	5	70.2
1368	4172	3	52.48
4932	561	3	46.55
701	12	5	4.22
868	232	3	26.97
120	262	3	11.25
114	179	3	6.75
105	112	10	8.33
105	181	4	6.06
425	407	9	100.96
647	14	9	16.77
127	830	3	20
863	336	4	42.43
157	117	4	10.01
3961	12	3	9.99
197	598	3	23.21
5339	6179	3	71.53
1591	14	3	4.74
112	110	7	7.41
113	914	3	17.24
104	6140	3	27.32
616	14	5	4.07
903	104	3	10.19
102	835	4	9.64
152	104	20	58.83
755	102	17	95.92
116	107	12	21.31
12	154	68	145.6
220	12	20	18.23
630	101	5	10.66
151	442	3	18.67
1589	983	3	41.12
106	241	3	5.32
154	287	3	15.89
166	1242	3	26.38
2747	14	3	8.09
769	14	5	5.64
12	3670	5	27.43
104	5115	3	22.84
108	145	4	5.74
12	363	38	140.65
435	102	5	8
104	6669	3	27.32
301	187	4	26.59
157	107	19	84.26
2030	12	3	5.8
104	321	36	241.36
104	6464	3	27.32
554	14	7	8.35
333	104	3	4.62
4255	14	3	12.8
430	13	3	18.79
103	366	5	11.08
218	103	15	46.05
102	196	12	17.16
5122	12	4	21.95
171	704	3	22.97
129	6926	3	38.11
107	245	3	6.36
2969	14	3	9.21
788	3299	3	46.45
107	161	7	17.82
110	192	6	19.45
627	1433	5	68.46
320	7460	3	47.31
494	105	4	15.14
2	523	7	38.27
8	1365	4	31.4
8	1577	3	22.62
1670	860	3	40.82
1544	139	6	62.46
255	14	12	7.38
9	11	5	28.59
419	211	4	30.98
127	124	9	33.47
105	240	3	5.03
294	112	3	9.72
5820	584	3	51.23
3557	12	3	9.99
5407	447	3	49.62
102	584	5	10.87
145	1655	3	26.72
119	2052	4	35.48
562	305	3	26.48
102	368	4	3.9
938	14	6	10.99
102	486	6	12.99
58	857	4	26.66
254	371	3	22.06
153	8	4	10.36
284	14	12	10.18
334	102	8	15.96
135	140	3	7.88
1882	102	3	10.86
158	309	6	42.31
105	577	3	10.62
104	816	4	15.22
334	551	3	27.07
211	14	14	7.45
140	112	5	10.45
434	299	4	34.96
132	424	3	16.51
2045	14	3	6.43
102	179	18	34.76
102	118	20	7.99
12	4606	4	21.95
1172	14	4	5.88
4306	12	3	12.09
1494	12	6	15.91
160	115	5	14.03
4692	12	3	12.09
102	618	5	11.43
12	199	18	10.32
723	250	3	26.34
109	6604	3	33.29
1719	14	3	5.23
2463	102	4	20.93
172	1865	5	56.27
134	554	3	18.57
343	115	3	11.64
104	491	5	16.13
104	357	13	58.17
1672	1797	4	65.19
3930	272	3	39.14
12	380	54	296.5
108	163	4	7.18
103	194	11	23.63
103	330	4	6.71
4846	12	3	12.09
2	1962	3	20.42
3107	12	4	14.57
