8422	1
4285	2
9608	3
291	4
6259	5
3377	6
7821	7
5327	8
4833	9
2621	10
5043	11
1713	12
1579	13
7720	14
4141	15
4770	16
223	17
4490	18
2576	19
7030	20
6301	21
9941	22
3405	23
5969	24
8066	25
6216	26
2196	27
2786	28
2614	29
2595	30
8483	31
7216	32
3514	33
4210	34
6057	35
4340	36
5633	37
7391	38
6949	39
3605	40
4197	41
5734	42
9783	43
6384	44
7609	45
5180	46
5370	47
9239	48
639	49
8217	50
9883	51
2589	52
4766	53
5838	54
4262	55
4041	56
2418	57
5649	58
3710	59
3642	60
8272	61
4655	62
2043	63
9881	64
6732	65
8181	66
6369	67
7688	68
9784	69
7503	70
5808	71
9928	72
2262	73
5440	74
6014	75
2044	76
6487	77
3061	78
9808	79
3686	80
9033	81
8735	82
5981	83
7938	84
6509	85
7250	86
7830	87
4213	88
1898	89
6017	90
6381	91
6019	92
9180	93
4976	94
8	95
1074	96
8050	97
2126	98
3586	99
712	100
3575	101
120	102
9114	103
949	104
8070	105
7692	106
3646	107
6926	108
406	109
8003	110
6575	111
466	112
4236	113
5252	114
8625	115
956	116
2025	117
1248	118
1480	119
3928	120
446	121
7313	122
4873	123
8848	124
2280	125
2821	126
7926	127
1965	128
2055	129
3933	130
146	131
8909	132
9339	133
3947	134
7345	135
642	136
8177	137
6169	138
5669	139
7196	140
3026	141
2042	142
1039	143
1130	144
6472	145
20	146
3589	147
2717	148
9491	149
6245	150
7968	151
7619	152
1693	153
3127	154
1946	155
6373	156
2688	157
4706	158
6883	159
6979	160
2327	161
4671	162
14	163
5570	164
937	165
7698	166
7511	167
1803	168
731	169
4269	170
274	171
4589	172
4579	173
9789	174
5136	175
7568	176
7659	177
4714	178
8266	179
6198	180
7395	181
6952	182
339	183
336	184
503	185
488	186
1253	187
6253	188
3435	189
9861	190
2596	191
7650	192
2048	193
6542	194
7246	195
5753	196
1413	197
8590	198
9906	199
1205	200
3946	201
1054	202
8576	203
6737	204
3916	205
7367	206
2835	207
8402	208
3332	209
2359	210
3151	211
3056	212
8107	213
6437	214
6130	215
8094	216
3480	217
441	218
7155	219
3886	220
8929	221
7620	222
3382	223
7783	224
1042	225
9689	226
7749	227
5020	228
4003	229
7799	230
7939	231
2928	232
1635	233
2314	234
228	235
5626	236
3929	237
3811	238
2406	239
8584	240
1546	241
3482	242
8865	243
6947	244
4641	245
3542	246
5910	247
8619	248
5881	249
2674	250
6451	251
4979	252
9954	253
9734	254
8327	255
2772	256
5507	257
7837	258
2266	259
1833	260
936	261
3347	262
6274	263
3111	264
2343	265
3850	266
953	267
6435	268
6013	269
9748	270
4657	271
9362	272
5824	273
6227	274
393	275
880	276
9154	277
5756	278
2859	279
1708	280
5951	281
9331	282
1612	283
2498	284
9545	285
2294	286
2555	287
2049	288
4206	289
3614	290
7447	291
3557	292
6797	293
4124	294
9787	295
6529	296
2698	297
8342	298
9147	299
7403	300
4892	301
1851	302
6647	303
2525	304
5256	305
2362	306
1323	307
3838	308
8427	309
597	310
4559	311
2390	312
977	313
1025	314
8123	315
7492	316
190	317
2707	318
7761	319
465	320
2403	321
4328	322
952	323
7621	324
1421	325
2177	326
9905	327
298	328
4291	329
495	330
8728	331
680	332
9633	333
2654	334
3339	335
2062	336
6956	337
820	338
4982	339
1228	340
1544	341
3968	342
7686	343
6805	344
401	345
1087	346
7474	347
1747	348
1834	349
9622	350
279	351
8203	352
8268	353
1805	354
3238	355
9898	356
9956	357
381	358
5686	359
5466	360
4522	361
6983	362
717	363
967	364
447	365
5026	366
5422	367
2342	368
2156	369
7910	370
6818	371
5667	372
4010	373
5288	374
2149	375
3574	376
2487	377
8276	378
8721	379
9586	380
7038	381
8518	382
9820	383
3176	384
5827	385
4715	386
3257	387
3943	388
8609	389
5828	390
176	391
8341	392
8875	393
5025	394
518	395
3671	396
5708	397
4544	398
6490	399
9824	400
4543	401
6266	402
9446	403
2977	404
118	405
9421	406
9356	407
7556	408
3273	409
7209	410
366	411
7689	412
2682	413
8407	414
3479	415
7441	416
3190	417
7766	418
6416	419
7791	420
5735	421
3296	422
9913	423
7481	424
9809	425
1321	426
138	427
8090	428
7608	429
3965	430
996	431
7338	432
9637	433
3280	434
1194	435
300	436
8032	437
9189	438
4104	439
8686	440
2240	441
12	442
558	443
745	444
4311	445
3538	446
3598	447
5970	448
295	449
6571	450
2326	451
1033	452
4329	453
9383	454
9792	455
5548	456
4232	457
6762	458
3472	459
3669	460
9227	461
3042	462
5069	463
6097	464
8062	465
8034	466
296	467
5224	468
2091	469
2402	470
112	471
3294	472
9620	473
9825	474
451	475
4997	476
4062	477
7294	478
4735	479
8892	480
912	481
9801	482
2470	483
3106	484
5950	485
9592	486
4536	487
688	488
3643	489
5815	490
947	491
8246	492
6629	493
5175	494
1197	495
4080	496
8278	497
9412	498
2448	499
6131	500
5887	501
8377	502
8662	503
9487	504
1411	505
8290	506
2759	507
9705	508
3004	509
910	510
2480	511
3932	512
1433	513
4549	514
4690	515
3384	516
8525	517
415	518
9007	519
4778	520
2259	521
8838	522
2793	523
4538	524
9394	525
1004	526
7215	527
8814	528
5100	529
1917	530
9659	531
4156	532
3531	533
7287	534
3019	535
2630	536
6670	537
5675	538
2038	539
7409	540
3264	541
3113	542
5711	543
1186	544
7066	545
8890	546
1759	547
7160	548
8934	549
3062	550
1256	551
1928	552
9943	553
4267	554
738	555
6039	556
3164	557
3807	558
8698	559
5147	560
2700	561
7935	562
191	563
6648	564
7616	565
1120	566
3428	567
62	568
4927	569
5357	570
7955	571
1057	572
2503	573
2669	574
7584	575
617	576
402	577
328	578
612	579
6703	580
1950	581
629	582
5143	583
5819	584
6890	585
5305	586
5359	587
1008	588
3352	589
9669	590
3239	591
1885	592
8471	593
8708	594
4434	595
3855	596
7352	597
7463	598
352	599
9303	600
1037	601
1829	602
8009	603
4325	604
9222	605
6899	606
6612	607
6020	608
2647	609
4918	610
4573	611
201	612
2844	613
3871	614
184	615
6405	616
6521	617
761	618
7086	619
9884	620
9449	621
8033	622
1576	623
2208	624
3720	625
3602	626
6323	627
920	628
4238	629
3645	630
2476	631
6989	632
2598	633
485	634
8245	635
4027	636
8732	637
1461	638
6771	639
6108	640
1552	641
3665	642
5375	643
6359	644
4095	645
911	646
7469	647
7929	648
3154	649
9504	650
1607	651
2686	652
6399	653
6946	654
8399	655
9115	656
2303	657
3274	658
1204	659
9556	660
9551	661
7828	662
6674	663
908	664
4988	665
2626	666
9045	667
6656	668
3319	669
3797	670
4650	671
2333	672
1062	673
4796	674
1817	675
3804	676
4430	677
2016	678
8380	679
2985	680
4222	681
8683	682
1774	683
895	684
6711	685
6740	686
4720	687
4227	688
9017	689
5557	690
683	691
919	692
2804	693
7304	694
566	695
1138	696
525	697
4925	698
9396	699
3935	700
6356	701
5700	702
9603	703
3129	704
2601	705
1224	706
5861	707
6016	708
8709	709
94	710
1958	711
3216	712
2485	713
3266	714
4722	715
5487	716
7262	717
8281	718
8515	719
7964	720
8271	721
6123	722
9757	723
7072	724
4025	725
3	726
8911	727
7281	728
4904	729
3826	730
2851	731
2501	732
1549	733
482	734
2777	735
4654	736
1096	737
3240	738
4804	739
4599	740
6619	741
486	742
1779	743
2994	744
6598	745
5634	746
1079	747
6092	748
4799	749
35	750
4952	751
793	752
1573	753
1575	754
9876	755
8403	756
5225	757
1193	758
5984	759
388	760
9430	761
438	762
3096	763
6750	764
102	765
7075	766
4140	767
6775	768
9082	769
2746	770
8386	771
7823	772
5218	773
6714	774
2632	775
6348	776
3085	777
3519	778
8295	779
2187	780
743	781
4457	782
516	783
4376	784
553	785
9554	786
2805	787
6163	788
84	789
5	790
6903	791
7451	792
9574	793
4109	794
6308	795
4163	796
9607	797
8260	798
515	799
4693	800
5023	801
1116	802
7393	803
3708	804
2029	805
3843	806
4764	807
3888	808
5473	809
7231	810
2458	811
9177	812
7594	813
7136	814
1084	815
1044	816
6858	817
2105	818
5477	819
5186	820
6791	821
5312	822
8761	823
7856	824
760	825
5791	826
876	827
7032	828
1490	829
2882	830
74	831
1633	832
6058	833
6772	834
9696	835
9256	836
6853	837
4723	838
660	839
6835	840
2524	841
8530	842
3105	843
3465	844
8617	845
7400	846
628	847
6912	848
1165	849
450	850
6068	851
9626	852
9495	853
3754	854
3623	855
1170	856
8071	857
258	858
1374	859
4456	860
4605	861
1585	862
6532	863
2122	864
6783	865
6109	866
8730	867
6756	868
1959	869
5127	870
3206	871
5164	872
619	873
8174	874
9532	875
5657	876
195	877
7450	878
2175	879
6766	880
3787	881
4386	882
8646	883
3484	884
9506	885
8269	886
4788	887
7990	888
7536	889
3140	890
7167	891
5697	892
614	893
6162	894
8908	895
2104	896
2642	897
9653	898
9287	899
8791	900
1505	901
9392	902
1789	903
892	904
55	905
7552	906
211	907
7354	908
8715	909
4164	910
1663	911
2822	912
1161	913
5291	914
7615	915
1987	916
5245	917
4960	918
4122	919
7907	920
3159	921
2246	922
1657	923
4810	924
9313	925
4137	926
1187	927
5057	928
6229	929
1463	930
3109	931
396	932
509	933
3050	934
3844	935
4242	936
3178	937
8861	938
9028	939
8611	940
9332	941
3986	942
6850	943
9606	944
3246	945
7670	946
3277	947
5279	948
7000	949
702	950
2852	951
6972	952
2478	953
3813	954
2988	955
212	956
5126	957
6263	958
9917	959
6695	960
2117	961
4446	962
6417	963
2396	964
3790	965
3211	966
4588	967
7449	968
4369	969
9438	970
9305	971
502	972
8745	973
2050	974
1870	975
3631	976
157	977
7422	978
4	979
3205	980
2125	981
5366	982
4862	983
700	984
3477	985
6044	986
7808	987
9802	988
7544	989
1942	990
2834	991
1485	992
2791	993
2967	994
4556	995
5189	996
7840	997
3468	998
3031	999
733	1000
2329	1001
2873	1002
5840	1003
2980	1004
9308	1005
4620	1006
1669	1007
7114	1008
5914	1009
2413	1010
3438	1011
2715	1012
7070	1013
5449	1014
7062	1015
5966	1016
718	1017
1876	1018
5471	1019
9579	1020
2782	1021
6316	1022
4531	1023
5304	1024
5497	1025
9676	1026
8443	1027
7701	1028
3969	1029
2176	1030
3934	1031
6030	1032
7057	1033
4421	1034
8541	1035
8334	1036
7970	1037
1093	1038
8839	1039
394	1040
5233	1041
560	1042
1963	1043
6362	1044
4803	1045
4332	1046
9508	1047
9644	1048
7496	1049
5825	1050
616	1051
4555	1052
6400	1053
5869	1054
2853	1055
1938	1056
5904	1057
3958	1058
4001	1059
997	1060
9946	1061
6486	1062
5597	1063
6604	1064
7675	1065
870	1066
2129	1067
2636	1068
6240	1069
4383	1070
2902	1071
9322	1072
8615	1073
8955	1074
9860	1075
2388	1076
3864	1077
121	1078
4942	1079
6961	1080
9036	1081
8191	1082
5470	1083
3936	1084
1332	1085
7276	1086
4854	1087
7132	1088
8936	1089
329	1090
7056	1091
7437	1092
9830	1093
1512	1094
5937	1095
6777	1096
529	1097
1828	1098
9840	1099
6159	1100
636	1101
9370	1102
8883	1103
7098	1104
8421	1105
4791	1106
6682	1107
2162	1108
9176	1109
225	1110
8613	1111
3483	1112
6559	1113
8205	1114
9462	1115
9953	1116
3337	1117
3160	1118
2263	1119
3369	1120
3416	1121
9492	1122
9003	1123
6319	1124
1800	1125
9194	1126
2612	1127
3841	1128
6420	1129
5178	1130
1104	1131
9145	1132
2569	1133
7909	1134
2779	1135
4844	1136
9688	1137
9355	1138
5923	1139
4073	1140
461	1141
1199	1142
4117	1143
1407	1144
8275	1145
1314	1146
6388	1147
5995	1148
715	1149
9075	1150
9069	1151
9172	1152
1341	1153
3237	1154
6001	1155
3364	1156
6365	1157
1997	1158
4786	1159
175	1160
7577	1161
8362	1162
1000	1163
7010	1164
3881	1165
3168	1166
9750	1167
9936	1168
6099	1169
4447	1170
4403	1171
1178	1172
6924	1173
7116	1174
7642	1175
4728	1176
7690	1177
3024	1178
944	1179
8767	1180
3552	1181
530	1182
4936	1183
2912	1184
4133	1185
926	1186
8692	1187
3921	1188
8299	1189
6202	1190
2785	1191
5356	1192
9399	1193
2230	1194
497	1195
4127	1196
4259	1197
6525	1198
7153	1199
1344	1200
7728	1201
1616	1202
7855	1203
5198	1204
9103	1205
2142	1206
179	1207
9373	1208
4162	1209
2841	1210
1700	1211
6119	1212
6567	1213
6968	1214
248	1215
9220	1216
2789	1217
6164	1218
9521	1219
1035	1220
3713	1221
2030	1222
504	1223
8305	1224
6814	1225
7550	1226
9780	1227
3410	1228
7214	1229
7071	1230
1862	1231
1123	1232
7905	1233
9503	1234
3195	1235
834	1236
3737	1237
9829	1238
3959	1239
1519	1240
6665	1241
1106	1242
5426	1243
8524	1244
7426	1245
8474	1246
9738	1247
2300	1248
6419	1249
5771	1250
8495	1251
9230	1252
7859	1253
7601	1254
3329	1255
6778	1256
8618	1257
5535	1258
7836	1259
61	1260
2461	1261
1180	1262
3501	1263
8884	1264
9359	1265
3272	1266
8489	1267
9166	1268
8036	1269
3788	1270
8920	1271
53	1272
9198	1273
7337	1274
5135	1275
3547	1276
8426	1277
7159	1278
5469	1279
1355	1280
1956	1281
6015	1282
2533	1283
8428	1284
7005	1285
2323	1286
546	1287
8126	1288
5933	1289
3439	1290
6517	1291
1840	1292
3971	1293
2373	1294
6787	1295
5221	1296
2210	1297
8167	1298
8986	1299
4203	1300
8127	1301
9692	1302
4229	1303
9326	1304
8180	1305
9071	1306
7336	1307
442	1308
5915	1309
1418	1310
780	1311
8265	1312
3095	1313
6810	1314
5132	1315
1111	1316
8429	1317
9025	1318
2540	1319
5048	1320
4986	1321
5138	1322
6811	1323
3286	1324
1107	1325
9821	1326
5184	1327
6305	1328
1924	1329
3090	1330
6849	1331
9805	1332
8752	1333
2118	1334
3592	1335
4754	1336
9212	1337
5575	1338
6009	1339
311	1340
9132	1341
1902	1342
9213	1343
2638	1344
6991	1345
278	1346
2995	1347
6792	1348
5775	1349
9169	1350
7807	1351
2904	1352
6937	1353
4444	1354
9002	1355
7471	1356
9367	1357
5796	1358
4562	1359
1994	1360
7340	1361
9111	1362
2429	1363
7567	1364
475	1365
8490	1366
5804	1367
4800	1368
2619	1369
5226	1370
8516	1371
12	1372
4380	1373
5922	1374
1066	1375
3548	1376
4264	1377
6059	1378
4649	1379
1103	1380
2012	1381
1304	1382
2761	1383
7108	1384
6184	1385
588	1386
344	1387
5372	1388
1395	1389
902	1390
4179	1391
9569	1392
4977	1393
8970	1394
9654	1395
4059	1396
1823	1397
6431	1398
5857	1399
6432	1400
4905	1401
5407	1402
8990	1403
2611	1404
9250	1405
7653	1406
126	1407
7822	1408
1763	1409
3091	1410
6976	1411
6338	1412
4798	1413
3760	1414
2924	1415
7834	1416
940	1417
6179	1418
186	1419
986	1420
2453	1421
5363	1422
8189	1423
2293	1424
3452	1425
6741	1426
3052	1427
1132	1428
1566	1429
5945	1430
2224	1431
4866	1432
4033	1433
1808	1434
3566	1435
4442	1436
1542	1437
4948	1438
2951	1439
1473	1440
8781	1441
3158	1442
4373	1443
9217	1444
9742	1445
4007	1446
4816	1447
2896	1448
1557	1449
2228	1450
4592	1451
2878	1452
4840	1453
357	1454
9316	1455
5978	1456
4535	1457
2952	1458
7297	1459
1347	1460
9464	1461
7201	1462
293	1463
1203	1464
9799	1465
6183	1466
4849	1467
3365	1468
3118	1469
1378	1470
5408	1471
1050	1472
6469	1473
7302	1474
3662	1475
4212	1476
140	1477
6395	1478
2966	1479
6729	1480
4875	1481
716	1482
6774	1483
3795	1484
7233	1485
4257	1486
7365	1487
7081	1488
6671	1489
429	1490
1677	1491
918	1492
5464	1493
280	1494
2578	1495
9005	1496
6798	1497
6608	1498
8856	1499
3823	1500
5971	1501
5416	1502
3392	1503
3099	1504
6286	1505
299	1506
7113	1507
2348	1508
3917	1509
1533	1510
7137	1511
8288	1512
5171	1513
3170	1514
7576	1515
8736	1516
1283	1517
6530	1518
7298	1519
765	1520
4586	1521
4814	1522
3	1523
8200	1524
2590	1525
6673	1526
6888	1527
4472	1528
6287	1529
2080	1530
3961	1531
2758	1532
8558	1533
1503	1534
1420	1535
9214	1536
6053	1537
7373	1538
1509	1539
9223	1540
5404	1541
2269	1542
3086	1543
3328	1544
9512	1545
5202	1546
4907	1547
2970	1548
7723	1549
3473	1550
9744	1551
3317	1552
6391	1553
5687	1554
5413	1555
8548	1556
9598	1557
3530	1558
2257	1559
3234	1560
1545	1561
7078	1562
289	1563
9240	1564
5556	1565
4581	1566
6401	1567
1179	1568
5290	1569
9793	1570
6387	1571
5953	1572
3505	1573
4413	1574
5604	1575
4558	1576
1952	1577
1489	1578
7922	1579
4529	1580
6563	1581
9106	1582
6554	1583
6686	1584
5862	1585
507	1586
9963	1587
19	1588
6091	1589
5005	1590
837	1591
1598	1592
7776	1593
7013	1594
7789	1595
4836	1596
3818	1597
5790	1598
6285	1599
4956	1600
324	1601
3904	1602
7928	1603
9342	1604
5993	1605
5785	1606
2112	1607
2690	1608
6061	1609
4400	1610
4006	1611
2739	1612
4492	1613
9304	1614
6211	1615
86	1616
1109	1617
3673	1618
3654	1619
2268	1620
2964	1621
6298	1622
9713	1623
2893	1624
2591	1625
1390	1626
2868	1627
4855	1628
144	1629
2765	1630
9557	1631
7540	1632
7180	1633
8633	1634
7041	1635
3028	1636
1786	1637
2706	1638
1659	1639
2155	1640
8227	1641
7936	1642
413	1643
3318	1644
2011	1645
9634	1646
7725	1647
4737	1648
891	1649
9408	1650
9165	1651
3897	1652
3055	1653
5223	1654
7399	1655
8248	1656
6603	1657
8536	1658
2028	1659
7585	1660
2198	1661
4811	1662
5743	1663
9354	1664
7750	1665
4709	1666
2948	1667
706	1668
7303	1669
6962	1670
8627	1671
6626	1672
8815	1673
5339	1674
4820	1675
2971	1676
7386	1677
4348	1678
7668	1679
7666	1680
9385	1681
8472	1682
9371	1683
9846	1684
5386	1685
8282	1686
5474	1687
8793	1688
3679	1689
4594	1690
6364	1691
5038	1692
6180	1693
5558	1694
6421	1695
5103	1696
2962	1697
6279	1698
7002	1699
4283	1700
1	1701
5214	1702
7704	1703
5379	1704
6641	1705
5402	1706
5319	1707
5392	1708
8965	1709
1419	1710
7248	1711
3192	1712
3580	1713
736	1714
8105	1715
1912	1716
8139	1717
9564	1718
3075	1719
2930	1720
4263	1721
7906	1722
8491	1723
2897	1724
3326	1725
5901	1726
7911	1727
6938	1728
4685	1729
6192	1730
1686	1731
1776	1732
165	1733
1124	1734
177	1735
7512	1736
1951	1737
1153	1738
8755	1739
1133	1740
3481	1741
7736	1742
5850	1743
6357	1744
8626	1745
6100	1746
77	1747
7784	1748
4761	1749
2227	1750
4683	1751
6170	1752
5867	1753
2565	1754
5456	1755
1871	1756
2237	1757
9587	1758
5806	1759
637	1760
9662	1761
7881	1762
4375	1763
6857	1764
8760	1765
4152	1766
3555	1767
8926	1768
4929	1769
9127	1770
7268	1771
411	1772
1410	1773
915	1774
5546	1775
2709	1776
8996	1777
847	1778
3682	1779
7516	1780
9790	1781
151	1782
1879	1783
244	1784
8312	1785
9123	1786
6116	1787
2900	1788
9631	1789
1811	1790
9717	1791
1893	1792
6977	1793
8079	1794
8319	1795
7579	1796
2769	1797
7641	1798
8168	1799
116	1800
4042	1801
6545	1802
7739	1803
4250	1804
285	1805
7188	1806
8719	1807
5483	1808
483	1809
1821	1810
3424	1811
2200	1812
4853	1813
3287	1814
6957	1815
1089	1816
4554	1817
3735	1818
8010	1819
4612	1820
412	1821
3931	1822
1460	1823
350	1824
6207	1825
4781	1826
9249	1827
3913	1828
3774	1829
2100	1830
5206	1831
1733	1832
7933	1833
9232	1834
7014	1835
233	1836
1056	1837
8476	1838
1486	1839
6433	1840
73	1841
7334	1842
9651	1843
6414	1844
698	1845
7656	1846
7835	1847
8307	1848
1382	1849
6340	1850
226	1851
2150	1852
5613	1853
4101	1854
367	1855
8112	1856
6156	1857
7538	1858
7480	1859
8783	1860
38	1861
4119	1862
2693	1863
5692	1864
4467	1865
9010	1866
9911	1867
6209	1868
7721	1869
8827	1870
9096	1871
3116	1872
5831	1873
8178	1874
7362	1875
6643	1876
7991	1877
3120	1878
4118	1879
5635	1880
844	1881
2942	1882
5089	1883
5998	1884
8564	1885
2840	1886
7318	1887
9836	1888
8944	1889
4102	1890
7787	1891
5540	1892
4912	1893
8296	1894
6455	1895
4741	1896
7376	1897
1807	1898
6513	1899
4809	1900
6738	1901
2444	1902
2191	1903
1235	1904
1998	1905
4901	1906
9000	1907
9664	1908
4572	1909
1815	1910
9754	1911
2651	1912
8055	1913
8002	1914
7097	1915
4974	1916
1736	1917
7170	1918
2003	1919
4751	1920
7256	1921
7979	1922
5920	1923
7662	1924
2529	1925
3724	1926
397	1927
6876	1928
3727	1929
8222	1930
2302	1931
4306	1932
7012	1933
2426	1934
4445	1935
759	1936
5283	1937
8826	1938
3371	1939
9599	1940
4484	1941
4666	1942
1785	1943
3321	1944
1401	1945
4825	1946
8796	1947
3930	1948
3590	1949
9447	1950
6500	1951
888	1952
3896	1953
7039	1954
5883	1955
6492	1956
5490	1957
990	1958
7454	1959
5618	1960
5583	1961
8404	1962
9725	1963
8904	1964
2161	1965
9060	1966
2307	1967
8343	1968
3700	1969
6806	1970
5666	1971
5674	1972
8805	1973
5208	1974
724	1975
7885	1976
3135	1977
4289	1978
159	1979
3909	1980
9615	1981
899	1982
282	1983
2321	1984
7353	1985
2322	1986
5491	1987
5549	1988
1	1989
6355	1990
8575	1991
8039	1992
6120	1993
5678	1994
8637	1995
7722	1996
8957	1997
5607	1998
2819	1999
7029	2000
8971	2001
4067	2002
5531	2003
8997	2004
5062	2005
6900	2006
8028	2007
1357	2008
7424	2009
8085	2010
2516	2011
7389	2012
934	2013
2395	2014
7753	2015
1160	2016
9934	2017
6930	2018
428	2019
8638	2020
4244	2021
210	2022
8013	2023
3059	2024
7311	2025
8790	2026
7044	2027
7919	2028
2320	2029
1761	2030
7319	2031
7377	2032
5134	2033
5989	2034
182	2035
1488	2036
6334	2037
787	2038
2818	2039
1679	2040
9845	2041
2386	2042
5835	2043
4609	2044
5912	2045
9024	2046
4319	2047
6173	2048
1891	2049
290	2050
2749	2051
5109	2052
1716	2053
8237	2054
7	2055
9815	2056
651	2057
9534	2058
5094	2059
3584	2060
604	2061
6551	2062
277	2063
6958	2064
9745	2065
4826	2066
5148	2067
1744	2068
5346	2069
9781	2070
364	2071
4891	2072
2872	2073
7043	2074
7322	2075
7861	2076
1303	2077
1801	2078
1921	2079
1909	2080
5957	2081
1443	2082
1664	2083
6653	2084
9306	2085
392	2086
7425	2087
7634	2088
209	2089
8216	2090
9974	2091
5685	2092
6564	2093
1360	2094
2919	2095
9454	2096
8077	2097
9541	2098
8293	2099
5014	2100
7549	2101
3220	2102
8068	2103
4362	2104
3601	2105
4518	2106
8585	2107
4121	2108
2537	2109
6520	2110
3285	2111
2244	2112
4665	2113
9262	2114
6256	2115
5362	2116
9009	2117
7074	2118
966	2119
7660	2120
2573	2121
4151	2122
580	2123
5070	2124
6335	2125
4426	2126
1666	2127
4731	2128
3667	2129
128	2130
1400	2131
7806	2132
2301	2133
3666	2134
630	2135
3879	2136
8406	2137
7164	2138
6692	2139
472	2140
3664	2141
4405	2142
5585	2143
4313	2144
2128	2145
6293	2146
622	2147
6917	2148
9476	2149
150	2150
4342	2151
7875	2152
1536	2153
8539	2154
8623	2155
4817	2156
5353	2157
6070	2158
6230	2159
4688	2160
5340	2161
6970	2162
6623	2163
2956	2164
3440	2165
5259	2166
3043	2167
8706	2168
7306	2169
8231	2170
8901	2171
4534	2172
9546	2173
6764	2174
7781	2175
6072	2176
3051	2177
8309	2178
2643	2179
5384	2180
9068	2181
5212	2182
8565	2183
4922	2184
5590	2185
4996	2186
6863	2187
2913	2188
8818	2189
7390	2190
914	2191
3071	2192
1699	2193
5860	2194
3550	2195
7519	2196
5527	2197
2441	2198
4500	2199
4254	2200
6459	2201
1975	2202
9670	2203
1530	2204
5124	2205
496	2206
8339	2207
2670	2208
1339	2209
2119	2210
8750	2211
1117	2212
1908	2213
1014	2214
8095	2215
6940	2216
4378	2217
7596	2218
2663	2219
3895	2220
807	2221
309	2222
1210	2223
9035	2224
7257	2225
9244	2226
6719	2227
7467	2228
1869	2229
2800	2230
8511	2231
6618	2232
4621	2233
7381	2234
1365	2235
1041	2236
3581	2237
3014	2238
6168	2239
4494	2240
6538	2241
9157	2242
4830	2243
1850	2244
3517	2245
9268	2246
4491	2247
456	2248
7679	2249
4216	2250
593	2251
3698	2252
9864	2253
9091	2254
4679	2255
8037	2256
3924	2257
6668	2258
5863	2259
4496	2260
1655	2261
9576	2262
213	2263
1167	2264
1727	2265
6349	2266
8451	2267
9471	2268
9290	2269
3907	2270
8724	2271
1706	2272
2361	2273
8651	2274
103	2275
8384	2276
8743	2277
2708	2278
5519	2279
6341	2280
1767	2281
4590	2282
758	2283
3609	2284
9329	2285
6755	2286
2310	2287
7106	2288
2640	2289
9656	2290
41	2291
2508	2292
6462	2293
5376	2294
424	2295
3104	2296
5309	2297
4582	2298
1181	2299
670	2300
764	2301
2216	2302
9183	2303
5486	2304
9209	2305
9255	2306
9377	2307
563	2308
389	2309
6923	2310
2903	2311
7957	2312
7852	2313
4020	2314
6103	2315
2005	2316
9488	2317
5335	2318
4934	2319
5895	2320
2372	2321
152	2322
1988	2323
2609	2324
4479	2325
1024	2326
8758	2327
2423	2328
5537	2329
7639	2330
3408	2331
3363	2332
5488	2333
2731	2334
2803	2335
1126	2336
7714	2337
123	2338
2876	2339
6874	2340
2891	2341
8478	2342
1715	2343
5063	2344
3301	2345
6770	2346
4957	2347
1234	2348
741	2349
8323	2350
2172	2351
5405	2352
1973	2353
663	2354
1141	2355
459	2356
236	2357
8510	2358
1564	2359
9942	2360
7542	2361
805	2362
6856	2363
3172	2364
2968	2365
60	2366
7825	2367
1844	2368
8687	2369
3744	2370
2205	2371
4533	2372
3523	2373
8099	2374
1275	2375
7640	2376
696	2377
6862	2378
5397	2379
8348	2380
4894	2381
8528	2382
1260	2383
8440	2384
6222	2385
8537	2386
3587	2387
3270	2388
6793	2389
156	2390
2167	2391
2895	2392
6860	2393
8430	2394
9851	2395
3672	2396
9895	2397
9877	2398
6402	2399
6932	2400
6807	2401
3395	2402
6331	2403
9702	2404
4230	2405
5992	2406
6995	2407
5705	2408
7645	2409
5832	2410
5082	2411
6121	2412
9863	2413
9776	2414
7829	2415
601	2416
5459	2417
3900	2418
3657	2419
1652	2420
1128	2421
5075	2422
817	2423
9129	2424
5168	2425
3289	2426
1777	2427
8600	2428
5336	2429
3372	2430
788	2431
7558	2432
5369	2433
4217	2434
8612	2435
5113	2436
2106	2437
5270	2438
4333	2439
1665	2440
8601	2441
342	2442
9866	2443
6372	2444
1683	2445
690	2446
1299	2447
9224	2448
9522	2449
7752	2450
6733	2451
6212	2452
6258	2453
8703	2454
8005	2455
371	2456
5882	2457
5183	2458
6866	2459
7323	2460
3491	2461
9540	2462
7573	2463
828	2464
6177	2465
6199	2466
1925	2467
2318	2468
7052	2469
9337	2470
2695	2471
6556	2472
4436	2473
8131	2474
316	2475
1529	2476
3676	2477
5166	2478
8484	2479
3344	2480
4739	2481
8118	2482
9101	2483
9062	2484
754	2485
6481	2486
955	2487
9465	2488
3707	2489
9352	2490
816	2491
7401	2492
5710	2493
4755	2494
7887	2495
458	2496
7590	2497
2158	2498
6919	2499
4388	2500
4324	2501
9885	2502
6974	2503
570	2504
4687	2505
2019	2506
5322	2507
7664	2508
9104	2509
750	2510
3884	2511
6752	2512
1352	2513
4249	2514
9444	2515
2368	2516
5504	2517
2494	2518
5078	2519
8562	2520
6922	2521
6077	2522
3771	2523
83	2524
9743	2525
658	2526
7473	2527
4680	2528
2376	2529
969	2530
9431	2531
5512	2532
8023	2533
8338	2534
4014	2535
7264	2536
2232	2537
9704	2538
9253	2539
7521	2540
2094	2541
4207	2542
8869	2543
2795	2544
235	2545
7969	2546
2046	2547
7228	2548
5659	2549
5421	2550
7151	2551
6943	2552
851	2553
6706	2554
4046	2555
9246	2556
9363	2557
9703	2558
6609	2559
2422	2560
922	2561
7416	2562
5581	2563
5852	2564
1626	2565
5821	2566
6524	2567
4271	2568
4186	2569
3069	2570
8549	2571
6115	2572
8261	2573
6079	2574
1356	2575
1816	2576
8774	2577
933	2578
8170	2579
9751	2580
9590	2581
6591	2582
9878	2583
7733	2584
4450	2585
3212	2586
8589	2587
1648	2588
1689	2589
6060	2590
4331	2591
8146	2592
1482	2593
7126	2594
4782	2595
9765	2596
5451	2597
8527	2598
3887	2599
217	2600
3511	2601
913	2602
7883	2603
7557	2604
7971	2605
7208	2606
1335	2607
7206	2608
9966	2609
5311	2610
3131	2611
9294	2612
2169	2613
1409	2614
1322	2615
8225	2616
6243	2617
771	2618
6582	2619
8374	2620
4965	2621
4769	2622
2286	2623
460	2624
7027	2625
8959	2626
543	2627
5864	2628
7565	2629
8915	2630
4978	2631
6993	2632
1219	2633
173	2634
4937	2635
5593	2636
1707	2637
958	2638
2581	2639
9724	2640
2412	2641
6006	2642
8508	2643
8067	2644
3221	2645
3402	2646
5371	2647
8340	2648
2209	2649
407	2650
2721	2651
8187	2652
3447	2653
2733	2654
8704	2655
8893	2656
4758	2657
2292	2658
1334	2659
288	2660
2562	2661
9038	2662
9379	2663
9122	2664
5909	2665
398	2666
9388	2667
5196	2668
6669	2669
5065	2670
5646	2671
4358	2672
8396	2673
1762	2674
1696	2675
8157	2676
5680	2677
8775	2678
4084	2679
1799	2680
2116	2681
3381	2682
2500	2683
5318	2684
380	2685
2659	2686
3097	2687
555	2688
4972	2689
5093	2690
2712	2691
8148	2692
4130	2693
8668	2694
6239	2695
4762	2696
9029	2697
9042	2698
6429	2699
711	2700
1211	2701
4946	2702
6037	2703
9695	2704
9498	2705
4968	2706
70	2707
2877	2708
125	2709
9844	2710
2138	2711
5140	2712
9602	2713
8372	2714
7261	2715
9837	2716
3699	2717
8720	2718
4553	2719
9927	2720
6002	2721
5751	2722
5394	2723
3939	2724
2192	2725
2486	2726
1741	2727
9550	2728
1150	2729
7186	2730
9162	2731
5122	2732
6367	2733
9485	2734
1651	2735
5803	2736
3874	2737
13	2738
4026	2739
5816	2740
7943	2741
2060	2742
4043	2743
6255	2744
1337	2745
2428	2746
849	2747
3011	2748
44	2749
7009	2750
9231	2751
7025	2752
9039	2753
6463	2754
4252	2755
4435	2756
320	2757
527	2758
6751	2759
29	2760
2787	2761
8044	2762
3359	2763
7348	2764
3018	2765
3816	2766
7172	2767
3780	2768
1017	2769
3466	2770
7207	2771
1738	2772
5681	2773
2730	2774
7510	2775
301	2776
7878	2777
8691	2778
6704	2779
8398	2780
4108	2781
646	2782
24	2783
1483	2784
81	2785
610	2786
9673	2787
2183	2788
268	2789
8910	2790
1296	2791
6140	2792
2567	2793
5733	2794
6577	2795
8467	2796
9389	2797
5902	2798
7702	2799
3047	2800
9926	2801
5660	2802
3678	2803
3132	2804
8785	2805
2218	2806
2248	2807
2475	2808
7385	2809
6347	2810
7884	2811
3815	2812
1949	2813
9819	2814
8325	2815
3144	2816
4861	2817
7532	2818
3327	2819
1687	2820
3103	2821
4700	2822
734	2823
7972	2824
1605	2825
4245	2826
4284	2827
4878	2828
448	2829
4519	2830
8302	2831
3882	2832
9711	2833
9008	2834
2735	2835
7767	2836
540	2837
6361	2838
6317	2839
2474	2840
1592	2841
835	2842
545	2843
6784	2844
8226	2845
9740	2846
884	2847
1233	2848
9812	2849
5741	2850
4802	2851
9700	2852
3729	2853
547	2854
7129	2855
4471	2856
9205	2857
4260	2858
6294	2859
5188	2860
1362	2861
8405	2862
3997	2863
7452	2864
7777	2865
2544	2866
4110	2867
7169	2868
5316	2869
6226	2870
5006	2871
6527	2872
9450	2873
4950	2874
3397	2875
3152	2876
2991	2877
3866	2878
2283	2879
4794	2880
6628	2881
5550	2882
2725	2883
781	2884
219	2885
5141	2886
6730	2887
2253	2888
3508	2889
4276	2890
6898	2891
1672	2892
4159	2893
2123	2894
6194	2895
4087	2896
2932	2897
9909	2898
6746	2899
4521	2900
4157	2901
9456	2902
1794	2903
2627	2904
8270	2905
5722	2906
9158	2907
9207	2908
9293	2909
9427	2910
4114	2911
1399	2912
1944	2913
6569	2914
513	2915
8322	2916
3920	2917
7210	2918
9149	2919
119	2920
9130	2921
5209	2922
8420	2923
7270	2924
9407	2925
2047	2926
4076	2927
825	2928
2101	2929
287	2930
8812	2931
3898	2932
3415	2933
776	2934
6299	2935
9225	2936
691	2937
7332	2938
8455	2939
1157	2940
95	2941
5242	2942
871	2943
6501	2944
5383	2945
7493	2946
3179	2947
4219	2948
6617	2949
7756	2950
2848	2951
7333	2952
26	2953
1927	2954
9089	2955
399	2956
7610	2957
5002	2958
272	2959
2201	2960
5569	2961
8019	2962
6394	2963
1734	2964
4146	2965
5204	2966
5740	2967
6066	2968
4357	2969
6466	2970
6269	2971
6948	2972
7902	2973
2107	2974
9181	2975
6111	2976
4483	2977
6147	2978
881	2979
1771	2980
567	2981
3214	2982
9528	2983
751	2984
7589	2985
3641	2986
5706	2987
4509	2988
8543	2989
8500	2990
5799	2991
8292	2992
7537	2993
2306	2994
4504	2995
3722	2996
4872	2997
4082	2998
134	2999
425	3000
5403	3001
3089	3002
4629	3003
2270	3004
6928	3005
4566	3006
114	3007
7842	3008
1182	3009
1431	3010
6767	3011
6590	3012
9390	3013
39	3014
2254	3015
9814	3016
2552	3017
5683	3018
848	3019
8870	3020
4132	3021
2727	3022
3094	3023
3743	3024
775	3025
634	3026
5567	3027
7273	3028
2953	3029
6769	3030
8056	3031
8468	3032
7161	3033
6219	3034
8100	3035
7189	3036
1964	3037
631	3038
5367	3039
2039	3040
5880	3041
9520	3042
3830	3043
3199	3044
550	3045
6622	3046
5596	3047
6088	3048
4695	3049
7028	3050
4732	3051
3136	3052
2886	3053
8389	3054
1250	3055
7506	3056
4577	3057
7341	3058
3812	3059
2203	3060
1446	3061
3046	3062
1251	3063
2979	3064
9715	3065
869	3066
6699	3067
42	3068
3470	3069
689	3070
9674	3071
7570	3072
9697	3073
9309	3074
2194	3075
1515	3076
9161	3077
8164	3078
2582	3079
3189	3080
164	3081
1570	3082
840	3083
2317	3084
9763	3085
4919	3086
3498	3087
1501	3088
8073	3089
1574	3090
8353	3091
5116	3092
6642	3093
5805	3094
4970	3095
4964	3096
7427	3097
4625	3098
8859	3099
2439	3100
5435	3101
970	3102
8108	3103
3652	3104
2272	3105
7874	3106
3940	3107
3503	3108
976	3109
5641	3110
8614	3111
9514	3112
3786	3113
6248	3114
9681	3115
9478	3116
1284	3117
4931	3118
7224	3119
5525	3120
4170	3121
2247	3122
5955	3123
5842	3124
9494	3125
2587	3126
9131	3127
7254	3128
4868	3129
4473	3130
4792	3131
1905	3132
2151	3133
6832	3134
4488	3135
9519	3136
7245	3137
5588	3138
3853	3139
8507	3140
4081	3141
6568	3142
7676	3143
4969	3144
4807	3145
3504	3146
9591	3147
8065	3148
3539	3149
4818	3150
6512	3151
9638	3152
9328	3153
7629	3154
2716	3155
5163	3156
8716	3157
6552	3158
6468	3159
2820	3160
4282	3161
3134	3162
9238	3163
6690	3164
1534	3165
7372	3166
6050	3167
5961	3168
845	3169
6150	3170
1080	3171
2975	3172
104	3173
1974	3174
6157	3175
1740	3176
3926	3177
40	3178
2420	3179
4561	3180
5833	3181
6868	3182
4071	3183
1237	3184
709	3185
2010	3186
310	3187
8803	3188
2616	3189
7754	3190
1581	3191
2748	3192
9333	3193
5855	3194
8907	3195
533	3196
6038	3197
2002	3198
3029	3199
4248	3200
909	3201
8878	3202
1038	3203
9081	3204
7959	3205
594	3206
3181	3207
4168	3208
8850	3209
9867	3210
1627	3211
4832	3212
811	3213
6978	3214
8153	3215
2783	3216
7561	3217
9753	3218
2325	3219
3915	3220
5979	3221
857	3222
5308	3223
1175	3224
6663	3225
7896	3226
6742	3227
139	3228
3330	3229
4177	3230
708	3231
6086	3232
9539	3233
8195	3234
2879	3235
2236	3236
3927	3237
991	3238
7908	3239
8693	3240
777	3241
7951	3242
3558	3243
3312	3244
5601	3245
4846	3246
5801	3247
492	3248
2256	3249
7571	3250
7792	3251
4508	3252
2378	3253
9125	3254
5268	3255
4204	3256
8199	3257
3108	3258
1999	3259
8776	3260
3688	3261
8376	3262
6027	3263
7582	3264
3417	3265
4234	3266
9516	3267
5643	3268
3262	3269
8454	3270
2287	3271
964	3272
3271	3273
3763	3274
4635	3275
7292	3276
6596	3277
1189	3278
3910	3279
5429	3280
4898	3281
2340	3282
7498	3283
3648	3284
1947	3285
444	3286
2024	3287
9774	3288
2265	3289
3197	3290
6929	3291
4672	3292
2297	3293
9782	3294
4367	3295
9849	3296
8895	3297
1620	3298
4200	3299
8725	3300
2604	3301
4147	3302
4752	3303
7622	3304
9921	3305
898	3306
2054	3307
6423	3308
763	3309
1673	3310
2705	3311
264	3312
5450	3313
3389	3314
5151	3315
2211	3316
1135	3317
4220	3318
8502	3319
4187	3320
8125	3321
3974	3322
3524	3323
893	3324
1718	3325
6113	3326
4016	3327
3305	3328
7763	3329
7211	3330
585	3331
4858	3332
8075	3333
6346	3334
1510	3335
6702	3336
1991	3337
1642	3338
9401	3339
8509	3340
549	3341
8041	3342
6825	3343
315	3344
3323	3345
3185	3346
2594	3347
5551	3348
6533	3349
7378	3350
8156	3351
744	3352
9426	3353
1448	3354
1798	3355
2195	3356
6935	3357
5314	3358
5841	3359
1474	3360
477	3361
8412	3362
6321	3363
9284	3364
7171	3365
9635	3366
6377	3367
4757	3368
1146	3369
7475	3370
5713	3371
6482	3372
7288	3373
2726	3374
8655	3375
6444	3376
5654	3377
9221	3378
7816	3379
752	3380
7239	3381
3872	3382
8802	3383
9652	3384
6217	3385
9261	3386
8162	3387
7997	3388
419	3389
4857	3390
7740	3391
113	3392
4355	3393
7801	3394
8012	3395
8753	3396
6142	3397
3793	3398
7379	3399
3746	3400
11	3401
9252	3402
4615	3403
5307	3404
815	3405
2559	3406
3941	3407
6473	3408
9958	3409
5637	3410
6380	3411
2000	3412
3993	3413
3950	3414
7218	3415
7396	3416
3125	3417
7798	3418
3269	3419
8143	3420
7197	3421
1100	3422
3448	3423
6838	3424
8514	3425
9530	3426
9369	3427
4180	3428
4595	3429
9479	3430
7778	3431
4663	3432
5982	3433
8602	3434
9376	3435
9880	3436
3854	3437
3161	3438
5262	3439
4086	3440
2252	3441
6065	3442
9524	3443
693	3444
2284	3445
240	3446
5941	3447
2984	3448
2697	3449
2554	3450
5265	3451
1032	3452
7683	3453
7746	3454
3852	3455
4848	3456
6722	3457
3989	3458
3155	3459
6153	3460
1002	3461
1075	3462
3173	3463
9055	3464
9285	3465
1553	3466
5638	3467
3165	3468
28	3469
9671	3470
2849	3471
701	3472
8966	3473
1393	3474
6557	3475
4144	3476
8981	3477
4619	3478
942	3479
7349	3480
7305	3481
4428	3482
7850	3483
1028	3484
6055	3485
9873	3486
8359	3487
4125	3488
6679	3489
7923	3490
9117	3491
5868	3492
4701	3493
1348	3494
1202	3495
5377	3496
4126	3497
3258	3498
8977	3499
8111	3500
8233	3501
6028	3502
4193	3503
3008	3504
1097	3505
1954	3506
6914	3507
4374	3508
1760	3509
4689	3510
3794	3511
6659	3512
96	3513
4255	3514
4721	3515
2750	3516
1656	3517
1852	3518
1472	3519
3529	3520
1221	3521
6871	3522
981	3523
3650	3524
9215	3525
382	3526
468	3527
3836	3528
135	3529
267	3530
3175	3531
1562	3532
3663	3533
5081	3534
6799	3535
6138	3536
4021	3537
1317	3538
5425	3539
1782	3540
4677	3541
1525	3542
6411	3543
6854	3544
1920	3545
2488	3546
795	3547
6826	3548
5076	3549
3983	3550
4347	3551
7278	3552
4893	3553
9639	3554
1979	3555
5165	3556
4837	3557
7793	3558
7445	3559
1636	3560
4539	3561
7361	3562
6246	3563
1118	3564
2603	3565
640	3566
257	3567
6213	3568
3298	3569
2631	3570
9529	3571
7858	3572
8045	3573
3241	3574
7060	3575
8789	3576
4953	3577
5672	3578
7181	3579
9056	3580
4886	3581
3522	3582
2650	3583
571	3584
8461	3585
2545	3586
2883	3587
4895	3588
6188	3589
63	3590
6312	3591
1069	3592
1989	3593
5554	3594
1995	3595
5191	3596
2740	3597
7895	3598
1456	3599
9058	3600
5411	3601
9786	3602
7873	3603
5809	3604
6118	3605
338	3606
9282	3607
9235	3608
2393	3609
1361	3610
6160	3611
2722	3612
2409	3613
9657	3614
6745	3615
9804	3616
7986	3617
6497	3618
627	3619
6561	3620
6036	3621
5239	3622
2809	3623
644	3624
3084	3625
9276	3626
6165	3627
9558	3628
645	3629
523	3630
7707	3631
5939	3632
9764	3633
1071	3634
4669	3635
8897	3636
7370	3637
204	3638
4354	3639
6881	3640
7665	3641
3386	3642
5247	3643
5192	3644
5996	3645
1877	3646
252	3647
1177	3648
4099	3649
4730	3650
6309	3651
5528	3652
3564	3653
230	3654
9310	3655
4295	3656
341	3657
9660	3658
821	3659
3218	3660
2672	3661
5231	3662
2180	3663
2568	3664
823	3665
4300	3666
6724	3667
2110	3668
5236	3669
6763	3670
3977	3671
5417	3672
8256	3673
5622	3674
1020	3675
4870	3676
1615	3677
9686	3678
1040	3679
6430	3680
802	3681
3360	3682
7984	3683
7335	3684
7359	3685
5935	3686
2220	3687
9971	3688
5534	3689
7350	3690
215	3691
2754	3692
7760	3693
1796	3694
8297	3695
6511	3696
6442	3697
6052	3698
65	3699
3064	3700
5843	3701
9507	3702
5157	3703
1158	3704
9302	3705
253	3706
5430	3707
7633	3708
7583	3709
7497	3710
3769	3711
808	3712
2618	3713
2505	3714
18	3715
2577	3716
4771	3717
9348	3718
5800	3719
6352	3720
8255	3721
3297	3722
7417	3723
148	3724
6720	3725
5940	3726
8771	3727
1018	3728
9768	3729
4963	3730
9110	3731
7291	3732
1874	3733
8741	3734
948	3735
1274	3736
5182	3737
9347	3738
3248	3739
5668	3740
6664	3741
9397	3742
3219	3743
714	3744
8329	3745
9511	3746
666	3747
9187	3748
498	3749
4173	3750
9835	3751
3709	3752
8674	3753
1915	3754
9108	3755
3834	3756
8147	3757
5746	3758
5441	3759
9627	3760
9897	3761
8656	3762
3660	3763
9949	3764
2660	3765
4277	3766
6360	3767
3067	3768
7279	3769
3196	3770
5980	3771
5341	3772
2484	3773
8234	3774
5278	3775
8644	3776
3563	3777
9525	3778
5266	3779
3972	3780
6083	3781
3893	3782
1691	3783
8816	3784
1720	3785
7535	3786
6904	3787
9260	3788
1541	3789
1058	3790
5013	3791
1650	3792
1743	3793
6007	3794
4093	3795
1500	3796
7636	3797
885	3798
4938	3799
925	3800
7054	3801
4045	3802
8645	3803
8954	3804
5890	3805
8675	3806
16	3807
2404	3808
7547	3809
9684	3810
9929	3811
4487	3812
4292	3813
4943	3814
4542	3815
886	3816
8799	3817
6354	3818
8958	3819
8858	3820
5293	3821
6795	3822
7019	3823
2796	3824
2792	3825
6333	3826
304	3827
7737	3828
3367	3829
3608	3830
8989	3831
4822	3832
3845	3833
6992	3834
5119	3835
4765	3836
9048	3837
8620	3838
302	3839
7877	3840
725	3841
9601	3842
720	3843
8554	3844
7227	3845
613	3846
4364	3847
1922	3848
3461	3849
1671	3850
9500	3851
8980	3852
2249	3853
3153	3854
5676	3855
3711	3856
9482	3857
166	3858
9581	3859
8731	3860
1200	3861
1644	3862
4050	3863
4149	3864
7223	3865
9919	3866
872	3867
924	3868
2288	3869
8011	3870
9405	3871
6479	3872
1978	3873
6573	3874
9509	3875
1294	3876
5317	3877
8053	3878
2692	3879
1926	3880
4776	3881
2856	3882
7871	3883
3647	3884
9770	3885
7724	3886
7280	3887
1830	3888
830	3889
4593	3890
8973	3891
4713	3892
58	3893
7446	3894
705	3895
3385	3896
2381	3897
3659	3898
6033	3899
5721	3900
5770	3901
3715	3902
5715	3903
1969	3904
8830	3905
1310	3906
2350	3907
2996	3908
1098	3909
4998	3910
2397	3911
1624	3912
8154	3913
7735	3914
8873	3915
3141	3916
26	3917
3612	3918
7092	3919
7368	3920
7751	3921
3342	3922
9563	3923
2536	3924
1953	3925
2367	3926
110	3927
353	3928
5324	3929
5691	3930
2541	3931
1125	3932
7958	3933
3979	3934
5275	3935
7194	3936
453	3937
803	3938
4305	3939
3620	3940
903	3941
6897	3942
8173	3943
5287	3944
1866	3945
6518	3946
8344	3947
1164	3948
6457	3949
174	3950
8137	3951
6445	3952
7499	3953
6185	3954
5118	3955
4037	3956
7229	3957
8361	3958
9434	3959
6133	3960
2074	3961
4705	3962
3942	3963
6398	3964
3798	3965
8004	3966
2464	3967
5619	3968
5125	3969
1858	3970
5748	3971
2197	3972
770	3973
2623	3974
5059	3975
3613	3976
3634	3977
4815	3978
1005	3979
4780	3980
1384	3981
9	3982
6195	3983
3696	3984
5084	3985
8110	3986
710	3987
6918	3988
6101	3989
5273	3990
1528	3991
3849	3992
3873	3993
8183	3994
3063	3995
4470	3996
3308	3997
8561	3998
8144	3999
4992	4000
1826	4001
9453	4002
7484	4003
3442	4004
3336	4005
1547	4006
8872	4007
9437	4008
1226	4009
4298	4010
1475	4011
1772	4012
8821	4013
3992	4014
3210	4015
1011	4016
668	4017
3373	4018
6422	4019
9416	4020
2241	4021
7320	4022
4850	4023
1559	4024
7440	4025
4346	4026
7712	4027
3976	4028
5991	4029
50	4030
9741	4031
8597	4032
3462	4033
4959	4034
6409	4035
4514	4036
726	4037
4275	4038
2374	4039
5274	4040
2472	4041
8885	4042
3759	4043
2986	4044
9443	4045
2972	4046
3762	4047
8888	4048
2936	4049
2832	4050
4707	4051
3606	4052
4497	4053
4096	4054
1904	4055
9577	4056
5174	4057
1441	4058
6067	4059
8983	4060
158	4061
1514	4062
7407	4063
6892	4064
3279	4065
6139	4066
4777	4067
5568	4068
200	4069
2665	4070
1818	4071
4066	4072
9151	4073
7418	4074
6681	4075
2098	4076
5574	4077
8676	4078
5572	4079
4370	4080
7079	4081
9345	4082
836	4083
5299	4084
1423	4085
9458	4086
395	4087
1267	4088
9716	4089
9080	4090
9299	4091
3984	4092
2217	4093
6045	4094
1086	4095
1271	4096
2377	4097
1428	4098
4667	4099
8264	4100
5306	4101
4552	4102
8086	4103
8326	4104
2353	4105
386	4106
7477	4107
5418	4108
2363	4109
4785	4110
4924	4111
4697	4112
6397	4113
2226	4114
6206	4115
3147	4116
2824	4117
1225	4118
2734	4119
330	4120
5254	4121
9952	4122
8235	4123
4202	4124
6089	4125
7165	4126
6661	4127
5929	4128
865	4129
1351	4130
8252	4131
1191	4132
1190	4133
6126	4134
7994	4135
1282	4136
4061	4137
387	4138
8995	4139
8519	4140
3692	4141
995	4142
3304	4143
3375	4144
1960	4145
3253	4146
7790	4147
5302	4148
1479	4149
4409	4150
7310	4151
5162	4152
4161	4153
1081	4154
8470	4155
3022	4156
7652	4157
4103	4158
3073	4159
4760	4160
7023	4161
1088	4162
2635	4163
6916	4164
9445	4165
2519	4166
1628	4167
889	4168
6802	4169
333	4170
4116	4171
5837	4172
3848	4173
101	4174
9206	4175
5898	4176
5814	4177
5117	4178
6576	4179
1640	4180
7482	4181
7369	4182
3041	4183
3684	4184
3191	4185
3899	4186
9739	4187
3130	4188
6515	4189
9254	4190
4661	4191
5774	4192
987	4193
2345	4194
5845	4195
6094	4196
5656	4197
6893	4198
2411	4199
3499	4200
8418	4201
6378	4202
4557	4203
5158	4204
187	4205
6776	4206
1856	4207
5679	4208
6587	4209
6558	4210
3486	4211
8315	4212
5102	4213
1900	4214
8889	4215
8828	4216
5983	4217
9955	4218
1961	4219
6824	4220
8447	4221
6697	4222
1712	4223
1548	4224
9257	4225
4632	4226
6152	4227
9806	4228
4779	4229
586	4230
7569	4231
4548	4232
8844	4233
7815	4234
3835	4235
1667	4236
6921	4237
669	4238
784	4239
4993	4240
4176	4241
8603	4242
9560	4243
1940	4244
5485	4245
7888	4246
4874	4247
1129	4248
7774	4249
2035	4250
3157	4251
7347	4252
3421	4253
5051	4254
1148	4255
6867	4256
6562	4257
400	4258
2658	4259
1697	4260
5918	4261
2774	4262
7980	4263
8605	4264
2861	4265
4345	4266
6830	4267
2949	4268
9624	4269
5472	4270
8677	4271
662	4272
9315	4273
8000	4274
3456	4275
7103	4276
3200	4277
5201	4278
5718	4279
887	4280
4717	4281
873	4282
1152	4283
5066	4284
592	4285
9785	4286
6709	4287
8784	4288
8740	4289
7355	4290
6821	4291
6505	4292
4617	4293
8022	4294
6297	4295
9678	4296
7635	4297
6971	4298
8570	4299
1859	4300
4318	4301
5822	4302
1288	4303
789	4304
6241	4305
8038	4306
5684	4307
4738	4308
2894	4309
5515	4310
7430	4311
2371	4312
7504	4313
6238	4314
5419	4315
6566	4316
2553	4317
520	4318
4541	4319
9448	4320
3457	4321
1839	4322
8196	4323
1955	4324
4153	4325
8465	4326
1518	4327
4398	4328
2522	4329
6731	4330
2469	4331
6289	4332
1572	4333
4336	4334
5965	4335
3998	4336
5080	4337
2109	4338
2473	4339
8610	4340
3842	4341
5606	4342
3781	4343
7995	4344
317	4345
3637	4346
3725	4347
2052	4348
4580	4349
6337	4350
9903	4351
6908	4352
431	4353
14	4354
3814	4355
6640	4356
6	4357
4339	4358
7269	4359
8021	4360
1277	4361
6376	4362
9571	4363
6984	4364
9481	4365
4246	4366
8223	4367
9568	4368
6680	4369
2338	4370
1768	4371
1484	4372
4399	4373
8331	4374
3869	4375
6836	4376
6425	4377
7247	4378
4954	4379
4060	4380
6693	4381
5747	4382
2667	4383
5064	4384
4949	4385
732	4386
4743	4387
7843	4388
2181	4389
5027	4390
1159	4391
4476	4392
7999	4393
3847	4394
8096	4395
43	4396
2447	4397
250	4398
6635	4399
8994	4400
5563	4401
4673	4402
7408	4403
452	4404
6257	4405
9709	4406
9611	4407
7331	4408
6215	4409
6300	4410
2807	4411
5614	4412
649	4413
5031	4414
9138	4415
1497	4416
8701	4417
276	4418
6884	4419
2309	4420
6945	4421
2615	4422
2907	4423
8133	4424
3551	4425
9297	4426
3121	4427
1405	4428
5545	4429
8060	4430
5438	4431
9174	4432
2432	4433
4468	4434
5787	4435
2572	4436
1184	4437
4278	4438
7342	4439
2542	4440
4486	4441
1445	4442
7433	4443
9030	4444
3474	4445
676	4446
8409	4447
7732	4448
9490	4449
7061	4450
9548	4451
5067	4452
8058	4453
5571	4454
772	4455
8529	4456
1775	4457
3954	4458
168	4459
4115	4460
4353	4461
3520	4462
8695	4463
2482	4464
7961	4465
6024	4466
269	4467
854	4468
2675	4469
5334	4470
7455	4471
806	4472
9755	4473
1637	4474
7284	4475
5968	4476
8572	4477
5811	4478
3792	4479
9289	4480
6262	4481
6726	4482
8494	4483
9932	4484
4967	4485
8052	4486
6817	4487
7325	4488
3255	4489
6460	4490
2947	4491
4047	4492
4023	4493
2143	4494
3748	4495
9280	4496
9855	4497
9064	4498
7578	4499
7802	4500
3656	4501
8678	4502
5899	4503
2884	4504
7420	4505
2702	4506
4418	4507
5352	4508
9191	4509
3081	4510
5205	4511
3215	4512
1424	4513
9269	4514
8092	4515
4261	4516
4614	4517
8182	4518
3142	4519
4128	4520
4989	4521
9334	4522
6078	4523
5276	4524
7329	4525
3362	4526
7500	4527
7974	4528
7487	4529
2624	4530
3695	4531
7851	4532
4885	4533
7271	4534
5699	4535
4699	4536
5608	4537
9937	4538
954	4539
1286	4540
9324	4541
1295	4542
8887	4543
2858	4544
1565	4545
9193	4546
4194	4547
6128	4548
6710	4549
8089	4550
5213	4551
798	4552
7464	4553
8051	4554
3433	4555
7674	4556
1272	4557
6678	4558
5344	4559
3615	4560
3407	4561
6861	4562
1735	4563
3824	4564
9420	4565
5612	4566
7845	4567
3180	4568
7952	4569
6436	4570
4882	4571
7021	4572
4155	4573
5460	4574
3556	4575
5522	4576
8777	4577
773	4578
6677	4579
5203	4580
8918	4581
1319	4582
3303	4583
2078	4584
8215	4585
5592	4586
7847	4587
3583	4588
1682	4589
5630	4590
5611	4591
1072	4592
7149	4593
4596	4594
5576	4595
9346	4596
8250	4597
2273	4598
8807	4599
6494	4600
3203	4601
9098	4602
1143	4603
2278	4604
161	4605
9402	4606
7598	4607
169	4608
8064	4609
7977	4610
1048	4611
30	4612
9107	4613
1371	4614
8104	4615
801	4616
5240	4617
526	4618
464	4619
4327	4620
643	4621
6621	4622
4477	4623
4789	4624
9817	4625
1359	4626
4719	4627
8392	4628
9612	4629
7654	4630
746	4631
3037	4632
786	4633
3065	4634
1493	4635
9314	4636
5373	4637
7184	4638
8763	4639
2168	4640
6063	4641
4464	4642
6698	4643
1809	4644
4235	4645
3800	4646
4880	4647
8849	4648
7891	4649
5524	4650
2311	4651
9735	4652
735	4653
1052	4654
32	4655
8587	4656
6637	4657
2387	4658
5111	4659
2313	4660
1268	4661
9441	4662
5012	4663
2023	4664
1454	4665
5280	4666
648	4667
8087	4668
56	4669
426	4670
3805	4671
7706	4672
3453	4673
7819	4674
1223	4675
8247	4676
6708	4677
346	4678
9533	4679
3340	4680
9972	4681
7048	4682
9372	4683
5605	4684
7597	4685
1447	4686
1684	4687
1692	4688
3970	4689
2014	4690
3593	4691
4984	4692
8581	4693
4480	4694
3703	4695
3115	4696
9710	4697
3044	4698
9672	4699
3174	4700
9663	4701
410	4702
8624	4703
8453	4704
6675	4705
1511	4706
4105	4707
3426	4708
5732	4709
4867	4710
6474	4711
687	4712
4343	4713
3398	4714
3076	4715
1611	4716
573	4717
4301	4718
3840	4719
2664	4720
2238	4721
3902	4722
1258	4723
9628	4724
9907	4725
9582	4726
283	4727
1867	4728
368	4729
2535	4730
5777	4731
7785	4732
8317	4733
796	4734
9567	4735
9823	4736
4674	4737
9259	4738
6225	4739
2	4740
5834	4741
4366	4742
6182	4743
8552	4744
1906	4745
2817	4746
860	4747
5495	4748
6644	4749
9440	4750
9093	4751
6869	4752
8840	4753
883	4754
2579	4755
4884	4756
9772	4757
906	4758
5484	4759
9113	4760
6689	4761
4899	4762
2806	4763
1646	4764
2637	4765
5074	4766
8091	4767
9542	4768
8253	4769
3404	4770
4188	4771
4337	4772
6546	4773
572	4774
7983	4775
9939	4776
9034	4777
713	4778
5645	4779
4660	4780
131	4781
6098	4782
6276	4783
4568	4784
2438	4785
1653	4786
3534	4787
7920	4788
3224	4789
8927	4790
2941	4791
8242	4792
4528	4793
5217	4794
2847	4795
9436	4796
5060	4797
5199	4798
8762	4799
265	4800
7671	4801
3252	4802
8503	4803
819	4804
7998	4805
4881	4806
9210	4807
794	4808
8853	4809
489	4810
8544	4811
2990	4812
600	4813
896	4814
5021	4815
8357	4816
674	4817
7624	4818
7708	4819
2763	4820
9411	4821
9561	4822
478	4823
7219	4824
4613	4825
4221	4826
490	4827
8661	4828
9393	4829
867	4830
1049	4831
4079	4832
7238	4833
1247	4834
9759	4835
6759	4836
142	4837
2152	4838
541	4839
7317	4840
4004	4841
4266	4842
1154	4843
4808	4844
3079	4845
9788	4846
4603	4847
3945	4848
5911	4849
5788	4850
6125	4851
4281	4852
557	4853
9818	4854
3455	4855
4053	4856
2547	4857
6536	4858
4391	4859
7138	4860
22	4861
6471	4862
9600	4863
7384	4864
9839	4865
3789	4866
4694	4867
8283	4868
4759	4869
1444	4870
4711	4871
7053	4872
3493	4873
3013	4874
3714	4875
5526	4876
243	4877
5974	4878
6942	4879
9109	4880
1289	4881
9175	4882
4309	4883
7265	4884
3640	4885
8169	4886
2133	4887
3390	4888
4160	4889
5742	4890
8808	4891
4134	4892
1196	4893
7989	4894
93	4895
6760	4896
2775	4897
4005	4898
3859	4899
3429	4900
2634	4901
4842	4902
7266	4903
7436	4904
2644	4905
4630	4906
1073	4907
7967	4908
3353	4909
3611	4910
3726	4911
9527	4912
9648	4913
3341	4914
3925	4915
3156	4916
3955	4917
8155	4918
2935	4919
3783	4920
4834	4921
4287	4922
6136	4923
9914	4924
9245	4925
5639	4926
7212	4927
1012	4928
5764	4929
4823	4930
8772	4931
1279	4932
605	4933
8320	4934
2571	4935
3982	4936
72	4937
818	4938
8130	4939
6181	4940
2910	4941
1972	4942
2633	4943
8916	4944
7937	4945
3357	4946
1300	4947
1244	4948
9077	4949
2653	4950
998	4951
9032	4952
5663	4953
8035	4954
2070	4955
3450	4956
4270	4957
6143	4958
6172	4959
7775	4960
9292	4961
5851	4962
6906	4963
9871	4964
1971	4965
5331	4966
5688	4967
2521	4968
4441	4969
6268	4970
6265	4971
2407	4972
1670	4973
7953	4974
2069	4975
8236	4976
7770	4977
5058	4978
2743	4979
1981	4980
9834	4981
1121	4982
5169	4983
8726	4984
6251	4985
9049	4986
5133	4987
4239	4988
4437	4989
6694	4990
6018	4991
5181	4992
1705	4993
5990	4994
6528	4995
5454	4996
5620	4997
2710	4998
9925	4999
8718	5000
5301	5001
3171	5002
8742	5003
1755	5004
1584	5005
5156	5006
8592	5007
7388	5008
5337	5009
6330	5010
6667	5011
8699	5012
2165	5013
2564	5014
8151	5015
7695	5016
6502	5017
1007	5018
9040	5019
6465	5020
1046	5021
552	5022
6278	5023
7442	5024
3565	5025
6135	5026
2556	5027
8134	5028
7073	5029
332	5030
3066	5031
694	5032
1724	5033
3186	5034
183	5035
5636	5036
8947	5037
256	5038
5033	5039
9133	5040
4415	5041
6389	5042
9061	5043
5533	5044
5795	5045
4251	5046
8811	5047
7718	5048
4341	5049
3048	5050
9094	5051
5693	5052
8121	5053
5907	5054
4389	5055
3595	5056
484	5057
3325	5058
707	5059
3227	5060
5662	5061
1207	5062
2383	5063
6232	5064
6909	5065
2344	5066
6056	5067
7405	5068
7794	5069
5768	5070
3229	5071
5586	5072
178	5073
137	5074
1968	5075
4971	5076
3335	5077
810	5078
9510	5079
8723	5080
9425	5081
6662	5082
3366	5083
3187	5084
3537	5085
7996	5086
9779	5087
2683	5088
16	5089
9813	5090
242	5091
5839	5092
7443	5093
907	5094
5292	5095
7375	5096
5986	5097
4044	5098
2583	5099
3518	5100
5552	5101
7472	5102
3244	5103
9811	5104
6273	5105
5725	5106
5773	5107
4944	5108
8072	5109
4578	5110
1464	5111
2963	5112
1476	5113
4975	5114
578	5115
231	5116
1257	5117
868	5118
98	5119
3276	5120
2031	5121
1009	5122
2657	5123
2454	5124
1848	5125
7295	5126
704	5127
1254	5128
3764	5129
3767	5130
729	5131
7528	5132
569	5133
1036	5134
1459	5135
5385	5136
2898	5137
974	5138
218	5139
2004	5140
9047	5141
1568	5142
90	5143
7283	5144
3082	5145
2459	5146
4237	5147
6882	5148
577	5149
4165	5150
6614	5151
1520	5152
5598	5153
5296	5154
1881	5155
9211	5156
5894	5157
5015	5158
5410	5159
6625	5160
4416	5161
9344	5162
4040	5163
5789	5164
6281	5165
853	5166
5644	5167
927	5168
4350	5169
4288	5170
8198	5171
4995	5172
1892	5173
2827	5174
7595	5175
7797	5176
4916	5177
4983	5178
3757	5179
1169	5180
4994	5181
3561	5182
9163	5183
1773	5184
1750	5185
5539	5186
608	5187
5120	5188
9460	5189
7687	5190
6526	5191
9336	5192
78	5193
5854	5194
473	5195
1330	5196
5096	5197
1838	5198
7135	5199
6800	5200
9146	5201
9422	5202
4139	5203
3222	5204
7022	5205
4068	5206
3020	5207
1758	5208
8047	5209
1639	5210
171	5211
8207	5212
3497	5213
198	5214
8128	5215
7502	5216
2365	5217
5932	5218
3951	5219
2188	5220
1402	5221
6450	5222
9610	5223
7543	5224
7328	5225
7301	5226
4303	5227
2711	5228
3309	5229
6488	5230
7869	5231
6965	5232
4756	5233
4736	5234
9965	5235
3015	5236
9771	5237
7667	5238
6744	5239
6041	5240
3596	5241
6687	5242
9288	5243
8286	5244
1517	5245
4606	5246
7195	5247
3808	5248
4090	5249
6773	5250
4896	5251
5234	5252
8820	5253
79	5254
4112	5255
9072	5256
6051	5257
603	5258
4845	5259
3973	5260
6522	5261
8289	5262
1507	5263
7156	5264
6959	5265
8746	5266
7316	5267
454	5268
8951	5269
2550	5270
1793	5271
5433	5272
1070	5273
6987	5274
8184	5275
3351	5276
3314	5277
9325	5278
5975	5279
928	5280
2575	5281
1561	5282
858	5283
1983	5284
8482	5285
6161	5286
5269	5287
3644	5288
8259	5289
6385	5290
6071	5291
2225	5292
7058	5293
266	5294
7392	5295
767	5296
1594	5297
6408	5298
33	5299
1910	5300
6844	5301
774	5302
2557	5303
23	5304
1543	5305
273	5306
6823	5307
9649	5308
7820	5309
5238	5310
241	5311
6026	5312
4565	5313
6003	5314
9531	5315
3437	5316
4182	5317
2773	5318
1753	5319
7925	5320
7644	5321
1600	5322
3994	5323
2073	5324
1408	5325
1845	5326
5050	5327
5144	5328
9168	5329
4623	5330
554	5331
5794	5332
2887	5333
2561	5334
9027	5335
6796	5336
1478	5337
6794	5338
8313	5339
7546	5340
2399	5341
3512	5342
7327	5343
7563	5344
3567	5345
4056	5346
7710	5347
4783	5348
8202	5349
8160	5350
5532	5351
3361	5352
6141	5353
4962	5354
1647	5355
3766	5356
2901	5357
5967	5358
8417	5359
4746	5360
384	5361
4240	5362
2696	5363
229	5364
3267	5365
2164	5366
7173	5367
3201	5368
9701	5369
8084	5370
5624	5371
827	5372
6315	5373
9853	5374
5820	5375
3412	5376
1403	5377
1422	5378
1076	5379
4668	5380
9086	5381
2570	5382
1610	5383
7743	5384
7942	5385
4085	5386
7142	5387
4664	5388
671	5389
1814	5390
3521	5391
1372	5392
8710	5393
7476	5394
1853	5395
64	5396
3198	5397
462	5398
2357	5399
1726	5400
3912	5401
4171	5402
9722	5403
6107	5404
5399	5405
383	5406
3694	5407
4452	5408
8335	5409
3784	5410
1593	5411
1875	5412
433	5413
8211	5414
7101	5415
1860	5416
9272	5417
4585	5418
4349	5419
8298	5420
579	5421
5434	5422
8517	5423
7899	5424
1198	5425
4356	5426
1122	5427
1094	5428
6277	5429
7886	5430
9647	5431
5560	5432
1694	5433
4622	5434
7501	5435
1427	5436
1521	5437
471	5438
4097	5439
1535	5440
5415	5441
1291	5442
3236	5443
4584	5444
1287	5445
3288	5446
2141	5447
8922	5448
6885	5449
8871	5450
5255	5451
9097	5452
8595	5453
1508	5454
6713	5455
172	5456
8886	5457
4039	5458
8165	5459
6204	5460
5207	5461
9472	5462
4454	5463
618	5464
677	5465
4871	5466
6112	5467
7112	5468
4653	5469
5584	5470
8837	5471
9160	5472
1766	5473
3045	5474
2134	5475
9552	5476
2114	5477
3242	5478
7711	5479
8631	5480
4703	5481
6768	5482
7059	5483
4154	5484
5458	5485
1331	5486
5786	5487
2289	5488
7414	5489
5853	5490
1516	5491
6478	5492
7742	5493
8974	5494
2718	5495
8306	5496
106	5497
7343	5498
4856	5499
6470	5500
3463	5501
633	5502
3607	5503
2510	5504
9594	5505
4631	5506
4330	5507
1217	5508
420	5509
653	5510
3839	5511
8700	5512
4570	5513
6555	5514
4642	5515
7274	5516
2600	5517
9584	5518
2159	5519
6950	5520
3990	5521
9173	5522
1901	5523
1030	5524
5131	5525
222	5526
7163	5527
8244	5528
9589	5529
2214	5530
7574	5531
7833	5532
4831	5533
7631	5534
5298	5535
5024	5536
8924	5537
6592	5538
7015	5539
5431	5540
2846	5541
9893	5542
8414	5543
5529	5544
6872	5545
6880	5546
3697	5547
536	5548
4659	5549
4475	5550
5651	5551
7515	5552
2661	5553
4393	5554
7677	5555
2315	5556
7187	5557
2865	5558
7738	5559
8057	5560
1010	5561
6925	5562
5758	5563
8956	5564
6633	5565
5123	5566
8020	5567
9349	5568
2267	5569
589	5570
7088	5571
582	5572
755	5573
76	5574
551	5575
8185	5576
6579	5577
2917	5578
8347	5579
1297	5580
2539	5581
1629	5582
2958	5583
5347	5584
4294	5585
8109	5586
7090	5587
6	5588
5040	5589
3003	5590
5177	5591
7894	5592
4308	5593
4175	5594
8512	5595
9679	5596
8714	5597
929	5598
9901	5599
4233	5600
9475	5601
7133	5602
6510	5603
8369	5604
7099	5605
7717	5606
5282	5607
5387	5608
5977	5609
8532	5610
9726	5611
6392	5612
1863	5613
901	5614
8852	5615
8596	5616
3733	5617
1465	5618
3905	5619
9879	5620
5761	5621
5412	5622
6247	5623
9429	5624
3865	5625
4302	5626
1261	5627
3350	5628
1324	5629
6841	5630
8291	5631
7813	5632
7513	5633
946	5634
8103	5635
8900	5636
9762	5637
5523	5638
5022	5639
2978	5640
3406	5641
7780	5642
8635	5643
1137	5644
8707	5645
4710	5646
9618	5647
1416	5648
6953	5649
5009	5650
5844	5651
6658	5652
7176	5653
1591	5654
8867	5655
7901	5656
5677	5657
5877	5658
6650	5659
8318	5660
390	5661
3145	5662
7004	5663
9451	5664
6022	5665
7168	5666
5016	5667
5159	5668
5029	5669
2379	5670
8660	5671
1369	5672
5776	5673
3919	5674
3655	5675
9004	5676
9661	5677
3460	5678
405	5679
6104	5680
9134	5681
8040	5682
4158	5683
4024	5684
6516	5685
939	5686
2976	5687
17	5688
8048	5689
7526	5690
6447	5691
3967	5692
5443	5693
2041	5694
7518	5695
2296	5696
188	5697
2058	5698
4495	5699
6994	5700
2275	5701
4143	5702
494	5703
1149	5704
5924	5705
5332	5706
5779	5707
4192	5708
532	5709
3124	5710
3779	5711
6781	5712
8943	5713
2752	5714
3570	5715
5444	5716
6988	5717
7811	5718
375	5719
8616	5720
8577	5721
1346	5722
7860	5723
9228	5724
8371	5725
5137	5726
2036	5727
6283	5728
3282	5729
2580	5730
7177	5731
9264	5732
1119	5733
2477	5734
5053	5735
510	5736
1506	5737
3624	5738
4205	5739
5595	5740
5073	5741
9962	5742
4646	5743
4704	5744
5891	5745
9588	5746
4335	5747
9152	5748
9237	5749
6235	5750
8534	5751
1722	5752
800	5753
1986	5754
1604	5755
2462	5756
8880	5757
3806	5758
7293	5759
575	5760
8782	5761
6302	5762
7555	5763
2079	5764
391	5765
9822	5766
5179	5767
4307	5768
2798	5769
8316	5770
2517	5771
1487	5772
9848	5773
8825	5774
1836	5775
2691	5776
2613	5777
4408	5778
2512	5779
2190	5780
9190	5781
950	5782
7364	5783
1583	5784
8765	5785
2719	5786
2380	5787
3093	5788
7600	5789
3668	5790
2076	5791
5115	5792
5257	5793
9827	5794
4036	5795
312	5796
4869	5797
4423	5798
7087	5799
185	5800
8542	5801
7588	5802
3299	5803
2261	5804
6600	5805
5008	5806
2385	5807
9915	5808
8074	5809
2768	5810
9188	5811
8434	5812
7242	5813
4069	5814
8801	5815
8351	5816
365	5817
245	5818
2957	5819
6553	5820
480	5821
8538	5822
1614	5823
3193	5824
9203	5825
6427	5826
2255	5827
4507	5828
1847	5829
3265	5830
1674	5831
548	5832
4551	5833
3633	5834
5098	5835
7383	5836
1578	5837
2673	5838
6290	5839
6927	5840
2425	5841
7846	5842
7716	5843
3467	5844
3799	5845
1690	5846
1370	5847
9413	5848
8124	5849
434	5850
7411	5851
5176	5852
3723	5853
358	5854
4184	5855
3995	5856
6134	5857
4749	5858
9112	5859
6864	5860
8513	5861
356	5862
8238	5863
3651	5864
3396	5865
4618	5866
1455	5867
5499	5868
7591	5869
3617	5870
7049	5871
4002	5872
7534	5873
1714	5874
9828	5875
4888	5876
7533	5877
7882	5878
3025	5879
322	5880
742	5881
9708	5882
9732	5883
8360	5884
4961	5885
1281	5886
4363	5887
8998	5888
9076	5889
8001	5890
2628	5891
2291	5892
4883	5893
2001	5894
4774	5895
9889	5896
9544	5897
6032	5898
9665	5899
9164	5900
2463	5901
5045	5902
1209	5903
9752	5904
7130	5905
3471	5906
686	5907
6137	5908
9052	5909
3177	5910
863	5911
2298	5912
1131	5913
2655	5914
5310	5915
5865	5916
3162	5917
4645	5918
5428	5919
4223	5920
8702	5921
6221	5922
8394	5923
4078	5924
2071	5925
7663	5926
6691	5927
7121	5928
7299	5929
7505	5930
5878	5931
5130	5932
8460	5933
9366	5934
5320	5935
7191	5936
8993	5937
6110	5938
8241	5939
723	5940
5145	5941
8188	5942
6878	5943
193	5944
5963	5945
9746	5946
1113	5947
361	5948
3036	5949
7158	5950
2398	5951
196	5952
9043	5953
7696	5954
2022	5955
6999	5956
1242	5957
8984	5958
6467	5959
8258	5960
2602	5961
2495	5962
2352	5963
6296	5964
5028	5965
9747	5966
6484	5967
5673	5968
4516	5969
4928	5970
4945	5971
2430	5972
7541	5973
7632	5974
1590	5975
1685	5976
261	5977
2546	5978
8960	5979
721	5980
7734	5981
559	5982
9547	5983
2998	5984
7575	5985
8120	5986
7468	5987
1220	5988
7055	5989
136	5990
8557	5991
3639	5992
6842	5993
9536	5994
4051	5995
4352	5996
8621	5997
8332	5998
5696	5999
479	6000
3541	6001
1531	6002
5297	6003
3358	6004
2871	6005
8423	6006
7051	6007
9380	6008
4365	6009
3133	6010
5823	6011
3194	6012
2687	6013
6328	6014
7757	6015
3434	6016
3883	6017
1174	6018
2136	6019
6723	6020
7001	6021
822	6022
5813	6023
659	6024
4546	6025
7357	6026
7744	6027
6284	6028
7527	6029
5389	6030
5802	6031
1385	6032
5744	6033
9923	6034
4865	6035
4933	6036
5511	6037
4178	6038
3387	6039
1201	6040
7669	6041
2504	6042
3745	6043
455	6044
1878	6045
6593	6046
6990	6047
7897	6048
4094	6049
5579	6050
1391	6051
6845	6052
5893	6053
8749	6054
25	6055
1434	6056
5762	6057
6043	6058
4503	6059
4429	6060
3681	6061
1192	6062
846	6063
6117	6064
5032	6065
9832	6066
2424	6067
3801	6068
7870	6069
2676	6070
5467	6071
1660	6072
799	6073
812	6074
1596	6075
9375	6076
5237	6077
4980	6078
7251	6079
2588	6080
9016	6081
1597	6082
5172	6083
7646	6084
1453	6085
7931	6086
5964	6087
4852	6088
6314	6089
9092	6090
782	6091
6485	6092
6339	6093
5780	6094
9810	6095
1941	6096
7045	6097
994	6098
1748	6099
9128	6100
6996	6101
7617	6102
7788	6103
9687	6104
3017	6105
7762	6106
6570	6107
2223	6108
6350	6109
7330	6110
4334	6111
3569	6112
8862	6113
6102	6114
9646	6115
9899	6116
8591	6117
9263	6118
6905	6119
9826	6120
8029	6121
8673	6122
7932	6123
7566	6124
5364	6125
9559	6126
1527	6127
5903	6128
9959	6129
8395	6130
5195	6131
2515	6132
4453	6133
6029	6134
5726	6135
7016	6136
4913	6137
2784	6138
3964	6139
2563	6140
790	6141
1993	6142
4955	6143
5251	6144
5432	6145
4377	6146
10	6147
1872	6148
4427	6149
9870	6150
3533	6151
6428	6152
591	6153
5152	6154
6148	6155
1379	6156
9442	6157
3495	6158
1966	6159
260	6160
7944	6161
4597	6162
6201	6163
5566	6164
6611	6165
6368	6166
2066	6167
436	6168
439	6169
4640	6170
4890	6171
5999	6172
6630	6173
9483	6174
5445	6175
2757	6176
7358	6177
2202	6178
9323	6179
9712	6180
3683	6181
5468	6182
9184	6183
3409	6184
9769	6185
3978	6186
866	6187
8382	6188
3349	6189
8798	6190
3478	6191
1061	6192
3796	6193
3475	6194
7148	6195
6242	6196
3987	6197
5249	6198
2312	6199
8433	6200
1619	6201
6666	6202
147	6203
385	6204
1749	6205
2586	6206
3543	6207
2027	6208
7252	6209
6178	6210
5281	6211
3401	6212
9006	6213
4729	6214
2124	6215
6197	6216
4819	6217
4576	6218
4199	6219
8881	6220
3785	6221
7466	6222
7809	6223
647	6224
921	6225
7406	6226
7657	6227
4028	6228
8866	6229
443	6230
5621	6231
4258	6232
7431	6233
4915	6234
7863	6235
9924	6236
3653	6237
519	6238
7154	6239
1780	6240
6005	6241
5272	6242
2234	6243
3368	6244
852	6245
8504	6246
9733	6247
9124	6248
1996	6249
1471	6250
4022	6251
5406	6252
3245	6253
132	6254
877	6255
3562	6256
4637	6257
25	6258
430	6259
325	6260
4474	6261
3490	6262
6595	6263
7604	6264
9630	6265
7459	6266
2305	6267
1147	6268
5129	6269
1496	6270
3549	6271
3183	6272
1632	6273
2206	6274
5712	6275
8416	6276
5101	6277
900	6278
9170	6279
5400	6280
1064	6281
719	6282
2608	6283
8273	6284
1913	6285
308	6286
2762	6287
7366	6288
4485	6289
5750	6290
1029	6291
1045	6292
7973	6293
2799	6294
6326	6295
1886	6296
4636	6297
9605	6298
8488	6299
3458	6300
5142	6301
5767	6302
7962	6303
5409	6304
8654	6305
4712	6306
6313	6307
1333	6308
5380	6309
3670	6310
6638	6311
5547	6312
7146	6313
7	6314
2908	6315
348	6316
3901	6317
7346	6318
7235	6319
874	6320
8962	6321
6786	6322
3752	6323
512	6324
5323	6325
2855	6326
6453	6327
1937	6328
5670	6329
5510	6330
7439	6331
5391	6332
5044	6333
124	6334
1047	6335
9365	6336
581	6337
2732	6338
8149	6339
7119	6340
9489	6341
638	6342
625	6343
8350	6344
8894	6345
2276	6346
517	6347
3860	6348
3182	6349
2771	6350
8690	6351
2034	6352
6166	6353
9886	6354
3706	6355
4498	6356
6114	6357
3510	6358
6933	6359
2756	6360
1703	6361
656	6362
7934	6363
824	6364
9384	6365
2867	6366
5858	6367
9275	6368
6149	6369
6607	6370
7423	6371
6683	6372
3616	6373
2943	6374
6292	6375
2875	6376
7987	6377
4228	6378
6224	6379
2400	6380
3030	6381
1523	6382
6855	6383
9295	6384
4392	6385
3956	6386
1702	6387
521	6388
5702	6389
2645	6390
4787	6391
1470	6392
4138	6393
9141	6394
9945	6395
9463	6396
7115	6397
9200	6398
7465	6399
8941	6400
3485	6401
2013	6402
6382	6403
7697	6404
1873	6405
3777	6406
7985	6407
626	6408
2929	6409
1430	6410
2843	6411
9583	6412
4639	6413
932	6414
2617	6415
3856	6416
1155	6417
5509	6418
7768	6419
5559	6420
4455	6421
8466	6422
9051	6423
8448	6424
8972	6425
681	6426
6816	6427
506	6428
4727	6429
1320	6430
2857	6431
9668	6432
7628	6433
2166	6434
6418	6435
3597	6436
1695	6437
2193	6438
3247	6439
206	6440
4812	6441
4274	6442
4394	6443
6828	6444
1504	6445
3348	6446
6035	6447
3101	6448
6080	6449
216	6450
2250	6451
8921	6452
251	6453
9777	6454
6237	6455
5227	6456
331	6457
9950	6458
100	6459
9930	6460
9026	6461
1293	6462
1571	6463
8842	6464
9136	6465
7857	6466
1059	6467
9023	6468
2481	6469
7193	6470
3139	6471
6549	6472
2274	6473
5071	6474
5719	6475
2549	6476
9139	6477
4656	6478
5481	6479
5463	6480
7034	6481
2479	6482
7673	6483
3098	6484
437	6485
6477	6486
8081	6487
6196	6488
8933	6489
3492	6490
7495	6491
3188	6492
8026	6493
524	6494
4225	6495
1810	6496
8779	6497
8436	6498
4390	6499
3250	6500
85	6501
4682	6502
9084	6503
1832	6504
3751	6505
3687	6506
3515	6507
699	6508
1392	6509
5211	6510
5354	6511
4401	6512
4135	6513
6151	6514
2212	6515
7094	6516
4511	6517
5095	6518
814	6519
499	6520
3833	6521
1907	6522
6728	6523
5108	6524
8666	6525
8985	6526
8496	6527
9014	6528
7603	6529
2437	6530
3778	6531
2160	6532
8193	6533
9251	6534
4008	6535
1588	6536
5704	6537
8349	6538
4226	6539
6808	6540
7648	6541
3923	6542
9518	6543
8831	6544
7517	6545
5313	6546
1551	6547
2131	6548
160	6549
9682	6550
1398	6551
9667	6552
4966	6553
2497	6554
9499	6555
8667	6556
5763	6557
2997	6558
7924	6559
4017	6560
3251	6561
8485	6562
2242	6563
3870	6564
8106	6565
778	6566
8492	6567
7457	6568
8411	6569
960	6570
5997	6571
6193	6572
8401	6573
3903	6574
7011	6575
1162	6576
4379	6577
8239	6578
4651	6579
9908	6580
4030	6581
9803	6582
3001	6583
6366	6584
8098	6585
2534	6586
2139	6587
5892	6588
321	6589
5277	6590
2360	6591
4458	6592
4038	6593
7803	6594
1502	6595
1449	6596
1101	6597
2	6598
1451	6599
2599	6600
6514	6601
8373	6602
3753	6603
1318	6604
467	6605
2493	6606
1438	6607
7140	6608
3488	6609
5343	6610
3376	6611
1229	6612
8806	6613
4142	6614
8456	6615
7612	6616
3756	6617
1730	6618
505	6619
2355	6620
3540	6621
6291	6622
7200	6623
3831	6624
4215	6625
3072	6626
3354	6627
897	6628
1681	6629
4624	6630
1151	6631
5479	6632
5501	6633
3345	6634
7255	6635
2937	6636
7006	6637
2869	6638
1238	6639
2648	6640
6096	6641
7661	6642
2813	6643
3980	6644
8346	6645
4361	6646
6155	6647
221	6648
963	6649
7267	6650
5642	6651
8450	6652
5516	6653
1976	6654
7198	6655
9761	6656
9797	6657
2337	6658
9625	6659
6606	6660
4443	6661
9632	6662
3957	6663
6632	6664
8864	6665
6610	6666
6254	6667
3166	6668
1264	6669
8786	6670
4100	6671
7003	6672
3693	6673
3618	6674
4218	6675
5285	6676
3658	6677
3594	6678
9944	6679
2045	6680
5041	6681
2075	6682
92	6683
1623	6684
4990	6685
4515	6686
8987	6687
7827	6688
414	6689
5246	6690
7363	6691
8931	6692
6441	6693
2364	6694
5139	6695
8214	6696
6499	6697
1710	6698
2157	6699
4106	6700
2460	6701
297	6702
5640	6703
6547	6704
2077	6705
3445	6706
8961	6707
9341	6708
8393	6709
9414	6710
2704	6711
4191	6712
4524	6713
9278	6714
838	6715
2560	6716
9480	6717
2920	6718
7630	6719
7581	6720
6358	6721
2511	6722
5190	6723
9	6724
3802	6725
4725	6726
7260	6727
6523	6728
7681	6729
2231	6730
1919	6731
2918	6732
5886	6733
2064	6734
5153	6735
1837	6736
3948	6737
1415	6738
1266	6739
8670	6740
2092	6741
5506	6742
9912	6743
9219	6744
8582	6745
2558	6746
3728	6747
3346	6748
3740	6749
7993	6750
9505	6751
6200	6752
3169	6753
1245	6754
8681	6755
5727	6756
3691	6757
8358	6758
1063	6759
1704	6760
6801	6761
1654	6762
3832	6763
3012	6764
7139	6765
8408	6766
7956	6767
9493	6768
3573	6769
8378	6770
5414	6771
270	6772
4923	6773
6895	6774
3837	6775
5958	6776
6934	6777
99	6778
4351	6779
4567	6780
7394	6781
1864	6782
89	6783
3630	6784
6271	6785
7185	6786
4939	6787
5717	6788
7084	6789
739	6790
7945	6791
6031	6792
319	6793
2915	6794
9319	6795
8284	6796
8964	6797
5034	6798
7024	6799
6739	6800
4610	6801
8833	6802
5502	6803
1006	6804
6034	6805
5561	6806
8757	6807
511	6808
8506	6809
8150	6810
562	6811
7554	6812
6875	6813
255	6814
4510	6815
5872	6816
2339	6817
8228	6818
1820	6819
1325	6820
8663	6821
1894	6822
334	6823
8622	6824
5222	6825
7082	6826
9074	6827
1532	6828
7773	6829
24	6830
9041	6831
6344	6832
5210	6833
5462	6834
1884	6835
7157	6836
1306	6837
4745	6838
5465	6839
149	6840
2008	6841
2436	6842
9595	6843
8846	6844
4034	6845
6725	6846
8475	6847
7008	6848
281	6849
6318	6850
6717	6851
9862	6852
8573	6853
1992	6854
3446	6855
4648	6856
3846	6857
4530	6858
1769	6859
220	6860
4166	6861
8906	6862
5897	6863
6597	6864
5701	6865
4772	6866
9459	6867
1273	6868
2468	6869
8458	6870
8486	6871
5695	6872
3875	6873
5873	6874
2656	6875
239	6876
6986	6877
3528	6878
1027	6879
2140	6880
1757	6881
8424	6882
449	6883
4013	6884
2021	6885
7120	6886
7623	6887
4911	6888
7105	6889
5587	6890
6815	6891
678	6892
249	6893
7900	6894
3817	6895
5230	6896
6458	6897
6887	6898
7826	6899
3054	6900
839	6901
4702	6902
48	6903
5594	6904
7531	6905
2121	6906
5047	6907
826	6908
2909	6909
4431	6910
5442	6911
8145	6912
8116	6913
2108	6914
6154	6915
5395	6916
6270	6917
2068	6918
4381	6919
7647	6920
753	6921
3705	6922
1791	6923
3876	6924
5623	6925
1345	6926
6476	6927
5885	6928
561	6929
7748	6930
7963	6931
1302	6932
7966	6933
574	6934
4843	6935
4181	6936
3254	6937
1366	6938
369	6939
6843	6940
6158	6941
6084	6942
9018	6943
3750	6944
6734	6945
7876	6946
2892	6947
9046	6948
8555	6949
5665	6950
3053	6951
5631	6952
1176	6953
879	6954
9105	6955
4463	6956
5716	6957
1911	6958
370	6959
5489	6960
762	6961
2093	6962
2649	6963
8355	6964
1269	6965
1404	6966
67	6967
5671	6968
3526	6969
3578	6970
9368	6971
5077	6972
5086	6973
9258	6974
9021	6975
3765	6976
6831	6977
9515	6978
1188	6979
7889	6980
3427	6981
8975	6982
3914	6983
1065	6984
2815	6985
4828	6986
2346	6987
8559	6988
7178	6989
4326	6990
7940	6991
9286	6992
3278	6993
5514	6994
2728	6995
7580	6996
5007	6997
1001	6998
2836	6999
8563	7000
1563	7001
8643	7002
1602	7003
2625	7004
4396	7005
9756	7006
4451	7007
9791	7008
2593	7009
71	7010
4903	7011
2434	7012
785	7013
5300	7014
7747	7015
2826	7016
1380	7017
6440	7018
9031	7019
583	7020
7982	7021
4167	7022
4322	7023
487	7024
214	7025
6260	7026
3857	7027
1214	7028
4019	7029
8212	7030
1278	7031
8439	7032
5461	7033
2801	7034
4280	7035
8280	7036
5724	7037
340	7038
2319	7039
6727	7040
9931	7041
8069	7042
632	7043
7290	7044
4360	7045
2741	7046
5482	7047
8114	7048
3223	7049
1231	7050
2417	7051
1746	7052
1609	7053
262	7054
2874	7055
8688	7056
8967	7057
3742	7058
923	7059
992	7060
4724	7061
6438	7062
3235	7063
8630	7064
2862	7065
6877	7066
491	7067
8308	7068
3035	7069
1144	7070
37	7071
9185	7072
8547	7073
5714	7074
2452	7075
8220	7076
5253	7077
4681	7078
2597	7079
1916	7080
9398	7081
6820	7082
8882	7083
3507	7084
6282	7085
5052	7086
3500	7087
2724	7088
9852	7089
1797	7090
5503	7091
9090	7092
7607	7093
4569	7094
9706	7095
8370	7096
5830	7097
8711	7098
8445	7099
5049	7100
3430	7101
7461	7102
2738	7103
9073	7104
4616	7105
1586	7106
7107	7107
890	7108
2061	7109
8314	7110
9904	7111
8497	7112
1387	7113
8932	7114
1134	7115
6627	7116
8759	7117
4676	7118
2015	7119
2414	7120
783	7121
5500	7122
8982	7123
1336	7124
2507	7125
8163	7126
2099	7127
5260	7128
2531	7129
2450	7130
9573	7131
5798	7132
9727	7133
379	7134
9641	7135
2243	7136
7415	7137
4587	7138
4256	7139
6329	7140
602	7141
9167	7142
7460	7143
247	7144
205	7145
2755	7146
856	7147
9938	7148
2899	7149
1173	7150
6228	7151
7672	7152
2147	7153
4089	7154
8330	7155
1962	7156
9386	7157
682	7158
2163	7159
3604	7160
7204	7161
7726	7162
7118	7163
6718	7164
9957	7165
8008	7166
1263	7167
3922	7168
6434	7169
7491	7170
1440	7171
2440	7172
1831	7173
4420	7174
3225	7175
3908	7176
360	7177
2347	7178
1742	7179
8159	7180
1099	7181
8632	7182
7205	7183
6261	7184
1259	7185
4465	7186
17	7187
3143	7188
2445	7189
8788	7190
7694	7191
5439	7192
7428	7193
7110	7194
3610	7195
8063	7196
6210	7197
3829	7198
8768	7199
6049	7200
5943	7201
1678	7202
7190	7203
2961	7204
1376	7205
6081	7206
4286	7207
8279	7208
7564	7209
2096	7210
4716	7211
129	7212
8442	7213
6981	7214
5079	7215
423	7216
4626	7217
8498	7218
6585	7219
2405	7220
2788	7221
6712	7222
684	7223
31	7224
9300	7225
1309	7226
1745	7227
938	7228
5004	7229
7831	7230
5388	7231
3021	7232
2419	7233
18	7234
1313	7235
6812	7236
2189	7237
9690	7238
8680	7239
740	7240
3828	7241
1795	7242
7795	7243
1328	7244
3137	7245
9178	7246
2585	7247
5351	7248
661	7249
7076	7250
5393	7251
2056	7252
1580	7253
1051	7254
4253	7255
9242	7256
3122	7257
2532	7258
9144	7259
5948	7260
5295	7261
3544	7262
2456	7263
864	7264
4987	7265
4070	7266
1618	7267
4265	7268
4129	7269
6684	7270
4009	7271
5338	7272
1977	7273
9374	7274
1003	7275
3268	7276
5480	7277
7064	7278
3821	7279
4057	7280
6496	7281
8179	7282
6819	7283
4382	7284
5736	7285
9083	7286
2483	7287
6264	7288
2744	7289
667	7290
6804	7291
1236	7292
8219	7293
9875	7294
8729	7295
1458	7296
374	7297
3770	7298
435	7299
6870	7300
2282	7301
8794	7302
4917	7303
1368	7304
7085	7305
8301	7306
7605	7307
1469	7308
4604	7309
747	7310
2384	7311
8381	7312
421	7313
1658	7314
54	7315
7890	7316
6588	7317
7592	7318
1701	7319
4887	7320
5930	7321
5628	7322
8324	7323
9887	7324
1569	7325
2944	7326
4951	7327
9022	7328
9723	7329
1587	7330
2959	7331
4902	7332
5921	7333
2812	7334
6122	7335
5325	7336
8364	7337
1241	7338
1709	7339
3310	7340
5083	7341
5315	7342
2408	7343
7841	7344
6541	7345
7122	7346
3755	7347
66	7348
7230	7349
1262	7350
7560	7351
9078	7352
875	7353
2538	7354
1342	7355
2170	7356
9418	7357
7398	7358
5661	7359
4501	7360
34	7361
3150	7362
8899	7363
2965	7364
3937	7365
1091	7366
4909	7367
5258	7368
1643	7369
9896	7370
1367	7371
4708	7372
3649	7373
1899	7374
6636	7375
6565	7376
979	7377
1171	7378
7402	7379
2145	7380
655	7381
9537	7382
2260	7383
2144	7384
5085	7385
7020	7386
8113	7387
4847	7388
9361	7389
8365	7390
11	7391
7849	7392
5627	7393
5603	7394
1676	7395
2677	7396
1078	7397
294	7398
9079	7399
1195	7400
7026	7401
2178	7402
5810	7403
7220	7404
7438	7405
5091	7406
349	7407
4174	7408
4359	7409
2931	7410
4344	7411
7917	7412
2839	7413
8636	7414
6676	7415
9683	7416
8061	7417
3464	7418
109	7419
7275	7420
9868	7421
7625	7422
8218	7423
5926	7424
8410	7425
6540	7426
4512	7427
859	7428
5097	7429
4048	7430
1437	7431
1383	7432
508	7433
1312	7434
9218	7435
3820	7436
254	7437
7478	7438
7147	7439
9555	7440
1554	7441
7731	7442
2850	7443
7769	7444
1555	7445
9645	7446
9159	7447
9693	7448
7947	7449
9461	7450
9874	7451
1412	7452
9604	7453
347	7454
2926	7455
3233	7456
5294	7457
7382	7458
8535	7459
4863	7460
1931	7461
9301	7462
9241	7463
7868	7464
728	7465
6386	7466
9566	7467
8452	7468
1298	7469
5985	7470
5589	7471
3281	7472
1880	7473
1450	7474
5263	7475
1218	7476
4527	7477
1208	7478
3002	7479
4460	7480
6827	7481
141	7482
9204	7483
2974	7484
2084	7485
2528	7486
5578	7487
3776	7488
9236	7489
7174	7490
722	7491
7693	7492
9357	7493
9156	7494
6191	7495
5455	7496
4083	7497
8499	7498
1737	7499
3734	7500
2825	7501
7404	7502
3868	7503
7134	7504
8769	7505
3092	7506
5035	7507
6236	7508
9406	7509
9312	7510
3444	7511
7872	7512
5112	7513
3579	7514
1172	7515
3712	7516
1491	7517
7091	7518
1240	7519
9859	7520
8007	7521
7434	7522
9553	7523
6833	7524
68	7525
3985	7526
9271	7527
6374	7528
3716	7529
5759	7530
568	7531
8976	7532
1728	7533
2954	7534
3622	7535
3306	7536
6073	7537
9340	7538
2790	7539
457	7540
5658	7541
4466	7542
833	7543
1301	7544
8766	7545
5987	7546
1781	7547
6267	7548
5916	7549
8006	7550
1788	7551
8923	7552
2922	7553
4478	7554
5599	7555
3632	7556
3996	7557
3006	7558
7867	7559
1013	7560
115	7561
7111	7562
8027	7563
408	7564
7100	7565
4750	7566
6085	7567
2778	7568
4827	7569
6336	7570
2842	7571
9057	7572
4368	7573
5173	7574
1589	7575
1290	7576
5492	7577
481	7578
4876	7579
5017	7580
972	7581
9869	7582
2324	7583
5452	7584
8652	7585
5812	7586
3213	7587
5870	7588
8333	7589
2629	7590
6048	7591
3775	7592
5848	7593
5055	7594
3782	7595
3535	7596
8738	7597
9400	7598
4652	7599
1827	7600
6822	7601
3411	7602
4889	7603
3489	7604
3123	7605
7758	7606
6688	7607
3858	7608
9796	7609
3128	7610
6865	7611
259	7612
5401	7613
9838	7614
6426	7615
3293	7616
5723	7617
5000	7618
1538	7619
1934	7620
9343	7621
6615	7622
7759	7623
542	7624
9102	7625
727	7626
3600	7627
2146	7628
5160	7629
373	7630
1026	7631
4734	7632
2467	7633
2981	7634
6599	7635
7240	7636
4696	7637
3717	7638
3356	7639
6011	7640
7183	7641
769	7642
8352	7643
2506	7644
9616	7645
1462	7646
3768	7647
2584	7648
9321	7649
6985	7650
9142	7651
5617	7652
2053	7653
9085	7654
6997	7655
973	7656
3226	7657
1492	7658
378	7659
5365	7660
4747	7661
7523	7662
9562	7663
5783	7664
7462	7665
7221	7666
3732	7667
2641	7668
3204	7669
8952	7670
4775	7671
3674	7672
1216	7673
905	7674
6234	7675
2745	7676
8832	7677
3690	7678
6310	7679
8078	7680
5011	7681
2489	7682
9353	7683
3635	7684
4012	7685
2466	7686
4908	7687
1349	7688
615	7689
9484	7690
8059	7691
3803	7692
1599	7693
5215	7694
3331	7695
9650	7696
3960	7697
3825	7698
8522	7699
7976	7700
8400	7701
4545	7702
6589	7703
5856	7704
5241	7705
6672	7706
9920	7707
8778	7708
5039	7709
4575	7710
8928	7711
5577	7712
69	7713
5303	7714
4773	7715
8810	7716
8243	7717
9970	7718
6489	7719
6186	7720
695	7721
3423	7722
8797	7723
6931	7724
5876	7725
2681	7726
6765	7727
1754	7728
3628	7729
9675	7730
5494	7731
935	7732
5952	7733
6174	7734
6443	7735
9767	7736
5818	7737
2394	7738
5264	7739
108	7740
3414	7741
7077	7742
5541	7743
2179	7744
2416	7745
8925	7746
8717	7747
2940	7748
2823	7749
3588	7750
843	7751
4839	7752
2496	7753
4583	7754
5042	7755
9778	7756
8571	7757
8843	7758
8304	7759
6012	7760
5381	7761
7818	7762
8383	7763
2229	7764
9691	7765
9307	7766
2993	7767
4489	7768
4797	7769
5752	7770
21	7771
3636	7772
1429	7773
7817	7774
9330	7775
7838	7776
49	7777
8192	7778
665	7779
7031	7780
5333	7781
7490	7782
4932	7783
7065	7784
9469	7785
1311	7786
8705	7787
5988	7788
9409	7789
3217	7790
2729	7791
1524	7792
7741	7793
4860	7794
91	7795
8829	7796
7253	7797
6304	7798
5632	7799
4074	7800
2646	7801
1725	7802
7144	7803
7069	7804
2888	7805
8857	7806
6578	7807
8876	7808
1213	7809
9320	7810
672	7811
1350	7812
2382	7813
8650	7814
6550	7815
6634	7816
1895	7817
5128	7818
3918	7819
7865	7820
6840	7821
8919	7822
2866	7823
3506	7824
7779	7825
5778	7826
6613	7827
4412	7828
5232	7829
9195	7830
6503	7831
189	7832
8566	7833
5709	7834
9423	7835
7950	7836
9773	7837
3232	7838
8579	7839
2760	7840
1923	7841
6407	7842
2431	7843
5729	7844
1787	7845
8300	7846
595	7847
3005	7848
9335	7849
5446	7850
7046	7851
9658	7852
8817	7853
1477	7854
4432	7855
5946	7856
8115	7857
2982	7858
4525	7859
2316	7860
4748	7861
9378	7862
1329	7863
9798	7864
9948	7865
9617	7866
8397	7867
8841	7868
2279	7869
7371	7870
2490	7871
2290	7872
8854	7873
9894	7874
7236	7875
4958	7876
3259	7877
2295	7878
5146	7879
6320	7880
7141	7881
199	7882
7226	7883
271	7884
1015	7885
8267	7886
2828	7887
730	7888
850	7889
1932	7890
8477	7891
984	7892
6645	7893
2860	7894
4795	7895
989	7896
2610	7897
1417	7898
3033	7899
1889	7900
8444	7901
1556	7902
7918	7903
7308	7904
7326	7905
7213	7906
1680	7907
5197	7908
3403	7909
6748	7910
8336	7911
3554	7912
1246	7913
5114	7914
861	7915
7981	7916
978	7917
7941	7918
3889	7919
3260	7920
5056	7921
6383	7922
2737	7923
5216	7924
5271	7925
23	7926
2684	7927
3000	7928
3399	7929
6534	7930
1363	7931
7244	7932
6980	7933
2063	7934
9699	7935
1457	7936
5161	7937
2767	7938
2271	7939
3393	7940
6696	7941
8240	7942
2135	7943
611	7944
203	7945
6915	7946
8368	7947
1567	7948
2174	7949
6371	7950
9277	7951
4675	7952
5520	7953
7162	7954
8874	7955
5250	7956
1034	7957
3261	7958
692	7959
5167	7960
7587	7961
6624	7962
5960	7963
9614	7964
3207	7965
8851	7966
5453	7967
8756	7968
5728	7969
3167	7970
6146	7971
52	7972
6491	7973
8599	7974
57	7975
9095	7976
1634	7977
1021	7978
9593	7979
4231	7980
3689	7981
8337	7982
1305	7983
3413	7984
590	7985
8713	7986
6969	7987
9140	7988
1432	7989
1936	7990
8917	7991
1185	7992
7309	7993
4469	7994
2020	7995
8877	7996
8898	7997
107	7998
7730	7999
2854	8000
5219	8001
5037	8002
8945	8003
1603	8004
7063	8005
3680	8006
2051	8007
4439	8008
1526	8009
7117	8010
5564	8011
3184	8012
2620	8013
6975	8014
8902	8015
4647	8016
8988	8017
4317	8018
8122	8019
9856	8020
2410	8021
9486	8022
624	8023
2668	8024
4801	8025
6244	8026
1842	8027
2864	8028
9613	8029
7626	8030
4459	8031
8634	8032
9473	8033
2330	8034
2950	8035
2087	8036
2207	8037
1466	8038
5349	8039
7344	8040
1364	8041
8940	8042
2973	8043
2605	8044
1343	8045
5629	8046
3944	8047
2370	8048
7921	8049
7559	8050
2089	8051
7017	8052
8712	8053
7930	8054
9964	8055
4600	8056
2442	8057
6779	8058
2520	8059
8773	8060
1139	8061
2334	8062
7727	8063
7324	8064
208	8065
5879	8066
2281	8067
427	8068
1439	8069
1582	8070
307	8071
7035	8072
7796	8073
1276	8074
6574	8075
6649	8076
1883	8077
9270	8078
1865	8079
3443	8080
1499	8081
5797	8082
8285	8083
1067	8084
8835	8085
3420	8086
6851	8087
9517	8088
7080	8089
4395	8090
5185	8091
8251	8092
2258	8093
7904	8094
657	8095
4077	8096
5846	8097
2543	8098
8604	8099
1645	8100
7249	8101
9199	8102
6583	8103
7033	8104
8379	8105
4371	8106
8795	8107
685	8108
4296	8109
4315	8110
4532	8111
6847	8112
2095	8113
5420	8114
275	8115
8946	8116
9729	8117
7179	8118
9677	8119
8722	8120
5884	8121
3981	8122
5875	8123
7651	8124
403	8125
8968	8126
4481	8127
8553	8128
957	8129
904	8130
1166	8131
3719	8132
3419	8133
2115	8134
3862	8135
855	8136
6412	8137
1550	8138
2037	8139
8734	8140
8748	8141
5358	8142
1140	8143
5088	8144
1778	8145
3892	8146
9882	8147
8930	8148
9229	8149
8088	8150
9013	8151
3469	8152
4877	8153
3117	8154
2349	8155
9854	8156
1577	8157
1136	8158
4935	8159
4091	8160
305	8161
1494	8162
8607	8163
8054	8164
5737	8165
5261	8166
1717	8167
6205	8168
6581	8169
7599	8170
6175	8171
650	8172
3283	8173
7602	8174
8457	8175
791	8176
1897	8177
7525	8178
2802	8179
4691	8180
2389	8181
2017	8182
1389	8183
5476	8184
345	8185
8836	8186
6963	8187
749	8188
9891	8189
3057	8190
5826	8191
7067	8192
9737	8193
8505	8194
422	8195
1255	8196
27	8197
8093	8198
8438	8199
4897	8200
3138	8201
6735	8202
4018	8203
6327	8204
4211	8205
1668	8206
1970	8207
4384	8208
4299	8209
6127	8210
3718	8211
7524	8212
6124	8213
6560	8214
792	8215
9196	8216
8480	8217
9360	8218
3758	8219
2204	8220
5437	8221
1142	8222
1060	8223
3083	8224
4310	8225
9636	8226
2838	8227
1806	8228
4598	8229
6652	8230
679	8231
5493	8232
6145	8233
8249	8234
3027	8235
1822	8236
1340	8237
9736	8238
4718	8239
197	8240
1622	8241
4198	8242
4092	8243
6461	8244
4440	8245
8905	8246
1354	8247
4372	8248
4214	8249
7862	8250
4740	8251
1617	8252
9900	8253
9565	8254
3080	8255
7203	8256
5030	8257
7772	8258
4563	8259
6657	8260
4297	8261
8903	8262
7421	8263
1215	8264
842	8265
4316	8266
5448	8267
6685	8268
2720	8269
9070	8270
2392	8271
6754	8272
3422	8273
8545	8274
8896	8275
4029	8276
9728	8277
5829	8278
5972	8279
1721	8280
3880	8281
6144	8282
7509	8283
2351	8284
9865	8285
4851	8286
3791	8287
2492	8288
153	8289
4136	8290
8025	8291
6208	8292
1095	8293
1868	8294
4098	8295
3077	8296
5544	8297
8606	8298
6920	8299
2652	8300
3738	8301
5766	8302
476	8303
5538	8304
4011	8305
941	8306
5849	8307
4540	8308
4407	8309
7307	8310
5616	8311
3049	8312
1145	8313
1053	8314
8546	8315
6716	8316
584	8317
4107	8318
673	8319
2514	8320
7412	8321
6275	8322
6415	8323
3809	8324
4821	8325
1377	8326
3677	8327
9718	8328
6753	8329
7432	8330
6351	8331
2088	8332
9065	8333
756	8334
7123	8335
6187	8336
9179	8337
7479	8338
2491	8339
8425	8340
2830	8341
8310	8342
3532	8343
4505	8344
9415	8345
1537	8346
8834	8347
6345	8348
2870	8349
2332	8350
327	8351
7175	8352
6701	8353
6475	8354
359	8355
2794	8356
4520	8357
5536	8358
8593	8359
3292	8360
6452	8361
4920	8362
8937	8363
3739	8364
2518	8365
7844	8366
1752	8367
5542	8368
9202	8369
8257	8370
4387	8371
474	8372
3894	8373
2742	8374
5149	8375
2222	8376
1764	8377
9283	8378
8533	8379
8387	8380
8152	8381
2987	8382
1108	8383
3702	8384
5001	8385
9403	8386
5913	8387
1943	8388
9410	8389
4321	8390
2085	8391
5475	8392
5689	8393
6093	8394
5046	8395
8744	8396
5068	8397
7866	8398
7649	8399
4611	8400
8556	8401
3315	8402
8586	8403
6023	8404
9100	8405
1206	8406
6901	8407
445	8408
598	8409
3400	8410
882	8411
4591	8412
4035	8413
7413	8414
7832	8415
5591	8416
4607	8417
988	8418
5244	8419
2934	8420
9197	8421
7096	8422
4482	8423
9609	8424
6660	8425
6790	8426
2781	8427
75	8428
8030	8429
6390	8430
9640	8431
8435	8432
1631	8433
3010	8434
318	8435
4410	8436
9731	8437
9267	8438
9597	8439
5949	8440
779	8441
463	8442
8224	8443
4910	8444
8999	8445
9404	8446
8049	8447
4449	8448
7684	8449
1608	8450
7606	8451
8135	8452
2277	8453
1784	8454
6046	8455
1031	8456
5582	8457
9758	8458
4183	8459
9265	8460
97	8461
2592	8462
1092	8463
2923	8464
8689	8465
2354	8466
418	8467
4608	8468
7529	8469
6785	8470
5573	8471
3582	8472
9543	8473
5919	8474
971	8475
7143	8476
3119	8477
3494	8478
2863	8479
5513	8480
943	8481
965	8482
3621	8483
8733	8484
8540	8485
105	8486
3100	8487
1857	8488
7083	8489
8431	8490
7978	8491
8531	8492
2221	8493
3851	8494
4406	8495
3627	8496
3741	8497
5602	8498
2369	8499
6896	8500
539	8501
4790	8502
4414	8503
8809	8504
3087	8505
2040	8506
180	8507
7093	8508
2401	8509
4784	8510
2831	8511
237	8512
8232	8513
2171	8514
7300	8515
3378	8516
9059	8517
1315	8518
227	8519
8520	8520
2443	8521
3202	8522
5342	8523
2933	8524
2245	8525
3952	8526
9513	8527
6190	8528
7655	8529
1790	8530
703	8531
4145	8532
5228	8533
5555	8534
2154	8535
6715	8536
7627	8537
534	8538
5600	8539
8209	8540
3394	8541
3307	8542
5155	8543
21	8544
1846	8545
8694	8546
7903	8547
8879	8548
917	8549
6322	8550
1930	8551
652	8552
6504	8553
8824	8554
7593	8555
2566	8556
9137	8557
6707	8558
8132	8559
7745	8560
2120	8561
6813	8562
531	8563
5755	8564
4493	8565
5793	8566
7514	8567
8523	8568
7360	8569
4906	8570
3962	8571
1280	8572
351	8573
6535	8574
9424	8575
8682	8576
4744	8577
1939	8578
3953	8579
3546	8580
6519	8581
8969	8582
9910	8583
7429	8584
6743	8585
829	8586
2916	8587
4064	8588
8390	8589
9467	8590
4726	8591
3571	8592
4506	8593
537	8594
3313	8595
5738	8596
6025	8597
3591	8598
2264	8599
8142	8600
6605	8601
5087	8602
6891	8603
1732	8604
4120	8605
9572	8606
1019	8607
538	8608
6620	8609
2606	8610
9892	8611
7699	8612
2082	8613
8526	8614
3391	8615
1468	8616
4058	8617
1163	8618
4049	8619
82	8620
2955	8621
6439	8622
1849	8623
6343	8624
7678	8625
2072	8626
3749	8627
2574	8628
5962	8629
5690	8630
9155	8631
5498	8632
9749	8633
2983	8634
5326	8635
2455	8636
3425	8637
2881	8638
2764	8639
6721	8640
4015	8641
207	8642
2678	8643
5959	8644
313	8645
6548	8646
6941	8647
2086	8648
8697	8649
8823	8650
5720	8651
6580	8652
2911	8653
2421	8654
4523	8655
766	8656
5739	8657
809	8658
9890	8659
962	8660
6910	8661
878	8662
9969	8663
5072	8664
4658	8665
6829	8666
7470	8667
4662	8668
417	8669
4417	8670
1980	8671
2945	8672
6913	8673
7893	8674
2905	8675
8912	8676
3009	8677
9327	8678
167	8679
8076	8680
292	8681
5478	8682
3502	8683
5836	8684
9721	8685
3038	8686
5905	8687
5928	8688
2927	8689
3513	8690
8229	8691
2199	8692
576	8693
7614	8694
6761	8695
5284	8696
5496	8697
7456	8698
9902	8699
2723	8700
6167	8701
9831	8702
6747	8703
3418	8704
1929	8705
8117	8706
15	8707
3991	8708
6203	8709
8847	8710
1386	8711
9570	8712
4571	8713
6939	8714
8043	8715
1112	8716
3585	8717
4767	8718
3975	8719
3379	8720
9001	8721
1110	8722
3553	8723
975	8724
5521	8725
2427	8726
4517	8727
1252	8728
8391	8729
7915	8730
6616	8731
9044	8732
1082	8733
1077	8734
4686	8735
641	8736
8949	8737
748	8738
7037	8739
8939	8740
9432	8741
5348	8742
3441	8743
143	8744
238	8745
2797	8746
3509	8747
2111	8748
7410	8749
4824	8750
2113	8751
6544	8752
4433	8753
9281	8754
1935	8755
7042	8756
1156	8757
1688	8758
4075	8759
7321	8760
7296	8761
5243	8762
4526	8763
8345	8764
5664	8765
19	8766
961	8767
8751	8768
6788	8769
2808	8770
440	8771
5652	8772
7222	8773
1802	8774
3704	8775
6602	8776
7128	8777
8942	8778
5760	8779
8669	8780
6064	8781
5330	8782
6736	8783
9395	8784
1661	8785
7553	8786
7217	8787
5518	8788
951	8789
9234	8790
5782	8791
1890	8792
8567	8793
2433	8794
9350	8795
5908	8796
4279	8797
5235	8798
1662	8799
5355	8800
6105	8801
4768	8802
4065	8803
6042	8804
9730	8805
6889	8806
3034	8807
564	8808
5947	8809
5447	8810
7914	8811
7314	8812
3291	8813
286	8814
5018	8815
1043	8816
5267	8817
4054	8818
2622	8819
3603	8820
3338	8821
8166	8822
9666	8823
4404	8824
6370	8825
8727	8826
3110	8827
1436	8828
1292	8829
7356	8830
7637	8831
6483	8832
5329	8833
2509	8834
8629	8835
5610	8836
9099	8837
1882	8838
5457	8839
2153	8840
2059	8841
7508	8842
5110	8843
7507	8844
7102	8845
8230	8846
2308	8847
3284	8848
4224	8849
8194	8850
5653	8851
6964	8852
587	8853
9947	8854
8328	8855
7705	8856
1085	8857
1055	8858
4900	8859
2714	8860
8415	8861
7548	8862
6250	8863
6010	8864
1338	8865
9680	8866
3068	8867
6280	8868
20	8869
3451	8870
1843	8871
163	8872
5625	8873
6646	8874
3730	8875
9857	8876
2182	8877
9088	8878
8208	8879
2213	8880
354	8881
8891	8882
4793	8883
6021	8884
1792	8885
8190	8886
4914	8887
9580	8888
8097	8889
8479	8890
7685	8891
2299	8892
4131	8893
8473	8894
2810	8895
8855	8896
2701	8897
8487	8898
9153	8899
1022	8900
4692	8901
7486	8902
2375	8903
8254	8904
306	8905
4838	8906
7007	8907
1914	8908
9694	8909
5248	8910
8321	8911
4753	8912
4272	8913
7397	8914
3431	8915
1442	8916
4411	8917
3525	8918
1861	8919
5423	8920
5976	8921
9419	8922
8463	8923
8017	8924
1168	8925
7289	8926
2938	8927
3078	8928
1630	8929
9087	8930
8580	8931
9148	8932
8158	8933
7312	8934
6054	8935
9317	8936
7572	8937
2026	8938
3243	8939
3374	8940
8161	8941
9020	8942
2356	8943
4172	8944
7286	8945
841	8946
9766	8947
5396	8948
3559	8949
5170	8950
6700	8951
1285	8952
9381	8953
4547	8954
737	8955
6955	8956
2184	8957
127	8958
5749	8959
7125	8960
1406	8961
2449	8962
9807	8963
2999	8964
8014	8965
9961	8966
3432	8967
4323	8968
1353	8969
623	8970
3536	8971
1227	8972
8141	8973
6189	8974
8274	8975
5609	8976
9619	8977
6413	8978
2925	8979
5925	8980
1804	8981
3988	8982
117	8983
9243	8984
6782	8985
4111	8986
3114	8987
5061	8988
1739	8989
8628	8990
6954	8991
8684	8992
6859	8993
4841	8994
2914	8995
6911	8996
4209	8997
9171	8998
916	8999
7458	9000
9922	9001
2358	9002
8822	9003
8696	9004
7380	9005
3867	9006
6654	9007
2018	9008
6446	9009
4273	9010
9760	9011
2148	9012
5553	9013
2694	9014
376	9015
664	9016
3088	9017
7282	9018
8642	9019
9850	9020
8578	9021
3966	9022
9496	9023
606	9024
9973	9025
3302	9026
5942	9027
8206	9028
6311	9029
4123	9030
2137	9031
6967	9032
263	9033
8016	9034
6008	9035
6639	9036
5543	9037
5650	9038
2465	9039
7729	9040
8018	9041
3516	9042
3370	9043
8639	9044
4031	9045
7225	9046
155	9047
8685	9048
6396	9049
8860	9050
8551	9051
5106	9052
6594	9053
7551	9054
4072	9055
202	9056
8262	9057
3560	9058
7241	9059
7912	9060
1719	9061
2457	9062
8294	9063
8186	9064
1729	9065
1115	9066
6410	9067
5906	9068
130	9069
7095	9070
3320	9071
8804	9072
7202	9073
6424	9074
4985	9075
1595	9076
4947	9077
4981	9078
3007	9079
5781	9080
7145	9081
7050	9082
1825	9083
607	9084
7485	9085
1212	9086
556	9087
303	9088
4425	9089
8101	9090
6960	9091
7810	9092
6004	9093
4499	9094
3208	9095
6353	9096
7709	9097
4813	9098
8992	9099
7259	9100
9775	9101
3638	9102
4806	9103
9296	9104
4991	9105
6220	9106
2065	9107
1522	9108
3148	9109
9391	9110
5765	9111
5871	9112
6846	9113
9208	9114
9935	9115
5917	9116
7643	9117
3209	9118
2235	9119
3890	9120
5938	9121
7272	9122
8569	9123
363	9124
4461	9125
5889	9126
6449	9127
9526	9128
2699	9129
2513	9130
1239	9131
3810	9132
1083	9133
8664	9134
4550	9135
4805	9136
7715	9137
7339	9138
8311	9139
1813	9140
4063	9141
4247	9142
5817	9143
6106	9144
8780	9145
2811	9146
3102	9147
1783	9148
8594	9149
797	9150
9298	9151
8953	9152
8979	9153
7880	9154
9794	9155
9318	9156
2132	9157
7520	9158
1513	9159
2946	9160
9523	9161
7152	9162
757	9163
1770	9164
3827	9165
6508	9166
2885	9167
9623	9168
9960	9169
9535	9170
8385	9171
6809	9172
4602	9173
3476	9174
133	9175
9888	9176
6176	9177
1675	9178
6758	9179
8653	9180
8176	9181
6132	9182
7658	9183
6537	9184
7387	9185
2103	9186
5154	9187
2499	9188
8800	9189
9226	9190
6406	9191
804	9192
8657	9193
1481	9194
7166	9195
8935	9196
4293	9197
3906	9198
6982	9199
1765	9200
6531	9201
246	9202
5896	9203
5994	9204
4835	9205
8493	9206
9501	9207
2033	9208
3568	9209
6601	9210
4574	9211
4190	9212
4052	9213
4243	9214
4419	9215
4638	9216
9053	9217
7483	9218
9054	9219
2685	9220
2336	9221
3496	9222
326	9223
980	9224
5194	9225
8739	9226
2185	9227
2551	9228
3599	9229
8787	9230
5436	9231
7277	9232
6839	9233
2833	9234
7522	9235
3911	9236
4941	9237
3731	9238
2335	9239
4564	9240
6803	9241
8419	9242
416	9243
3040	9244
8172	9245
4879	9246
3963	9247
3773	9248
8764	9249
2081	9250
6332	9251
5374	9252
7786	9253
7453	9254
4859	9255
8550	9256
7682	9257
337	9258
7804	9259
335	9260
3112	9261
3333	9262
2127	9263
9037	9264
9248	9265
9497	9266
3263	9267
9351	9268
2989	9269
6749	9270
3701	9271
8659	9272
2751	9273
6464	9274
9387	9275
5754	9276
6448	9277
5888	9278
7562	9279
7539	9280
6095	9281
8598	9282
3149	9283
3343	9284
6834	9285
5784	9286
1819	9287
5934	9288
8221	9289
9121	9290
9967	9291
7315	9292
4241	9293
5580	9294
7530	9295
3454	9296
9466	9297
5517	9298
5427	9299
7719	9300
8481	9301
2921	9302
22	9303
5703	9304
8263	9305
5328	9306
2304	9307
8031	9308
2007	9309
2703	9310
5368	9311
4312	9312
2845	9313
8641	9314
7258	9315
3126	9316
8367	9317
3070	9318
6584	9319
8560	9320
2083	9321
7713	9322
7199	9323
9201	9324
7638	9325
1812	9326
6456	9327
635	9328
7853	9329
5655	9330
6852	9331
6966	9332
8991	9333
224	9334
3938	9335
4742	9336
1230	9337
1270	9338
9338	9339
2753	9340
6631	9341
3576	9342
8432	9343
284	9344
831	9345
8963	9346
4314	9347
9575	9348
5054	9349
7988	9350
9455	9351
982	9352
8640	9353
1601	9354
5036	9355
5973	9356
9596	9357
9968	9358
3316	9359
6040	9360
6789	9361
6655	9362
3231	9363
6403	9364
8813	9365
5944	9366
2639	9367
4438	9368
1023	9369
1232	9370
5121	9371
501	9372
6651	9373
2880	9374
514	9375
4032	9376
1498	9377
3572	9378
9842	9379
1613	9380
404	9381
5390	9382
6379	9383
8210	9384
4424	9385
9143	9386
6936	9387
8588	9388
4999	9389
9621	9390
8024	9391
6705	9392
4462	9393
7448	9394
3772	9395
6539	9396
1425	9397
596	9398
51	9399
80	9400
8204	9401
59	9402
7913	9403
7916	9404
1316	9405
2527	9406
5698	9407
170	9408
565	9409
5361	9410
9118	9411
3249	9412
6404	9413
5647	9414
8658	9415
8083	9416
7489	9417
9916	9418
355	9419
3107	9420
6288	9421
930	9422
2285	9423
1903	9424
4397	9425
2057	9426
3380	9427
985	9428
9474	9429
4196	9430
7263	9431
1090	9432
234	9433
6506	9434
9116	9435
192	9436
9477	9437
1307	9438
9233	9439
2341	9440
7419	9441
6342	9442
9816	9443
6998	9444
4502	9445
3230	9446
2097	9447
8119	9448
7992	9449
9050	9450
6129	9451
4385	9452
1731	9453
3039	9454
2006	9455
15	9456
6879	9457
4628	9458
2415	9459
3163	9460
7444	9461
6480	9462
5378	9463
9439	9464
1467	9465
5682	9466
983	9467
7488	9468
9549	9469
1641	9470
4169	9471
8459	9472
999	9473
9720	9474
8136	9475
1105	9476
609	9477
4930	9478
5615	9479
7234	9480
9012	9481
6393	9482
8201	9483
7374	9484
9502	9485
6507	9486
5772	9487
5565	9488
7285	9489
8914	9490
377	9491
8747	9492
5150	9493
7680	9494
2679	9495
4195	9496
2671	9497
9120	9498
931	9499
1452	9500
5321	9501
9833	9502
2816	9503
13	9504
4208	9505
9119	9506
5694	9507
1985	9508
2067	9509
2391	9510
6090	9511
9063	9512
5107	9513
7243	9514
4670	9515
3324	9516
1396	9517
3885	9518
8080	9519
8354	9520
46	9521
7960	9522
3822	9523
9019	9524
6894	9525
8978	9526
9186	9527
2233	9528
3388	9529
8446	9530
5360	9531
362	9532
8375	9533
3060	9534
8102	9535
1888	9536
5954	9537
2736	9538
5859	9539
432	9540
3228	9541
5874	9542
2969	9543
8437	9544
7351	9545
9216	9546
2548	9547
4940	9548
6902	9549
1016	9550
469	9551
6062	9552
7848	9553
9417	9554
3334	9555
6586	9556
1967	9557
2130	9558
10	9559
8948	9560
6000	9561
5099	9562
1381	9563
3383	9564
4684	9565
2366	9566
6171	9567
1984	9568
8441	9569
9800	9570
1068	9571
6075	9572
522	9573
7494	9574
7131	9575
5003	9576
8672	9577
4201	9578
7864	9579
6325	9580
8770	9581
4113	9582
2215	9583
5927	9584
6249	9585
5345	9586
1854	9587
7824	9588
7545	9589
7124	9590
3747	9591
4185	9592
7703	9593
3074	9594
528	9595
9642	9596
2889	9597
6780	9598
599	9599
9457	9600
621	9601
5	9602
4763	9603
7109	9604
162	9605
4829	9606
7765	9607
8679	9608
4290	9609
9274	9610
1638	9611
5730	9612
1621	9613
4644	9614
1495	9615
1243	9616
3675	9617
5807	9618
1751	9619
1394	9620
1114	9621
9655	9622
8140	9623
8082	9624
2666	9625
8303	9626
813	9627
2766	9628
3577	9629
9182	9630
111	9631
5200	9632
9707	9633
2662	9634
5648	9635
1918	9636
8277	9637
9578	9638
2530	9639
8138	9640
9933	9641
8913	9642
7700	9643
1625	9644
5792	9645
9719	9646
8129	9647
6837	9648
7812	9649
4088	9650
3661	9651
2471	9652
1841	9653
9364	9654
7192	9655
1414	9656
1388	9657
4733	9658
3459	9659
8501	9660
8042	9661
2689	9662
6543	9663
8464	9664
6498	9665
9291	9666
675	9667
2829	9668
3625	9669
5286	9670
9685	9671
7618	9672
9468	9673
6944	9674
8462	9675
9011	9676
1957	9677
4926	9678
2502	9679
1327	9680
5398	9681
9135	9682
2032	9683
8175	9684
8819	9685
6272	9686
1539	9687
6495	9688
145	9689
9126	9690
8	9691
2435	9692
470	9693
3527	9694
3290	9695
7805	9696
9358	9697
1265	9698
9279	9699
8388	9700
8213	9701
4338	9702
3256	9703
47	9704
3295	9705
9858	9706
620	9707
4921	9708
2451	9709
6324	9710
7068	9711
4055	9712
1375	9713
6047	9714
3146	9715
8792	9716
8363	9717
4304	9718
9382	9719
7691	9720
5229	9721
2992	9722
4	9723
3311	9724
4268	9725
1649	9726
2331	9727
5105	9728
9951	9729
968	9730
7975	9731
6572	9732
993	9733
3058	9734
9015	9735
3032	9736
4678	9737
7018	9738
122	9739
1606	9740
5010	9741
9629	9742
3949	9743
5220	9744
5505	9745
2770	9746
1990	9747
8356	9748
7892	9749
8521	9750
2251	9751
8950	9752
7089	9753
6757	9754
8171	9755
2102	9756
5019	9757
232	9758
1933	9759
1824	9760
9433	9761
5769	9762
8469	9763
181	9764
2173	9765
8449	9766
2747	9767
945	9768
7232	9769
1426	9770
5866	9771
7586	9772
7965	9773
2960	9774
3436	9775
7954	9776
8737	9777
1222	9778
6076	9779
1183	9780
4560	9781
9714	9782
4643	9783
7237	9784
5092	9785
4973	9786
3891	9787
6069	9788
3685	9789
1756	9790
3861	9791
6886	9792
4627	9793
1896	9794
8938	9795
4148	9796
8868	9797
7182	9798
7047	9799
1308	9800
493	9801
6233	9802
1560	9803
1855	9804
7040	9805
8574	9806
535	9807
1249	9808
2939	9809
1102	9810
6307	9811
7782	9812
9940	9813
3629	9814
6363	9815
1982	9816
6214	9817
7435	9818
87	9819
9538	9820
9247	9821
3736	9822
2526	9823
9452	9824
4402	9825
6493	9826
3322	9827
654	9828
2186	9829
6087	9830
7948	9831
5530	9832
9066	9833
9841	9834
3999	9835
3626	9836
2890	9837
3449	9838
6218	9839
5745	9840
8568	9841
6303	9842
3619	9843
323	9844
9843	9845
5900	9846
2814	9847
3877	9848
2607	9849
500	9850
9150	9851
4513	9852
768	9853
3023	9854
9273	9855
4189	9856
5956	9857
2219	9858
343	9859
9872	9860
8046	9861
5424	9862
7946	9863
2239	9864
2523	9865
45	9866
7800	9867
2090	9868
6951	9869
5382	9870
7036	9871
314	9872
8845	9873
7898	9874
7764	9875
3819	9876
894	9877
3545	9878
697	9879
4150	9880
372	9881
832	9882
5731	9883
1358	9884
2776	9885
9698	9886
6231	9887
959	9888
8671	9889
409	9890
5104	9891
9847	9892
6082	9893
9585	9894
36	9895
7839	9896
7814	9897
5350	9898
3863	9899
9067	9900
154	9901
9918	9902
7771	9903
7104	9904
1558	9905
5508	9906
2680	9907
4634	9908
7854	9909
8608	9910
4000	9911
6074	9912
3016	9913
9266	9914
5757	9915
2837	9916
6848	9917
4601	9918
8647	9919
7927	9920
1435	9921
6252	9922
862	9923
1397	9924
1127	9925
3487	9926
7613	9927
8648	9928
6873	9929
4448	9930
7611	9931
1326	9932
8413	9933
6907	9934
4537	9935
3721	9936
4422	9937
8665	9938
7150	9939
1698	9940
2713	9941
544	9942
6223	9943
9643	9944
3761	9945
5707	9946
9311	9947
6454	9948
8015	9949
2009	9950
6306	9951
5090	9952
1945	9953
4320	9954
3878	9955
3300	9956
8197	9957
3355	9958
8863	9959
7879	9960
4864	9961
194	9962
5562	9963
3275	9964
9795	9965
4633	9966
6973	9967
6375	9968
9192	9969
9470	9970
5187	9971
5289	9972
9428	9973
1723	9974
5193	9975
1540	9976
2446	9977
8754	9978
1373	9979
9435	9980
1948	9981
7127	9982
1887	9983
5931	9984
8649	9985
1835	9986
8583	9987
88	9988
5847	9989
4698	9990
2780	9991
2328	9992
2906	9993
6295	9994
7755	9995
1711	9996
5936	9997
8366	9998
8287	9999
7949	10000
