122	569	8	58.93
1758	14	5	12.91
2835	1449	5	82.55
279	12	14	7.3
2139	12	4	6.49
4267	134	6	78.05
2440	302	5	65.63
85	141	6	9.5
936	12	6	5.72
635	1918	5	69.79
3049	12	3	5.05
314	12	19	22.08
108	1032	4	21.03
707	134	3	19.37
107	170	8	18.56
8338	12	3	14.74
122	1278	3	20
787	531	4	45.44
1046	1015	9	137.8
180	5055	3	36.69
102	608	3	5.47
121	124	4	5.53
302	7064	3	47.6
104	3870	3	18.96
101	1196	3	6.07
787	131	11	102.25
1515	491	3	35.32
180	138	3	10.81
1089	12	5	4.39
121	8997	3	36.43
382	1381	11	160.11
12	1683	4	4.7
2484	836	3	41.32
2895	12	3	4.36
3485	14	3	9
5224	14	3	11.63
5336	131	3	31.31
6397	14	3	13.76
2508	9353	3	60.15
12	1171	20	98.31
193	472	3	22.21
132	268	6	34.51
103	450	6	17.83
127	411	3	14.82
579	116	3	14.29
1703	104	5	27.31
102	1508	3	9.9
7521	110	3	32.03
3431	12	4	10.63
251	101	6	4.96
153	421	11	99.47
2	7231	3	22.21
317	395	3	24.96
165	122	3	7.09
264	102	6	9.47
4716	105	3	20.73
122	2046	4	33.44
149	160	3	10.76
112	3050	4	33.58
5062	252	5	77.6
885	14	4	4.32
1107	537	3	34
1867	12	4	5.22
1695	107	8	60.38
680	1719	8	122.19
730	104	5	18.87
12	5148	3	8.37
8101	609	3	51.89
176	1240	3	26.66
261	1471	3	31.2
123	167	5	16.92
101	790	4	7.73
2837	107	3	18.4
136	6451	3	34.73
122	901	4	26.79
383	12	36	111.46
989	101	6	18.69
128	1087	5	39.33
345	85	6	25.17
2155	14	4	10.49
3273	14	4	13.52
105	144	14	26.89
12	3889	3	6.96
12	3837	5	16.56
106	922	4	17.4
1904	14	3	5.11
103	230	12	35.69
453	12	9	5.64
971	105	9	51.78
204	412	4	31.71
445	3578	4	57.45
146	153	3	9.86
842	12	10	17.37
2691	12	3	4.36
12	247	20	16.84
1805	12	13	63.9
219	120	3	10.15
107	640	4	15.73
269	1241	3	30.15
1255	14	6	13.91
105	1589	4	19.39
5477	2	3	17.76
1003	175	3	25.38
2	744	6	16.01
102	254	20	76.14
336	131	7	45.3
176	342	8	68.17
2	7184	3	22.21
1105	14	7	17.03
108	122	16	34.28
678	104	5	18.21
334	161	4	26.23
6156	12	3	10.42
115	1299	3	18.52
132	122	5	10.94
102	3788	3	15.5
1507	12	5	6.67
584	12	8	6.19
937	101	3	5.09
1399	107	5	29.2
1060	126	8	70.65
6121	12	3	10.42
133	946	3	20.63
2261	14	3	6.06
102	1598	3	10.3
102	1419	5	21.34
169	5166	3	35.92
101	1094	3	5.8
1557	14	4	7.41
213	124	4	16.03
2954	403	3	38.97
106	104	34	15.1
537	4488	4	60.76
2	7337	3	22.21
764	161	7	65.73
1228	12	6	8.12
5796	12	3	10.42
110	339	9	45.3
1800	513	3	37.02
1195	12	5	4.77
212	515	3	24.09
12	4427	5	19.35
107	523	4	14.2
1729	14	5	12.91
522	4445	3	42.74
108	881	3	13.17
746	2	4	7.6
1957	12	7	17.53
4072	12	4	12.38
104	4098	4	28.69
273	586	3	26.24
1606	101	3	7.71
8	4681	4	41.22
2	303	8	12.78
252	12	18	13
5799	107	4	39.7
1071	256	5	54.68
221	12	44	93.22
4335	14	3	10.14
122	2862	3	25.07
731	293	3	27.86
123	1795	3	22.67
159	192	12	88.44
301	12	15	10.83
3275	12	4	9.28
348	2335	4	50.38
7180	2	3	22.21
1768	14	8	29.9
104	250	12	41.28
444	485	3	28.46
12	1861	11	43.26
8	5573	4	46.21
101	506	9	24.81
1240	104	3	10.99
311	104	4	7.34
661	102	3	5.94
220	3823	5	67.85
159	1139	4	35.23
6396	110	4	42.71
388	5010	3	42.58
2772	126	4	37.33
12	3406	3	5.9
2141	3207	3	48.9
85	222	3	6.04
128	533	5	32.58
5245	14	3	11.63
3911	2	4	22.08
2778	14	4	12.35
455	111	3	11.14
114	572	5	27.14
8	841	7	50.74
150	119	5	14.14
1075	557	4	48.4
836	3530	3	43.97
2276	104	5	30.34
1022	386	3	31.68
108	554	3	10.66
116	943	3	16.78
1763	363	7	94.88
4235	12	3	6.96
111	160	4	6.82
108	2784	4	29.39
1068	673	3	35.24
102	1346	3	9.19
2994	14	3	8.07
1025	14	7	16.34
1201	14	4	5.79
2253	101	3	9.63
1318	101	3	6.65
327	463	15	186.6
127	278	5	25.64
3452	12	4	10.63
103	561	3	6.26
12	1353	5	5.63
6294	12	3	10.42
1979	157	4	40.22
8	1211	4	26.75
1096	113	5	32.98
119	265	3	10.76
2	5611	3	17.76
338	702	3	28.65
3144	14	4	13.52
105	594	3	7.45
1219	106	4	19.39
2	1809	3	8.67
118	106	32	71.51
1303	14	5	10.29
724	304	5	52.62
1602	2477	3	45.14
362	1603	3	33.75
144	232	3	14.18
12	6591	4	19.66
5504	784	3	48.8
640	128	29	339
783	104	16	107.27
463	12	14	18.56
111	395	3	10.3
5060	12	3	8.37
832	12	6	4.64
149	121	4	9.96
101	5537	3	17.66
108	213	5	13.37
139	288	3	14.63
101	2200	3	9.63
128	785	3	18.41
2566	592	4	55.62
838	1709	3	38.99
156	1466	16	222.97
1992	154	6	66.09
12	1200	17	67.19
434	12	11	9.36
1422	12	7	13.16
210	161	12	93.19
123	424	9	63.98
101	1068	3	5.8
116	3402	4	36.78
3766	12	6	23.93
261	1593	3	31.63
533	12	19	42.93
3514	12	4	10.63
1144	157	5	46.91
12	5709	3	10.42
102	1299	4	14.62
115	254	3	9.26
85	774	3	13
103	324	5	9.97
2271	14	4	10.49
12	117	557	2540.79
110	1007	3	14.69
120	318	3	12.22
2429	12	5	11.61
135	174	3	10.33
105	1563	6	34.84
186	105	5	5.97
12	616	8	6.53
8441	12	3	14.74
2975	12	5	14.53
4527	3019	3	53.47
1214	12	19	93.39
2325	12	4	6.49
1628	112	6	46.85
236	972	3	28.34
521	14	10	18.53
2	333	19	65.8
281	603	3	26.65
103	4531	3	17.97
2437	917	3	42.07
105	722	10	53.64
112	7902	3	33.47
1041	12	5	4.04
272	192	14	132.96
8165	2884	3	60.91
338	115	5	23.35
104	6315	3	22.74
2	4168	3	14.05
85	390	4	14.55
101	556	4	5.64
4324	14	3	10.14
173	863	3	24.48
108	2622	3	19.13
4826	5771	3	61.14
1333	104	16	132.74
3512	547	3	41.82
1193	109	4	22.02
5957	12	3	10.42
869	104	4	14.44
1701	101	3	8.12
188	799	3	24.84
3252	12	3	5.05
2192	515	6	87.45
131	170	3	8.99
3635	105	3	17.94
3626	14	3	9
1524	106	5	28.69
109	225	3	5.74
825	14	14	48.66
2682	14	3	7.3
57	150	3	6.42
803	2	17	90.83
12	367	54	237.14
144	314	5	31.87
845	105	7	34.09
556	977	3	33.58
1300	115	3	18.52
1558	203	3	29.52
2313	12	6	15.23
786	102	8	33.63
914	910	3	36.21
1018	115	3	17.24
587	105	35	311.29
107	810	3	11.27
2	4594	5	37.02
161	108	4	5.22
12	119	79	32.34
688	14	23	104.66
130	145	7	26.72
4176	59	3	43.76
1502	14	3	4.01
146	124	3	6.08
103	261	4	4.98
193	108	18	86
12	1560	4	4.23
127	119	4	5.5
103	145	10	11.05
132	505	3	17.15
134	1800	4	35.99
3406	12	5	16.56
101	746	3	4.14
2639	658	8	134.46
5502	419	3	45.3
4777	12	3	8.37
105	116	23	28.02
552	105	17	103.65
309	3118	3	37.2
4140	107	3	21.5
1610	217	12	168.07
102	3426	3	15.5
4212	12	3	6.96
117	8872	3	34.76
137	4713	4	47.52
529	12	8	5.29
117	160	12	51.79
2183	812	3	40.64
6926	14	3	18.16
144	1741	3	25.82
2	137	48	113.78
382	6107	3	44.7
159	369	5	35.8
804	8184	3	53.53
5086	12	3	8.37
890	102	3	7.28
604	12	7	4.39
107	237	5	12.3
1465	328	3	32.72
107	305	4	10.06
2848	104	4	24.03
155	168	3	11.99
740	12	8	8.46
107	410	5	17.75
1362	3087	3	45.94
6301	12	3	10.42
869	105	5	20.68
128	1544	3	21.99
1946	14	4	9.06
226	342	3	22
12	4184	3	6.96
102	674	6	19.81
271	2475	8	115.49
227	2	83	557.46
356	85	3	8.65
2764	12	4	8.19
102	3245	4	22.28
5415	12	4	14.83
2618	12	4	7.27
1430	566	4	50.3
6883	101	3	17.66
106	230	3	4.01
459	104	3	6.08
661	107	20	156.55
2279	101	4	15.42
2782	107	7	59.98
749	319	4	40.76
2	3938	4	22.08
119	701	3	16.47
1374	2738	4	63.28
104	144	29	93.2
101	2696	3	10.96
168	498	3	21.09
339	14	11	13.69
2175	14	4	10.49
281	2358	4	49.4
3074	2	3	11.88
286	491	3	25.68
150	434	3	18.91
1110	102	4	13.33
8	2369	9	97.56
806	12	11	20.43
5914	113	4	44.73
7479	12	3	14.74
102	1098	6	25.22
2917	110	3	20.63
5249	104	4	31.31
1034	112	8	60.58
124	148	6	19.96
8	1972	3	21.22
85	179	3	4.19
102	3653	4	23.78
103	601	4	10.87
306	102	15	54.64
2290	110	4	28.36
591	12	7	4.13
1518	12	6	10.11
1071	126	8	71.58
5214	104	3	20.53
142	120	3	5.22
759	102	5	15.66
193	149	9	58.67
109	586	8	45.92
482	520	4	41.59
106	2330	4	24.4
1585	110	3	17.14
2	3347	6	38.74
178	115	4	10.72
260	390	4	33.91
514	14	7	8.56
496	2	8	20.04
1363	123	3	20.89
102	441	6	15.27
7078	2	3	22.21
1592	14	3	4.34
170	124	3	8.03
176	461	4	30.7
7766	7295	3	72.37
535	784	4	45.44
140	240	3	13.74
2127	9	10	109.92
139	198	4	17.91
6712	104	3	22.74
6731	12	3	10.42
3151	12	3	5.05
12	2749	3	4.36
7184	2	3	22.21
112	188	11	48.55
745	2	3	4.22
2382	1457	3	44.31
1572	271	3	31.86
192	1384	4	40.19
715	144	3	20.91
1552	7752	3	56.93
105	581	3	7.45
1163	279	4	42.85
666	220	4	36.85
1442	14	4	6.96
3498	785	4	61.67
774	2	11	44.79
5399	14	3	11.63
713	118	3	15.29
1197	107	4	19.91
2196	12	4	6.49
7292	110	3	32.03
2	5674	4	29.62
137	2552	5	51.83
8737	2	3	22.21
12	3007	3	5.05
111	176	3	4.85
3384	2650	7	147.47
120	225	4	15.82
835	14	6	9.8
3638	110	7	74.77
448	126	29	301.56
108	538	6	29.43
12	210	82	294.23
12	146	121	306.08
304	12	17	15.82
7051	4674	3	65.64
3026	12	3	5.05
4586	4568	5	115.51
103	215	7	12.7
558	102	4	8.94
1262	12	10	24.47
3616	105	3	17.94
122	915	5	36.38
102	1278	5	20.1
105	250	5	9.33
105	578	4	12.11
5414	2661	3	54.18
111	1302	3	16.73
1361	776	3	37.46
882	8	4	24.36
144	1441	4	35.29
882	279	3	28.77
101	1101	3	5.8
677	330	3	28.26
117	2237	8	79.88
399	864	4	43.68
109	151	9	22.62
8990	105	3	27.42
8467	12	3	14.74
110	5429	3	25.32
3482	105	3	17.94
5496	7099	3	67.87
108	115	15	22.77
6605	1428	4	75.64
108	226	3	5.75
6163	312	3	43.37
57	116	10	24.05
1920	1777	11	211.06
4046	12	3	6.96
57	228	4	16.55
116	4569	5	57.91
1516	14	8	27.04
7031	2	3	22.21
226	753	7	75.29
144	292	6	39.45
329	758	3	28.88
1972	8	5	41.52
129	190	5	20.78
3321	2	3	11.88
1067	1421	3	39
150	411	6	45.74
598	1	3	21.34
101	1146	3	6.07
176	784	5	45.84
1707	12	4	4.7
57	4586	3	30.08
110	278	4	12.06
102	764	6	21.03
5283	12	3	8.37
5570	102	3	20.47
2849	12	6	18.57
1325	101	3	6.65
626	12	33	153.39
255	102	10	24.15
1598	12	12	44.51
5674	2	4	29.62
213	112	3	7.21
217	106	4	6.71
1334	106	4	19.87
12	1665	10	30.95
104	594	5	17.02
85	111	9	4.62
2	3880	6	44.43
1739	1457	3	41.98
128	348	3	13.78
1308	14	6	14.6
122	2847	9	109.63
12	2039	6	13.93
1989	110	3	18.62
142	102	17	25.38
2605	12	7	22.72
2636	12	5	12.92
102	1081	4	13.33
107	331	5	15.36
300	1421	3	31.77
891	1057	4	51.35
5	299	3	26.39
1339	14	4	6.54
102	4419	3	16.71
108	866	3	12.93
320	546	8	89.45
1977	2	10	63.34
1974	7264	3	58.87
402	364	20	263.56
1292	2	6	22.11
1282	526	3	34.49
2174	110	4	28.36
116	393	4	18.26
1043	102	4	12.95
819	12	8	9.91
107	284	12	54.09
6606	105	4	36.56
143	2278	4	39.41
85	153	5	8.21
1780	12	4	4.7
788	12	16	42.55
3884	2296	4	72.13
117	121	10	23.04
3215	14	3	8.07
121	1298	3	20.28
719	2575	9	154.18
102	1623	3	10.3
107	3694	3	20.27
2296	498	4	53.36
2	1416	3	7.07
281	2069	5	62.34
102	5391	3	18.27
4292	12	3	6.96
180	196	3	15.43
298	618	4	38.56
1803	1467	5	78.31
9110	110	3	32.03
652	566	13	183.26
1089	110	6	39.1
717	12	10	14.54
121	112	10	19.37
4623	531	3	44.49
2	469	4	4.81
110	229	5	15.39
635	4401	4	61.92
57	327	5	26.52
358	232	4	32.17
286	884	3	28.93
2	7030	3	22.21
2635	101	4	17.37
165	115	7	23.53
118	263	5	20.99
1129	391	4	45.39
101	984	3	5.32
101	6995	3	22.11
3019	12	3	5.05
1026	12	6	6.57
2606	101	3	10.25
2	5560	4	29.62
128	650	8	63.32
8054	2	3	22.21
2467	14	3	6.64
2727	14	4	12.35
125	5267	3	30.33
103	188	6	7.03
345	14	8	6.47
1118	279	3	29.89
101	627	9	28.31
234	654	3	25.92
284	205	3	19.62
892	12	9	14.43
355	126	36	371.37
607	971	3	34.09
117	723	14	121.11
4681	9	4	41.6
12	3112	3	5.05
730	105	6	25.32
111	328	8	39.83
286	2635	4	50.71
3692	14	4	14.95
2484	1153	5	79.15
117	5213	5	57.95
376	14	8	7.48
12	162	148	575.82
12	103	2399	11882.2
957	12	22	100.09
2	4595	3	15.58
1672	101	3	7.71
130	146	3	6.8
340	12	58	256.27
1756	157	8	92.02
807	14	4	3.85
116	2368	5	44.08
2	1974	12	88.87
2059	1929	3	44.83
102	1193	4	13.74
3497	329	3	38.59
102	1237	5	20.1
3027	12	4	9.28
2422	101	3	10.25
2	3395	3	12.85
103	262	4	5.05
3762	105	3	17.94
238	704	7	75.04
4760	12	3	8.37
1775	612	3	37.35
101	926	3	5.09
579	2	6	13.49
1969	8	5	41.52
12	4114	5	19.35
1517	14	6	16.14
102	1447	3	9.53
1336	200	8	93.79
3249	186	3	33.3
12	4908	3	8.37
108	3070	3	20.74
344	144	6	41.89
3483	105	3	17.94
2	2367	5	23.41
2541	101	3	10.25
2317	104	3	14.5
6898	12	3	10.42
414	102	4	6.82
874	57	7	56.36
2450	12	4	7.27
3444	12	4	10.63
484	12	14	19.74
3829	104	4	26.79
289	3825	3	37.7
113	386	4	16.58
767	107	5	23.3
621	12	15	29.5
159	120	3	6.61
313	2637	8	122.01
110	307	5	18.28
2083	2	3	9.17
208	112	6	21.29
2041	112	3	20.05
312	2206	6	80.87
106	278	3	4.92
2	1358	4	11.25
409	1413	4	47.77
5789	110	3	27.54
327	2205	3	35.27
999	101	5	13.68
430	1233	3	33.36
472	107	6	25.04
1441	12	6	9.38
105	736	4	13.54
4362	104	4	28.69
106	530	3	8.45
3544	104	4	26.79
861	2	5	12.62
124	1509	3	21.57
1344	14	4	6.54
493	985	3	32.95
128	445	16	140.57
190	1064	3	26.42
890	2	3	4.97
150	193	3	13.08
124	106	11	11.71
128	1205	3	20.87
176	2282	6	71.39
3136	14	8	48.43
107	156	6	8.96
2600	12	4	7.27
102	982	3	7.75
725	12	18	50.24
307	120	3	12.13
125	167	59	520.86
112	980	3	15.81
128	1308	3	21.22
244	1409	3	30.44
12	6784	3	10.42
151	1422	3	25.31
12	697	13	24.95
159	385	3	18.65
1371	108	3	15.58
112	953	6	40.12
117	144	3	4.12
3357	724	7	124.41
8	2123	4	31.84
85	113	14	17.69
1744	12	4	4.7
328	105	4	7.88
824	12	10	16.6
104	564	12	62.83
4407	12	3	6.96
12	1969	6	13.93
204	725	5	47.46
576	1747	3	37.17
574	12	9	8.58
145	122	6	18.71
1145	2	4	10.4
1774	4387	3	49.5
106	177	4	4.55
112	1919	3	19.5
255	175	4	25.54
147	254	8	55.97
2	423	5	6.93
329	125	3	13.09
2	540	5	9.08
2786	12	3	4.36
758	1411	3	37.24
467	107	13	76.12
1536	12	13	48.99
116	168	6	19.41
126	12	70	35.22
3597	101	4	20.07
165	3070	3	31.62
2802	429	8	127.76
3259	200	3	33.73
299	8	4	15.85
102	3847	3	15.5
1692	14	3	4.7
7400	2	3	22.21
2869	14	4	12.35
428	220	6	55.4
687	217	31	471.06
187	428	3	21.49
102	1615	4	16.2
903	109	12	91.2
1172	3268	3	44.88
2983	12	8	39.32
998	12	6	6.13
5323	105	4	31.57
12	3906	3	6.96
105	276	6	14.03
232	3742	3	36.44
2211	12	7	20.7
5555	12	4	19.66
1025	109	3	14.07
7671	12	3	14.74
176	1168	10	116.81
123	128	4	6.21
12	1608	4	4.23
337	171	3	18.95
115	164	3	5.43
326	119	3	12.03
158	597	4	30.79
12	264	70	281.88
156	373	3	18.3
2334	3213	7	136.55
2	4578	4	24.66
163	5250	4	51.01
1	9	4	9.16
3540	110	3	22.51
4466	12	3	6.96
4054	12	3	6.96
4867	12	3	8.37
112	518	9	58.08
128	3498	4	40.3
5033	14	4	19.31
103	470	3	5.35
3768	14	6	30.68
3072	12	3	5.05
4230	3553	6	130.68
667	1081	3	35.24
110	1980	5	37.16
1770	105	11	86.08
106	665	3	9.58
4384	105	4	28.96
4884	12	3	8.37
102	141	12	11.05
308	104	4	7.24
2	1003	4	9.31
287	12	16	11.76
1750	14	4	8.46
5355	2	5	37.02
124	1038	7	58.85
1226	8	7	55.98
3758	2	3	12.85
334	562	3	27.54
130	119	13	46.8
140	124	3	5.35
102	466	11	43.01
143	1337	6	57.89
2	596	5	9.56
1039	6467	4	73.33
3399	12	3	5.9
4759	104	3	20.53
120	115	8	15.06
2	746	4	7.6
3996	12	3	6.96
105	325	3	4.39
124	3254	3	26.4
5225	110	5	53.4
200	12	27	21.41
102	3981	3	16.71
168	678	16	184.47
109	455	5	21.37
103	173	15	37.42
103	119	45	107.6
204	500	3	23.06
382	4918	3	42.47
106	411	3	7.08
2	1571	14	96.4
1471	2209	3	44.04
611	12	8	6.53
5683	105	3	22.94
107	332	6	20.73
482	1742	4	50.83
57	7208	3	36.8
2	2904	3	11.06
2074	105	12	109.72
1580	12	8	19.84
12	647	8	7.24
302	4600	5	79.48
642	6131	4	69.82
2863	12	4	8.19
116	495	3	13.36
426	57	3	14.55
4454	101	4	21.95
101	1537	3	7.33
113	160	3	4.3
105	2104	3	14.11
2	496	4	5.1
2209	14	3	6.06
159	311	5	34.14
12	8715	3	14.74
1038	106	3	11.81
105	1728	12	98.27
2619	12	5	11.61
375	12	23	44.02
2	2647	9	66.65
12	903	11	22.27
776	12	6	4.33
150	561	6	49.61
3968	358	3	40.34
334	2019	3	34.86
112	2039	3	20.05
101	439	4	4.31
163	405	4	28.05
2	7327	3	22.21
2240	14	3	6.06
4865	14	4	19.31
6466	1138	3	50.65
12	1617	15	73.73
184	422	3	21.32
5458	14	4	24.21
1263	14	8	23.66
188	161	15	117.6
356	115	5	23.85
412	12	18	28.86
8257	104	3	27.22
240	122	3	10.72
106	247	3	4.32
1058	102	5	18.52
107	537	4	14.4
3265	14	3	8.07
12	751	10	15.19
1680	533	3	36.67
1043	2	3	5.64
115	1972	3	21.21
707	129	3	17.9
119	1628	6	51.97
216	224	3	18.88
126	1030	10	94.08
700	12	7	5.58
4659	105	3	20.73
3493	12	3	5.9
6537	110	3	27.54
307	102	4	4.84
4275	12	3	6.96
721	104	4	13.29
1302	180	4	38.87
1887	102	3	11.21
117	174	3	6.35
105	605	3	7.61
1289	559	3	35.33
563	12	8	5.88
342	102	4	5.52
2612	9135	3	60.15
105	2461	3	15.34
4666	2	3	15.58
768	252	6	63.64
101	2918	4	17.37
118	383	4	18.23
110	1633	4	25.42
188	924	6	60.92
12	3808	3	5.9
1737	14	3	4.7
146	12	46	30.81
7506	12	3	14.74
104	934	5	21.21
621	3606	4	59.76
417	113	3	11.31
2070	12	7	19
153	3053	4	43.89
247	107	4	8.49
5421	101	5	36.85
511	14	39	226.97
2	823	4	8.11
4344	825	3	45.22
1706	14	3	4.7
2	898	3	4.97
7220	2	3	22.21
3561	14	3	9
215	197	5	34.08
176	279	4	26.4
102	164	7	4.81
126	139	3	5.47
12	2652	4	8.19
3675	14	3	9
165	285	3	17.14
125	2215	4	35.02
291	515	3	26.06
6934	128	3	37.38
1143	256	5	55.24
139	109	15	44.61
387	105	5	13.58
101	1053	4	9.53
118	133	5	8.82
101	881	3	4.88
7185	2	3	22.21
1149	1452	3	39.62
2712	14	3	7.3
4774	832	5	89.63
421	5263	3	43.07
801	2	3	4.57
107	542	9	48.15
3816	288	4	53.51
12	4259	3	6.96
662	102	3	5.94
144	632	5	38.96
1254	12	9	19.74
3239	12	3	5.05
1901	586	3	37.68
6752	12	3	10.42
4562	212	3	38.63
199	109	5	11.99
719	2214	3	39.98
792	105	27	238.46
106	146	5	3.99
104	5101	3	20.53
106	262	3	4.61
101	2724	3	10.96
3864	14	6	36.32
693	14	5	5.46
115	781	3	15.73
712	2	5	10.93
992	6319	3	50.06
4038	12	3	6.96
6870	12	3	10.42
3862	126	3	28.94
101	182	10	8.87
436	302	5	47.66
13	116	8	24.72
721	105	8	38.79
2	151	14	11.23
2398	2	3	10.35
117	3750	3	25.22
2	2950	7	45.86
718	1294	17	302.34
631	590	3	31.44
382	3436	4	56.12
1336	387	3	33.1
7386	1	3	41.75
116	2352	5	44.08
12	2898	6	18.57
392	706	20	296.01
102	409	8	23.86
1220	110	4	23.3
247	102	8	15.74
3880	3897	6	136.42
12	307	28	52.66
618	12	21	58.62
1728	12	5	7.94
3851	12	3	5.9
2857	12	3	4.36
4188	104	4	28.69
2661	927	3	42.83
107	1896	3	15.87
7390	12	3	14.74
151	725	5	41.61
873	1897	3	39.98
104	4383	3	18.96
12	5739	3	10.42
775	787	6	78.24
101	1046	3	5.55
112	1509	3	18.13
12	3994	4	12.38
119	102	88	291.62
443	116	3	12.69
109	242	4	10.3
369	12	13	10.56
2	2351	5	23.41
2193	110	5	38.3
149	102	12	14.11
1708	5355	4	72.44
168	1726	9	110.04
108	136	16	47.39
3701	12	3	5.9
406	880	6	72.19
630	2319	4	55.14
101	1757	3	8.12
251	14	13	13.37
323	112	4	14.93
2	7180	3	22.21
593	200	6	56.38
1251	2	16	102.09
165	267	6	41.86
102	253	8	16.07
116	4631	3	28.02
102	321	28	144.17
102	201	29	111.94
416	104	4	9.55
2	916	3	5.18
211	102	7	9.74
8232	12	3	14.74
105	564	3	7.3
943	2683	3	42.83
6262	3293	3	57.29
464	2615	3	38.11
210	189	3	16.71
115	2725	3	23.23
2	1687	9	48.65
133	2165	5	49.31
103	434	3	5.02
2	9377	3	22.21
157	125	3	7.04
299	2	5	4.15
103	535	3	5.98
937	14	5	7.59
117	4347	3	26.46
3410	8	5	49.41
2	5477	3	17.76
204	106	17	70.17
6022	107	3	25.29
249	640	3	26.33
1092	105	3	10.57
256	203	9	77.15
101	838	3	4.49
1616	104	5	26.48
6398	12	3	10.42
261	1379	3	30.8
8	3892	3	26.36
173	272	4	25.87
1752	591	3	37.17
2	661	5	10.63
5254	12	5	24.57
1088	14	4	5.45
2950	2	7	45.86
2028	2	3	9.17
2356	2048	8	152.01
128	1680	3	22.87
101	1552	3	7.33
235	188	3	17.68
485	14	9	14.12
1606	14	4	7.91
105	2101	3	14.11
3937	12	6	29.49
124	132	4	7.74
1384	959	4	54.39
2320	12	6	15.23
850	762	4	48.6
1436	102	5	21.34
85	240	3	6.49
781	161	4	32.86
309	704	7	78.82
117	5065	3	28.04
151	263	3	15.63
104	4913	3	20.53
2685	366	3	37.3
7022	1311	3	56.15
133	9014	3	38.65
775	131	3	19.05
2	7382	3	22.21
101	454	4	4.57
147	139	4	13.37
310	115	3	10.46
3212	12	5	14.53
194	9	15	84.72
104	276	5	9.79
107	1360	6	36.81
851	12	7	7.52
3181	12	6	20.85
2247	12	4	6.49
1940	12	11	43.26
3133	12	3	5.05
248	104	4	5.77
598	102	4	9.35
382	5764	4	65.68
2581	14	5	16.9
110	264	3	7.12
673	703	3	32.75
1981	85	3	18.41
1082	6561	4	73.74
104	402	4	9.26
676	102	9	37.52
4920	12	3	8.37
116	7396	3	34.74
315	12	13	7.63
2167	12	9	34.16
103	741	5	17.3
6653	12	3	10.42
106	544	3	8.6
245	1196	4	41.83
101	152	13	8.96
4600	8	4	41.22
110	398	4	14.97
1515	331	3	32.72
2	181	53	216.16
3605	2	4	20.21
135	636	3	19
104	1272	3	10.99
116	479	6	34.98
208	390	4	31.59
1121	2215	3	42.26
107	568	3	9.42
1152	104	5	23.19
560	157	7	61.36
848	101	5	12.46
161	905	3	23.52
101	1267	4	10.69
101	1343	12	65.86
107	2802	5	37.32
1635	14	4	7.91
102	781	7	27.36
1123	85	3	14.77
234	470	3	24.13
1664	14	5	12.17
459	158	11	103.36
122	171	38	295.04
102	8127	3	24.94
104	325	3	4.24
117	2808	4	34.02
6125	1779	3	53.32
4787	104	3	20.53
437	102	3	4.01
491	12	9	6.5
6415	12	3	10.42
7409	12	3	14.74
4189	12	3	6.96
269	102	13	38.88
118	105	16	11.66
1011	9207	3	54.85
226	5410	3	39.14
193	565	3	23.28
109	268	3	6.57
7897	14	3	18.16
4595	2	3	15.58
119	266	12	76.77
2	5664	4	29.62
327	7678	3	48.15
2040	2193	3	45.98
863	131	3	19.52
7092	6986	3	72.37
635	551	5	57.53
144	157	3	10.01
2153	672	8	128.42
135	189	9	52.87
102	525	5	12.52
4706	101	3	15.48
5407	12	3	8.37
3327	101	4	18.59
460	1424	4	48.65
120	242	12	76.46
148	1435	3	24.91
170	284	3	17.72
108	422	4	14.48
12	193	18	4.59
3210	14	3	8.07
896	1292	4	53.14
2253	14	4	10.49
126	3996	3	28.94
2941	6900	4	83.1
1979	560	3	38.05
218	190	3	17.28
886	14	5	7.23
122	1050	5	37.36
122	982	4	27.51
101	658	4	6.58
1868	12	5	8.68
530	1752	3	36.67
200	113	3	6.36
1488	104	3	12.05
146	224	3	14.14
104	1070	3	10.38
6855	483	3	46.11
115	201	5	16.98
103	247	5	7.6
6742	105	4	36.56
103	147	9	8.93
5378	12	3	8.37
2	1975	11	74.63
4119	14	3	10.14
2336	220	5	61.07
136	6265	4	52.32
126	457	6	39.36
1600	1226	5	74.51
135	121	5	11.88
102	478	3	4.44
302	14	13	17.17
12	178	139	672.48
12	118	220	380.02
57	208	3	9.79
108	143	8	16.33
4452	1167	5	87.61
102	223	19	65.33
312	6678	4	63.89
1114	14	6	12.68
119	120	4	4.59
157	2594	6	69.83
1200	12	16	59.34
749	101	3	4.14
1491	122	4	30.74
1322	3991	3	47.83
234	384	3	22.87
144	2105	3	26.87
2071	12	4	5.81
3885	5646	4	86.55
1523	396	3	34
105	4186	4	28.96
259	454	3	24.62
2859	14	3	7.3
104	234	4	5.34
471	336	11	129.34
347	111	3	9.49
121	12	64	16.68
102	732	8	32.41
4561	12	5	24.57
2960	12	3	5.05
5298	105	3	20.73
1337	12	5	5.63
727	1756	3	38.32
1476	110	5	33.63
568	1190	5	63.71
2181	3196	3	48.9
4745	107	3	23.07
5802	107	3	25.29
2	334	10	21.87
2	274	10	17.49
273	356	4	33.32
101	1430	3	6.98
2626	14	9	54.49
1450	14	4	6.96
107	164	4	4.03
371	14	12	18.83
564	218	3	24.82
657	308	5	51.73
117	233	3	8.92
2345	107	3	17.65
4489	12	3	6.96
902	12	6	5.34
3143	12	3	5.05
714	147	3	21.23
114	164	5	12.14
1445	2	3	7.07
206	3778	3	35.23
128	133	6	16.91
488	106	6	24.2
1689	244	4	45
1976	12	12	58.98
105	939	8	42.91
1562	101	8	38.6
2425	5280	4	75.73
2520	287	4	49.61
5556	12	3	10.42
3119	12	3	5.05
484	101	6	11.35
121	109	6	3.95
102	677	5	14.68
8	2147	3	21.81
12	979	19	72.86
102	2471	6	36.54
7280	2	3	22.21
12	620	10	11.75
604	14	7	10.13
13	104	7	5.72
1746	639	3	37.53
6800	109	3	26.91
6593	12	3	10.42
110	563	5	24.4
2	185	25	63.16
951	630	3	34
142	132	3	6.97
4628	58	4	52.75
101	240	6	4.58
101	300	5	4.13
378	102	6	13.51
2870	14	3	7.3
103	769	5	17.64
168	313	16	155.22
101	6864	3	17.66
123	179	21	139.75
2	2124	9	56.32
8	3861	3	26.36
101	599	5	9.67
16	2	48	144.97
105	177	7	11.16
105	229	8	20.51
146	122	3	5.69
381	256	3	23.43
6391	104	3	22.74
2816	12	3	4.36
127	174	7	31.44
3505	12	4	10.63
4976	1243	3	49.07
12	174	25	10.66
2	842	3	4.77
144	514	3	19.12
2	774	6	16.43
165	357	13	121.51
4806	14	3	11.63
750	884	4	48.95
112	175	18	93.38
405	319	11	124.14
102	3089	4	22.28
119	282	3	11.13
2572	12	5	11.61
3626	12	3	5.9
1720	57	3	22.3
3192	483	3	40.03
157	242	4	23.19
312	9064	3	47.87
443	246	3	24.07
3241	105	7	57.98
1140	101	3	5.8
132	201	6	29.87
4898	2	3	15.58
148	457	4	27.41
162	125	3	7.36
4162	14	3	10.14
939	14	6	11.12
108	1582	4	24.42
243	2	7	7.13
3106	14	3	8.07
132	306	4	21.12
348	1314	3	32.34
159	3188	3	31.15
1974	2513	9	177.34
1815	12	4	5.22
197	153	3	13.31
755	12	7	6.29
975	122	3	18.78
377	104	8	27.98
1107	3723	4	64.18
160	3157	3	31.21
1442	12	5	6.13
106	788	3	10.36
2717	12	3	4.36
5345	325	3	41.33
1475	12	8	18.57
110	831	6	35.68
2	878	4	8.68
4315	12	3	6.96
101	1738	4	13.24
910	14	24	145.33
1951	2	3	8.67
108	357	11	58.51
124	710	3	17.37
12	135	236	930.69
247	193	3	18.14
2851	12	3	4.36
102	522	6	17.13
5070	12	3	8.37
1676	397	6	79.04
12	8837	3	14.74
144	497	4	27.49
1723	104	4	19.75
4842	1217	3	49.07
8	2933	5	47.21
105	278	5	10.3
282	1629	4	45.46
3201	101	3	11.78
105	194	6	9.41
2	1999	3	9.17
5281	12	3	8.37
12	1610	5	7.27
177	882	9	97.88
2098	14	3	5.56
103	160	7	6.29
103	295	4	5.79
616	2611	3	39.68
1402	106	3	13.41
591	14	14	38.83
296	454	3	25.42
117	145	9	30.1
703	14	31	187.74
2367	2944	7	138.76
103	804	5	18.38
1061	12	9	16.79
117	5131	3	28.04
3495	110	5	45.04
4773	5070	3	58.91
12	695	31	152.4
12	637	31	132.64
128	4010	3	29.07
107	4989	3	23.07
2	290	7	9
198	1580	6	68.5
1371	106	3	13.41
545	2	5	9.08
2657	131	6	64.67
113	119	9	15.03
110	250	5	16.13
159	340	16	152.96
2	475	7	15.43
1839	917	6	91.49
1205	776	3	36.73
129	146	8	31.99
339	12	15	13.53
101	4086	3	13.95
1884	12	7	17.53
3061	12	4	9.28
104	314	7	19.94
128	291	5	26.13
3268	12	3	5.05
595	102	8	29.25
352	502	3	27.21
1919	12	5	8.68
136	4303	3	30.92
114	141	8	20.97
106	176	7	13.94
1368	14	4	6.96
3542	2840	3	51.35
2	7400	3	22.21
101	392	6	9.18
107	198	4	6.2
293	3860	6	94.95
6933	128	3	37.38
1339	12	6	8.72
642	4159	3	43.95
6175	101	3	17.66
615	308	3	27.33
498	416	3	28.2
272	104	25	129.6
85	109	15	12.78
128	499	10	78.79
2	3881	6	44.43
953	280	3	29.03
114	390	3	11.03
503	410	4	40.12
3003	12	5	14.53
213	115	9	43.9
1186	12	5	4.77
2377	12	5	11.61
117	2886	5	45.61
2	7273	3	22.21
133	2680	4	39.2
4191	14	3	10.14
3814	14	7	42.38
120	868	5	35.36
2	344	7	11.25
105	1850	5	28.54
1454	131	9	90.78
8945	105	3	27.42
517	21	3	17.21
7934	12	3	14.74
7294	1570	3	57.36
126	287	41	411.68
102	258	8	16.24
134	605	3	18.62
101	1657	3	7.71
143	1409	4	35.29
3856	12	5	16.56
4658	105	5	45.7
2270	14	6	21.66
334	106	4	9.97
108	112	19	30.15
102	3055	3	14.51
348	373	3	25.18
117	3647	3	25.22
2920	14	3	7.3
174	160	3	12.77
430	3174	3	39.34
7636	1225	3	55.8
132	112	37	188.9
1112	14	4	5.45
575	389	7	80.18
2	5474	3	17.76
4011	14	3	10.14
5592	2	4	29.62
102	1535	5	22.03
7481	12	3	14.74
1662	12	5	7.27
3889	12	4	12.38
2771	12	4	8.19
250	113	5	18.48
7208	58	3	43.29
200	101	7	3.97
108	1246	5	30.38
12	1410	16	71.22
5457	14	4	24.21
2477	8	4	32.79
132	478	3	16.86
103	121	34	68.07
166	106	11	27.64
1262	14	4	6.15
158	624	5	41.2
600	8	6	37.45
1131	125	5	38.79
958	14	7	15.7
130	121	6	13.73
304	14	13	17.49
12	311	24	38.25
9180	546	3	51.38
115	1564	3	19.71
1913	14	4	9.06
107	703	8	44.34
1983	359	3	35.16
135	247	5	27.46
249	2112	3	33.53
120	224	9	50.24
1767	12	4	4.7
140	136	4	11.78
4506	483	5	79.19
3546	12	4	10.63
153	111	8	22.02
2197	2	4	15.55
2991	9167	3	61.79
120	125	4	5.61
105	1576	3	12.65
153	7519	3	41.22
892	14	8	18.78
105	232	4	5.55
102	1180	6	25.88
275	14	18	30.67
158	640	3	21.64
8	1367	4	27.75
345	12	15	14.3
6370	4898	3	61.14
12	1259	6	8.12
144	1543	3	24.94
1026	14	5	8.37
122	708	4	24.96
12	4065	3	6.96
2066	2	10	63.34
131	14	27	6.04
7652	1778	3	57.82
2	7031	3	22.21
148	1346	3	24.54
1321	158	3	25.5
165	112	4	7.99
135	411	3	16.65
803	9	7	50.81
290	1136	3	30.13
12	347	43	142.93
1581	12	10	30.95
102	5139	3	18.27
113	464	3	11.81
1337	437	4	47.77
6369	1397	3	52.03
121	115	9	18.78
206	138	3	12.1
110	116	11	13.78
829	131	11	103.27
114	222	4	12.38
1103	275	10	128.36
6144	2	3	17.76
2385	14	3	6.64
85	455	3	10.19
104	173	8	13.36
283	107	3	5.59
423	102	4	6.96
298	5277	3	40.79
288	1263	4	43.52
4539	128	5	62.32
101	476	7	15.22
321	12	18	19.72
102	1824	4	17.48
2165	12	4	6.49
105	817	5	20.28
563	101	4	5.81
6945	9	3	34.95
3661	14	3	9
104	427	3	5.74
158	338	4	26.05
138	200	4	17.78
133	1384	3	22.85
8863	6301	3	67.87
2	316	11	24.42
4383	105	5	40.31
850	12	6	4.98
3721	2794	3	51.35
3211	12	5	14.53
102	4133	4	25.67
298	1134	4	42.97
871	104	4	14.44
3269	2090	3	48.29
2227	1013	4	58.91
105	297	3	3.98
1439	14	7	20.33
2611	14	5	16.9
120	139	9	32.04
1867	14	4	9.06
174	2687	3	31.63
153	239	12	95.47
102	489	11	44.13
128	1679	3	22.87
134	4212	3	30.69
885	12	9	14.43
576	201	4	34.11
448	287	4	35.92
1016	274	4	41.69
157	1197	10	111.31
436	2451	4	53.37
2584	126	6	61.1
12	354	42	138.68
1287	9	12	117.1
2455	2	3	10.35
603	14	7	10.13
3836	14	3	9
2	911	4	8.99
2	1083	4	10.02
106	2101	3	15.68
102	236	15	46.33
101	944	3	5.09
210	119	7	33.06
2928	292	3	35.89
2509	14	3	6.64
2	5496	4	29.62
183	151	4	19.27
387	102	4	6.43
103	379	4	7.58
109	240	3	6.13
1905	101	3	8.57
1268	102	3	8.87
105	1007	6	29.39
708	12	25	93.5
101	477	4	4.85
104	229	5	8.39
231	123	3	10.69
2008	14	3	5.56
3516	12	4	10.63
4633	110	5	53.4
102	813	9	41.02
5514	189	3	39.38
5255	12	4	14.83
121	122	8	19.34
5242	104	4	31.31
675	12	15	32.53
174	2434	4	44.02
105	2024	4	21.45
816	104	8	40.19
469	1668	7	97.72
791	2996	3	42.72
797	12	12	23.6
5025	12	3	8.37
5603	101	3	17.66
1407	104	3	11.67
3440	8	3	25.12
3404	158	3	32.14
124	175	8	37.33
314	14	9	7.38
175	106	4	4.34
116	405	3	12.21
189	125	3	9.08
133	1489	3	23.25
155	156	3	10.99
279	14	9	5.85
1285	2	15	95.03
184	111	3	5.35
936	14	4	4.57
117	118	23	77.24
672	1399	3	36.62
8859	12	3	14.74
718	2679	8	136.22
826	12	9	13.08
1259	105	19	173.78
123	808	3	17.94
101	224	7	6.08
107	1538	4	21.87
444	116	3	12.69
103	736	3	7.4
498	413	4	39.92
3115	14	3	8.07
104	4095	3	18.96
113	106	25	36.34
102	1017	5	18.52
2093	101	3	9.07
1022	903	3	36.5
2	2644	8	53.01
1729	12	4	4.7
2471	104	5	31.61
6296	5031	4	89.19
1444	107	3	14.12
3450	12	4	10.63
1591	12	7	15.11
1182	2	11	54.39
1019	14	5	8.37
6584	14	3	13.76
102	828	4	11.32
1195	14	9	28.05
102	760	7	26.83
106	243	4	7.58
359	3538	3	39.09
188	148	8	49.07
5825	14	3	13.76
156	3364	4	45.92
255	106	3	4.43
6672	101	3	17.66
260	709	3	26.94
8529	12	3	14.74
1649	426	3	34.92
2261	12	4	6.49
2784	105	7	54.49
2911	12	3	4.36
5743	12	3	10.42
106	602	4	14.33
294	274	4	31.58
1507	14	4	7.41
692	14	10	23.64
3863	14	6	36.32
108	124	11	17.99
442	106	5	17.21
2780	14	6	25.16
192	12	72	191.67
1972	9	3	21.5
113	665	3	13.85
1211	9	3	18.47
102	573	4	8.94
751	258	9	104.45
4126	12	3	6.96
2	743	24	151.4
420	14	6	4.16
226	2340	4	46.78
116	1067	4	25.57
108	425	8	40.61
300	1997	3	34.11
107	641	4	15.73
2	4632	3	15.58
128	1682	5	44.11
122	4193	4	41.05
453	14	7	7.25
103	176	6	6.07
8433	4763	3	65.64
105	262	8	22.42
105	314	3	4.25
173	128	27	197.98
719	1269	3	36.3
3095	5823	4	83.1
3113	12	3	5.05
121	822	4	26.04
2933	9	4	35.54
2	869	3	4.77
6932	128	3	37.38
501	102	11	44.13
805	702	3	33.83
163	1100	3	24.8
188	698	3	24.2
2634	110	9	96.16
6289	4077	3	59.55
2683	1382	3	45.07
237	441	3	23.86
372	14	16	33.84
103	310	11	37.41
103	234	7	13.96
178	124	4	13.54
2	3283	3	11.88
3052	2027	8	162.02
115	236	5	19.77
5628	461	4	67.2
1025	12	8	12.98
101	707	5	10.78
450	639	12	159.26
520	625	3	30.78
1201	12	8	14.55
2105	12	4	5.81
1	58	9	58.74
990	12	10	19.98
1818	102	4	17.48
779	101	3	4.31
291	3030	3	36.76
170	115	5	14.57
609	105	3	7.61
483	110	9	52.36
2953	3948	3	53.47
419	4237	5	77.81
105	3853	4	27.06
302	2953	3	37.02
744	4533	3	44.76
1555	14	5	11.49
313	542	3	26.9
797	270	3	27.74
270	1486	4	44.45
113	229	7	29.42
5865	3316	3	57.29
5210	12	5	24.57
277	323	9	89.26
283	4107	4	55.32
150	174	3	12.14
388	9	3	12.18
3530	12	3	5.9
3900	12	6	29.49
117	5120	3	28.04
2	7257	3	22.21
7825	2	3	22.21
2184	14	3	6.06
1760	1083	3	40.6
101	405	8	16.84
172	111	4	8.07
444	414	4	38.98
2518	12	6	16.74
6167	57	3	32.31
5379	12	4	14.83
124	1335	4	30.28
2656	12	4	8.19
114	153	6	14.97
136	2278	4	37.92
1501	109	7	51.45
437	104	7	24.82
447	12	16	24.57
1347	1490	3	40.71
4415	12	3	6.96
174	684	4	33.4
2689	12	3	4.36
1768	12	4	4.7
141	201	4	18.5
4174	2	4	22.08
110	144	8	18.07
301	14	10	9.08
134	121	8	25.36
3326	629	4	58.47
190	2607	4	45.14
206	111	17	92.05
946	546	3	33.3
297	39	5	47.97
107	346	3	6.75
1838	12	4	5.22
156	4660	4	50.48
107	2707	3	18.4
309	4203	5	74.38
112	1891	3	19.5
296	122	3	11.88
106	134	9	11.4
1793	533	3	37.18
898	2	22	144.79
3520	8	4	36.67
128	131	13	53.28
104	232	10	29.47
2367	2	3	10.35
151	160	5	23.16
4594	2	5	37.02
151	295	3	16.33
408	8	8	48.78
184	112	3	5.89
107	1368	6	37.63
85	268	3	6.93
5816	110	4	42.71
142	21	3	6.89
902	101	3	4.88
1730	104	3	12.9
1189	105	4	16.87
914	511	3	32.98
521	12	9	7.13
1348	102	3	9.19
2363	110	8	75.47
125	237	3	11.17
132	1671	3	23.52
541	403	4	40.59
2343	731	3	40.65
1493	14	5	11.49
566	14	5	4.14
2	841	18	101.64
3479	14	3	9
3337	533	3	41.66
135	119	10	35.37
140	151	3	8.97
107	746	3	10.85
4015	12	3	6.96
2043	12	10	38.69
2260	104	3	14.5
450	2580	5	70.02
2	3400	7	51.84
214	12	101	496.92
103	249	6	11.07
1513	157	3	26.17
1528	14	4	7.41
105	292	3	3.85
1806	2	12	81.87
2513	2	9	60.2
105	427	8	30.71
3230	12	3	5.05
128	782	4	26.97
158	910	3	23.64
2	5505	4	29.62
316	12	46	146.61
104	817	3	8.9
201	107	55	384.53
2956	16	7	90.58
8	361	4	17.44
2	884	7	23.09
2	960	6	18.88
113	1090	4	24.4
3969	753	3	44.76
3606	2	3	12.85
104	3282	3	16.74
603	101	4	6.18
323	115	3	10.63
251	12	22	22.63
614	102	4	9.35
1485	14	3	4.01
831	1274	3	36.96
734	14	7	12.06
196	567	7	67.54
132	139	10	44.27
103	529	3	5.98
109	164	4	5.63
161	1239	3	25.28
118	276	3	9.85
362	110	3	8.95
222	12	15	5.02
105	349	3	4.78
1990	12	6	13.93
294	437	3	25.06
144	1351	3	24.16
1724	105	11	86.08
107	8228	3	29.77
395	106	3	6.87
103	1470	3	11.1
12	108	978	4385.16
196	209	3	16.98
2481	4773	4	75.73
3008	104	4	25.29
104	5455	4	36.29
116	2301	3	21.9
102	490	6	16.56
1778	2725	3	46.37
535	163	3	20.9
124	120	4	5.52
302	4649	4	58.52
237	2082	3	32.64
101	5783	4	29.48
133	1386	3	22.85
1866	467	6	83.43
3454	261	3	37.08
2023	14	3	5.56
1120	14	4	5.45
12	3362	3	5.9
9432	14	3	18.16
2262	14	3	6.06
101	179	8	4.34
5754	272	3	42.36
6122	12	3	10.42
3481	104	3	17.74
693	12	9	10.82
151	120	3	6.1
12	1681	5	7.94
114	224	6	23.35
381	885	3	30.86
2692	12	5	12.92
177	101	13	15.73
320	1606	6	76.03
116	1599	3	19.8
2	6005	3	17.76
167	102	9	9.72
1905	14	3	5.11
105	854	3	9.3
102	2018	5	25.48
240	112	3	7.95
101	360	10	22.5
123	1064	8	69.1
113	459	3	11.81
3395	1182	3	45.9
110	218	19	107.98
137	1391	5	45.11
2862	516	4	55.82
102	2456	4	19.98
195	102	11	21.04
4387	12	3	6.96
158	1143	6	59.07
941	105	3	9.77
2078	101	3	9.07
353	12	15	14.7
3717	12	3	5.9
102	761	5	15.66
102	709	3	6.11
107	588	5	21.05
3133	14	3	8.07
115	866	4	24.01
851	14	6	10.22
114	125	11	25.85
163	393	6	46.73
106	161	5	5.44
384	12	11	7.17
2151	2533	8	154.4
2754	12	3	4.36
1248	5323	3	49.07
1207	126	3	20.74
101	196	11	12.81
1014	105	5	22.47
960	1455	3	38.72
3419	104	3	17.74
883	189	9	99.4
1780	252	4	45.29
104	382	7	22.87
1862	2252	6	103.32
103	789	3	7.78
2982	14	3	8.07
105	2618	4	23.22
168	281	27	289.35
151	266	6	39.72
2	2968	5	26.59
189	112	3	5.93
112	4430	3	25.18
2353	14	4	11.35
107	137	12	24.5
2992	2	8	59.24
406	139	10	82.14
101	1600	7	31.28
2475	12	4	7.27
1606	12	4	4.23
485	12	14	20.36
592	319	5	51.1
12	4474	5	19.35
1482	499	3	35.32
113	105	15	6.07
212	312	3	20.93
12	2554	7	22.72
12	149	185	766.31
140	115	4	6.51
111	173	3	4.72
5613	650	4	69.82
3486	14	3	9
107	3396	3	20.27
128	2204	4	35.45
127	325	6	34.92
769	570	3	32.27
133	693	7	57.23
4625	12	5	24.57
7606	12	3	14.74
351	293	6	56.19
116	2015	5	41.66
2	5660	4	29.62
692	101	6	15.03
131	152	3	7.52
865	631	4	47.24
1386	14	4	6.96
123	510	5	30.9
2316	407	5	67.85
105	1336	4	17.78
4240	125	4	41.78
5024	14	3	11.63
2	7010	3	22.21
2	7078	3	22.21
2658	2	6	33.12
5847	12	3	10.42
3737	110	5	45.04
678	102	3	5.94
102	3121	3	14.51
3079	12	4	9.28
108	170	5	9.64
1890	12	4	5.22
12	579	15	28.58
1467	14	7	21.34
105	133	8	5.23
4473	12	4	12.38
7326	7256	3	72.37
127	328	10	69.35
1800	3187	4	67.05
103	233	11	31.09
109	390	3	8.87
132	1111	4	30.94
12	192	30	26.34
12	130	334	1508.73
281	3060	3	36.52
8393	6061	3	67.87
138	797	3	20.39
313	543	3	26.9
12	5168	3	8.37
330	124	5	26.78
123	1463	4	30.96
2382	1350	3	43.93
144	353	3	16.76
9438	3835	3	62.81
701	112	9	63.31
1875	542	3	37.34
104	5446	4	36.29
1917	8	3	20.67
12	6537	3	10.42
102	5067	3	18.27
1438	102	4	15.11
12	580	11	14.22
2326	12	6	15.23
1073	397	9	120.74
1007	12	9	16.79
1399	230	3	30.1
103	414	3	4.71
109	269	3	6.57
752	102	4	10.77
5572	16	4	55.14
136	9125	3	39.23
101	4221	5	31.5
162	222	3	15.43
209	924	5	50.57
491	14	11	21.37
2013	14	4	9.73
2944	2	6	35.53
478	885	3	32.27
2	7394	3	22.21
117	577	4	21.43
12	3659	6	23.93
144	663	3	20.5
112	634	3	13.41
301	101	9	15.73
245	113	4	12.98
256	1862	3	32.52
1635	12	4	4.23
4107	672	3	44.14
12	4400	3	6.96
4298	12	5	19.35
2430	12	4	7.27
112	2564	3	21.31
107	394	5	17.18
117	4146	3	26.46
923	1507	3	38.85
6486	14	3	13.76
124	565	3	16.28
116	283	10	57.4
735	171	5	44.54
297	2	48	267.56
791	85	3	13
652	279	12	146.67
918	2	4	8.99
116	436	4	19.23
3233	105	7	57.98
1753	12	4	4.7
5620	244	4	61.74
2276	102	4	19.05
392	115	3	11.9
282	548	5	49.06
710	822	3	33.83
101	201	8	5.96
3765	12	3	5.9
1786	12	4	4.7
117	147	5	11.57
1408	1749	4	58.89
597	256	11	128.28
266	469	3	24.84
104	399	7	23.4
5133	2025	5	99.21
128	535	5	32.58
103	738	3	7.4
5479	14	3	13.76
2951	1271	6	103.73
117	106	13	10.28
4489	14	3	10.14
105	800	9	47.5
902	14	5	7.23
101	156	13	10.18
101	111	40	15.63
151	102	17	30.37
3940	167	4	48.8
1483	12	6	10.11
103	652	3	6.87
3695	12	5	16.56
732	12	22	74.78
1852	12	5	8.68
104	352	3	4.7
437	1337	5	62.39
3307	1295	3	45.57
1311	110	9	71.29
124	161	5	16.61
1450	12	5	6.13
160	395	3	18.94
5702	7265	3	67.87
385	104	5	13.1
1879	952	13	242.38
277	105	53	390.62
102	866	3	7.06
451	209	3	23.01
106	1357	3	13.05
3624	8	3	25.12
1382	8	6	47.34
156	2638	3	30.15
754	1115	13	207.68
1726	408	7	97.1
12	1045	7	9.57
2	2893	3	11.06
5113	12	3	8.37
2894	12	3	4.36
129	105	9	5.1
1701	12	4	4.7
4855	971	4	67.94
4895	253	4	57.03
102	3182	4	22.28
199	112	3	6.3
106	266	5	12.07
5664	2	4	29.62
1682	3090	3	47.24
2	1806	12	81.87
550	2073	3	37.89
799	101	6	16.25
131	115	4	4.81
105	471	5	15.35
1170	226	3	28.97
110	602	4	18.13
137	1875	6	60.91
452	102	3	4.22
1056	104	4	15.82
2673	101	3	10.96
3870	14	3	10.14
163	3499	3	32.44
300	1644	3	32.6
583	14	10	20.58
3881	2	6	44.43
5771	275	3	42.44
247	119	3	10.42
140	152	4	14.15
257	403	3	23.78
5349	14	4	19.31
150	636	4	30.29
4381	105	4	28.96
128	3449	3	27.83
3036	12	4	9.28
4014	107	6	59.56
2154	12	5	10.49
198	762	12	138.66
948	12	15	43.58
16	159	3	11.06
146	225	3	14.14
3015	8	3	24.1
102	4119	3	16.71
2644	2	8	53.01
1261	2454	3	43.58
212	8	3	8.25
13	297	4	23.29
2	270	20	61.17
3388	4669	3	56.08
12	621	14	25.46
1067	1243	3	38.27
124	233	3	10.96
116	591	4	21.4
604	101	5	9.67
509	102	6	16.84
279	115	3	9.83
1020	107	4	19.09
1076	9	3	17.83
281	5226	4	57.85
104	349	16	76.6
4645	363	4	60.08
397	14	7	5.76
101	299	5	4.03
367	106	3	6.29
2	1285	15	95.03
106	327	3	5.78
3699	106	3	19.54
106	191	7	15.48
771	101	4	7.73
982	12	7	9
1902	9	6	52.02
2967	12	3	5.05
758	244	4	38.5
884	274	5	53.23
108	707	3	11.87
122	3707	4	39.13
208	115	10	49.38
129	104	13	13.06
729	102	3	6.28
2064	12	4	5.81
484	14	6	5.24
112	798	7	46.81
7066	14	3	18.16
1282	252	3	29.93
389	238	13	142.76
160	830	3	23
1091	14	5	8.8
140	512	3	18.47
12	472	16	25.97
309	1112	12	164.16
1466	8	8	70.35
108	254	3	6.27
673	12	10	13.34
2770	12	3	4.36
192	272	3	18.6
12	2836	7	25.23
122	2060	3	23.05
416	192	13	135.16
486	115	5	27.33
1070	126	3	20.1
4294	104	3	18.96
101	1065	3	5.55
305	102	6	11.09
2177	189	4	44.12
116	5316	3	28.02
3389	14	4	14.95
1543	85	3	16.5
5506	2	3	17.76
7313	7372	3	72.37
193	106	4	5.23
103	144	12	16.12
840	12	23	95
101	748	6	15.82
148	321	6	41.45
104	2194	5	30.34
4841	1270	3	49.07
148	253	9	65.39
436	2014	4	51.56
102	1310	3	9.19
7869	4020	3	64.05
225	120	4	15.82
807	12	9	13.08
4264	1581	3	49.04
1122	101	3	5.8
165	358	3	18.58
5466	126	3	32.76
498	5567	3	46.26
57	501	3	15.35
2	4664	5	37.02
12	121	60	12.23
12	175	38	39.15
5456	14	4	24.21
2246	14	4	10.49
330	112	3	9.72
274	14	9	5.4
102	588	4	9.14
102	439	3	4.01
3120	14	3	8.07
895	14	4	4.32
101	1926	3	8.57
1306	2	4	11.25
108	358	13	73.91
5146	363	3	42.03
1479	104	7	41.78
57	486	3	15.35
759	104	3	8.49
103	102	51	4.17
104	1023	3	10.1
123	2938	3	26.11
107	8199	3	29.77
2333	14	4	10.49
1107	3724	3	45.59
148	409	5	35.51
158	2347	3	29.49
210	148	7	43.8
7240	128	3	37.38
1578	12	4	4.23
133	1084	3	21.48
119	330	3	12.12
103	1259	3	10.05
2963	157	5	58.79
500	12	13	17.12
651	187	3	23.81
8	388	3	11.91
2453	104	6	41.07
174	120	5	17.74
4193	104	3	18.96
126	14	105	212.52
838	2162	4	57.12
102	268	9	20.58
445	776	3	31.13
129	145	4	10.7
8471	275	3	46.94
3887	2	6	44.43
176	713	5	44.73
134	116	4	5.88
2441	157	3	29.39
1123	12	5	4.39
108	2390	5	38.32
106	116	10	4.7
1044	12	6	6.57
8511	12	3	14.74
5483	107	4	39.7
1490	6167	3	52.43
804	2270	8	131.59
243	603	3	25.82
574	14	5	4.34
103	856	4	13.19
699	2	3	3.9
2552	2	6	31.17
3625	14	5	22.09
315	85	3	7.95
163	198	3	14.1
101	212	13	22.75
938	12	6	5.72
3131	860	5	79.47
101	6262	3	17.66
291	5212	4	58.18
1207	256	3	30
117	210	3	8.08
5501	12	3	10.42
2	221	11	17.35
451	157	3	19.63
6780	12	3	10.42
198	1581	3	29.27
1169	107	3	13.1
1779	14	4	8.46
2	2984	4	18.73
12	846	6	4.98
1414	14	4	6.96
2009	363	4	49.81
106	233	3	4.06
2	7326	3	22.21
1820	105	3	13.58
276	12	17	12.69
5539	104	3	22.74
104	133	14	19.62
1859	14	4	9.06
8797	14	3	18.16
489	106	3	8.04
375	14	7	5.22
325	1488	3	32.62
116	299	4	15.95
108	733	3	12.06
141	139	3	7.74
370	491	3	27.38
863	2547	3	41.56
144	679	5	39.61
389	332	3	25.22
1694	102	4	16.81
636	102	9	36.31
1981	12	4	5.81
121	198	13	76.11
858	12	20	71.29
3091	12	3	5.05
642	1408	14	233.77
2	165	16	20.12
104	4025	6	54.44
85	3878	3	23.53
1072	4692	3	48.42
844	118	4	24.26
3975	12	3	6.96
8962	105	3	27.42
5	14	6	6.11
642	6130	4	69.82
124	129	5	10.19
145	1178	7	68.77
126	9361	3	37.25
1291	373	6	75.38
2834	14	4	12.35
177	403	4	29.89
1719	272	6	74.84
1027	12	5	4.04
3020	12	6	20.85
221	16	3	14.83
102	3980	3	16.71
196	1426	4	40.45
1471	431	5	63.56
103	174	6	5.89
1530	12	8	18.57
2386	12	4	7.27
2984	774	3	42.72
116	5542	4	46.32
1628	2043	3	43.86
4649	3931	4	81.55
200	14	13	7.01
106	995	9	56.57
102	469	4	7.7
1068	731	3	35.65
1	2	34	83.66
176	583	3	22.6
2007	110	3	18.62
196	157	6	35.65
716	12	16	39.69
2821	12	3	4.36
179	196	3	15.39
138	611	4	27.74
2037	102	4	18.22
818	12	13	29.01
108	224	6	18.77
291	497	3	25.76
1377	12	5	6.13
201	189	3	16.02
179	451	3	21.39
220	4484	3	37.36
144	218	3	13.81
176	131	5	20.48
287	14	37	125.18
109	3068	5	41.78
162	111	4	7
105	399	3	5.5
5026	1048	4	68.33
4406	304	3	39.37
109	201	4	8.08
1239	1779	3	41.25
109	153	5	7.65
117	2311	5	42.83
1112	101	3	5.8
104	697	4	13.03
600	431	4	41.79
119	147	16	79.1
204	102	7	8.94
112	1437	3	17.74
101	1050	3	5.55
4333	104	3	18.96
3710	12	3	5.9
808	209	16	205.63
896	2	4	8.68
109	111	15	16.31
132	125	3	4.47
103	445	3	5.13
3187	14	4	13.52
105	3926	4	28.96
103	1289	4	16.24
334	148	3	16.83
997	101	3	5.32
112	161	4	7.56
135	561	3	18.48
1205	101	3	6.35
3675	12	3	5.9
1732	107	10	82.59
7397	12	3	14.74
225	102	13	34.83
751	109	17	138.92
1564	12	8	19.84
2	824	3	4.57
445	851	4	44.7
655	12	33	162.23
2879	12	3	4.36
246	101	7	7.08
102	345	8	21.03
120	3073	4	37.5
179	112	3	5.52
259	2045	5	61.55
12	295	16	12.39
12	2	491	19.82
2	3383	5	28.75
770	186	4	35.59
115	268	3	9.47
1462	1018	4	55.34
108	1142	7	46.41
381	186	3	20.77
103	266	5	8.09
193	229	4	25.99
2624	107	5	37.32
2452	12	6	16.74
105	307	8	25.11
2850	12	3	4.36
3844	12	3	5.9
8468	12	3	14.74
117	5088	4	41.35
173	2576	3	30.83
120	3248	5	50.15
104	368	7	22.13
104	471	6	20.21
1780	101	3	8.12
1663	14	3	4.34
667	14	6	8.02
295	706	9	105.74
3524	14	4	14.95
1546	14	3	4.01
563	14	7	9.46
686	2	5	10.63
6360	14	3	13.76
163	304	6	43.43
1394	2220	3	43.64
700	14	6	8.34
106	1273	3	12.71
176	1042	4	36.8
176	990	4	36.41
5200	14	3	11.63
107	182	4	5.55
1667	105	11	83.25
247	741	5	50.34
2269	12	6	15.23
112	2276	3	20.64
1681	700	3	38.11
102	2393	4	19.98
292	104	7	18.81
208	109	19	99.21
1912	12	4	5.22
6617	12	4	19.66
941	104	5	21.21
4086	752	3	44.76
303	12	41	113.4
662	106	3	9.58
3753	14	3	9
894	171	3	24.57
12	2343	5	11.61
1984	362	3	35.27
773	803	26	491.95
6717	810	3	49.04
355	882	3	30.32
12	3416	6	23.93
1594	4877	3	50.63
113	1336	4	25.76
6519	128	3	32.88
328	447	3	26
12	6396	3	10.42
728	14	8	15.82
102	518	9	33.15
620	102	7	24.05
9403	12	3	14.74
120	107	8	5.43
3155	12	6	20.85
2	621	8	22.96
654	102	3	5.78
1341	12	11	31.26
127	139	4	9.35
103	164	8	9.31
103	239	8	18.34
1446	14	7	20.33
12	1209	5	5.18
2882	14	3	7.3
7387	2	3	22.21
528	2	9	26.01
733	232	3	26.52
110	3322	3	21.5
8	1287	12	115.93
102	1406	4	15.11
979	12	18	65.29
104	4465	4	28.69
1219	12	5	5.18
250	107	17	84.76
6165	110	3	27.54
724	244	16	207.92
4602	12	5	24.57
1188	12	5	4.77
215	107	5	11.17
3309	12	3	5.05
3800	105	5	37.36
469	1455	4	48.84
130	553	3	16.94
3449	583	5	78.12
2	369	15	47.49
9119	14	3	18.16
329	131	5	28.53
236	610	4	36.71
2	2656	3	11.06
2	2732	3	11.06
128	1386	3	21.59
1908	2064	4	62.87
320	101	7	9.95
4798	105	3	20.73
310	102	8	19.14
180	1510	3	28
1631	12	14	61.64
699	12	9	10.82
106	223	4	6.99
106	283	3	4.99
5623	2	4	29.62
5875	2	3	17.76
1915	14	3	5.11
1274	2	5	15.82
226	1191	9	110.68
8	2121	3	21.81
57	1687	5	43.15
244	143	4	21.56
85	118	9	8.38
2681	104	3	15.89
1687	361	4	48.34
1383	104	7	40.7
5978	12	4	19.66
1765	12	4	4.7
837	12	12	24.57
917	196	3	26.15
8	773	7	49.55
1393	12	9	22.16
1927	105	4	20.7
5	9	11	82.06
110	2864	3	20.63
124	201	4	14.77
3398	561	4	59.28
202	167	14	112.61
212	3074	3	34.78
263	223	5	38.87
123	2057	4	33.66
110	574	8	47.59
113	288	5	19.83
102	1105	4	13.33
293	1363	3	31.51
103	3299	4	23.97
3222	2	3	11.88
480	299	3	25.78
12	726	20	61.91
3171	14	3	8.07
102	980	4	12.59
2587	12	6	16.74
110	6500	4	42.71
101	1362	3	6.98
212	1449	3	29.53
3320	102	3	14.51
378	12	18	25.55
244	14	9	4.36
494	133	3	17.16
9210	14	3	18.16
4714	416	5	83.21
12	7909	3	14.74
6930	14	3	18.16
12	1640	12	44.51
109	619	3	11.26
167	112	3	4.65
199	174	3	15.2
3579	729	3	43.31
2623	128	10	124.78
2371	105	10	91.42
106	272	3	4.73
6458	12	3	10.42
85	2735	3	20.42
249	1118	5	54.44
12	4393	5	19.35
2226	101	3	9.63
2831	12	5	12.92
101	1107	5	14.61
202	394	3	21.42
108	651	4	17.64
1172	14	4	5.79
143	3290	5	56.71
5517	496	3	46.26
2	2373	8	49.34
1413	102	3	9.53
144	3058	4	42.73
101	3551	3	12.75
652	1030	3	34.75
2298	104	3	14.5
348	463	3	26.53
128	693	3	17.77
204	185	12	99.58
456	102	7	20.49
119	115	16	48.15
1331	8	4	27.23
122	783	5	34.69
103	2698	4	22.72
5167	14	3	11.63
3347	1	5	61.27
2568	14	3	6.64
1616	125	4	32.06
2	2120	3	9.72
7327	2	3	22.21
102	1135	3	8.28
102	1239	3	8.87
742	217	30	464.09
9437	718	3	52.87
1502	102	3	9.9
4514	12	6	29.49
119	538	3	15.06
3787	522	3	41.5
193	109	4	7.75
1931	12	5	8.68
128	1795	4	33.83
8	9	20	61.91
2690	105	3	16.08
6775	12	3	10.42
130	141	5	14.95
9333	12	3	14.74
3763	272	3	37.3
12	221	26	28.19
429	14	9	12.03
123	11	3	21.71
1342	124	3	20.8
115	518	3	13.56
119	235	3	10.16
204	316	3	20.2
132	130	3	5.07
289	777	16	216.91
1212	309	3	31.22
2570	1616	6	102.77
105	4889	3	20.73
198	886	4	37.09
2766	14	3	7.3
2	7239	3	22.21
7231	2	3	22.21
1428	14	5	10.86
901	2251	3	41.14
133	1708	3	24.14
57	334	3	13.03
5952	12	3	10.42
108	192	3	4.26
1022	109	4	21.19
3107	104	5	34.84
107	682	3	10.27
1001	12	7	9
2986	12	6	20.85
2620	102	3	12.94
7235	101	3	22.11
3322	12	3	5.05
2332	12	5	10.49
268	107	26	157.55
302	8	6	28.79
545	59	3	31.1
150	2609	5	54.74
137	988	5	41.64
2217	8986	3	59.48
101	620	8	22.71
382	4396	3	40.88
153	1511	5	48.89
331	8	4	16.66
293	770	3	28.29
1030	12	5	4.04
1011	104	10	60.7
345	102	4	5.62
648	105	5	18.21
166	151	4	17.35
351	451	4	37.97
127	240	7	38.63
103	269	17	67.03
102	3988	3	16.71
321	102	5	8.07
1533	12	5	6.67
104	9052	3	27.22
1049	2149	5	76.77
101	174	12	12.19
563	104	4	11.65
686	12	11	16.64
4246	104	4	28.69
137	359	7	49.16
289	521	4	37.09
151	112	7	18.72
203	14	15	11.51
1239	158	3	25.15
107	177	5	8.38
128	1228	5	40.48
3383	2	6	38.74
155	243	3	15.47
293	1460	3	31.91
573	12	24	72.33
3474	12	5	16.56
3744	945	4	63.01
101	1496	5	17.54
2	208	8	7.1
138	5196	3	32.66
1243	3384	6	106.98
110	284	6	22.93
4309	1066	6	110.64
110	180	4	7.74
5350	104	3	20.53
208	106	4	6.09
12	928	23	104.92
1130	1396	12	206.93
1933	14	4	9.06
461	650	18	263.68
12	1827	4	5.22
114	121	9	16.44
923	190	4	36.99
1242	14	4	6.15
970	14	7	15.7
1080	102	3	8.28
3771	12	3	5.9
101	430	5	6.96
104	183	9	18.6
524	109	4	16.24
722	12	7	5.93
9359	110	3	32.03
7281	12	3	14.74
6287	12	4	19.66
145	102	11	10.35
116	1572	4	28.99
365	12	10	4.42
1557	107	4	21.87
332	281	3	23.02
106	156	5	5.16
1959	14	12	72.65
302	1803	5	62.17
666	1874	3	38.42
879	14	8	18.78
3184	14	3	8.07
282	112	19	127.37
113	346	5	21.91
9224	14	3	18.16
313	663	3	27.98
1332	987	3	38.34
6711	522	3	46.56
757	12	6	4.04
156	600	34	468.3
4348	12	4	12.38
141	189	13	89.38
1000	101	5	13.68
6992	3509	3	62.81
158	1444	5	48.96
107	194	9	26.69
875	161	3	23.52
2884	12	3	4.36
230	102	6	8.23
985	14	4	4.85
4321	353	3	40.34
12	4675	3	8.37
128	2708	6	63.36
2065	14	6	20.28
2250	125	3	24.19
21	2	21	15.55
142	14	35	32.47
1190	14	5	9.26
5072	12	3	8.37
6193	12	3	10.42
1329	101	3	6.65
104	440	3	5.85
2	3885	5	31.67
107	1471	3	14.51
125	5874	4	49.41
1005	157	4	34.65
2447	12	6	16.74
320	1234	5	58.2
1092	12	7	10.18
2019	12	12	58.98
798	618	5	60.53
103	222	10	25.44
1669	526	7	99.18
193	127	47	425.25
12	211	97	417.22
12	140	247	1128.28
161	127	8	34.78
103	1387	3	10.73
278	373	5	44.97
130	222	3	11.45
140	119	9	31.36
105	1478	3	12.24
168	3287	7	93.66
1139	12	18	71.79
961	442	3	32.25
112	466	5	24.94
1158	104	3	10.67
4409	101	4	21.95
2924	12	4	8.19
348	4831	3	41.82
12	2801	3	4.36
1788	157	6	64.17
12	2757	5	12.92
308	12	43	126.44
3270	12	3	5.05
126	9	16	55.7
2347	256	3	34.35
123	1272	4	29.41
388	3620	4	56.27
143	1584	4	36.44
112	141	9	24.86
104	5358	3	20.53
2558	14	3	6.64
386	112	3	10.69
12	392	22	41.75
134	2389	6	64.6
109	250	4	10.47
3641	14	3	9
2	5590	3	17.76
270	2167	6	78.65
3037	236	3	35.55
1175	747	3	36.18
128	747	3	18.19
104	6907	3	27.22
152	181	3	12.66
4533	12	4	12.38
3235	12	3	5.05
172	723	5	44.6
436	1729	3	35.51
4926	12	3	8.37
5967	110	4	42.71
234	1066	3	28.49
152	2077	3	27.68
4076	12	3	6.96
981	107	3	12.24
375	105	5	13.23
103	1638	4	17.84
2236	12	4	6.49
1305	12	5	5.63
134	164	3	9.23
2594	14	3	6.64
739	1329	3	36.65
1064	1096	9	138.89
1820	14	5	13.74
106	164	5	5.77
283	315	3	22.73
403	14	7	5.95
2773	3746	3	51.35
1156	8	4	26.3
2218	104	5	30.34
3929	107	5	44.23
2	3923	6	44.43
217	12	29	35.34
119	899	3	17.8
85	104	38	45.46
2	3820	6	38.74
151	185	3	12.85
1455	102	10	60.33
2483	126	7	74.79
6553	12	3	10.42
288	5806	4	63.07
9	12	110	65.05
105	2441	8	63.16
286	1390	5	58.32
2	1375	17	125.92
2268	539	3	38.33
1553	14	3	4.01
102	1782	3	10.73
451	123	4	22.09
159	455	3	19.76
451	220	4	33.98
1225	85	5	31.27
122	1260	4	29.19
216	340	41	559.89
12	2557	5	11.61
297	57	15	111.45
3702	102	3	15.5
102	400	16	70.71
259	5228	3	39.9
9008	12	3	14.74
154	1007	4	34.27
330	102	10	29.37
111	122	16	41.59
1234	101	3	6.35
663	12	10	13.34
1651	12	4	4.23
4675	14	3	11.63
102	2809	4	21.04
868	220	8	90.14
120	3032	3	25.86
179	135	7	36.38
57	423	6	37.39
2257	14	3	6.06
1066	14	4	5.14
295	102	4	4.5
551	1568	3	36.37
715	377	3	29.59
1492	104	5	25.73
1269	101	3	6.35
696	12	7	5.58
482	2762	4	55.21
3391	2617	4	71.17
106	748	6	28.87
2687	12	7	25.23
103	436	3	5.02
157	131	41	327.84
12	1165	14	45.45
4507	14	3	10.14
101	2307	3	9.63
103	1126	4	14.94
535	1018	6	77.16
174	111	5	12.28
12	2864	3	4.36
800	2709	3	41.85
416	12	10	6.54
2	7185	3	22.21
1105	102	3	8.28
112	201	3	6.34
1132	101	3	5.8
1801	12	13	63.9
359	453	4	37.97
110	4446	3	23.74
1198	101	3	6.07
1871	12	4	5.22
108	265	10	44.53
2578	12	5	11.61
358	12	16	17.38
492	1816	10	157.01
398	1546	3	34
2351	7294	3	60.15
2364	131	3	25.84
2252	14	6	21.66
102	106	50	22.67
1293	154	7	72.5
149	5902	3	36.46
101	992	3	5.32
854	14	8	18.12
222	160	4	22.66
12	6050	4	19.66
305	112	3	9.29
116	3378	4	36.78
8149	12	3	14.74
510	128	35	405.01
224	21	3	12.07
101	2208	3	9.63
387	12	10	5.51
5126	12	3	8.37
218	101	9	10.88
290	284	3	22.21
6447	12	3	10.42
871	101	7	22.27
2119	14	3	6.06
6935	14	3	18.16
269	387	3	23.69
105	301	6	15.22
435	567	9	110.39
5756	154	4	55.1
112	409	3	11.13
12	8914	3	14.74
531	85	3	11.02
122	1785	3	22.01
2	4609	3	15.58
2796	2192	7	133.05
107	623	5	21.64
138	766	6	49.33
105	3879	3	19.16
1049	1195	3	37.94
1789	102	3	10.73
226	2693	3	34.41
3897	2	6	44.43
5259	14	3	11.63
679	14	8	14.82
107	173	10	28.01
176	2320	3	30.33
6665	733	3	48.37
509	112	7	40.92
1495	14	3	4.01
7843	4063	3	64.05
2	3887	6	44.43
712	14	8	15.31
104	480	5	15.27
1632	14	3	4.34
181	12	41	52.61
433	189	18	202.93
826	102	3	6.86
2045	12	8	24.76
3034	104	3	16.74
12	3410	5	16.56
569	971	5	62.12
106	316	7	23.85
12	7953	3	14.74
2565	14	4	11.35
6267	14	3	13.76
3650	14	3	9
5616	133	4	51.55
108	694	4	18.15
231	119	3	10.1
801	14	22	107.84
2822	106	3	17.67
419	2	13	41.38
107	427	3	7.96
1522	102	3	9.9
3228	12	3	5.05
2170	12	5	10.49
1235	12	6	8.12
8	2127	10	108.94
2	579	11	38.4
753	14	5	5.99
12	1961	6	13.93
1396	9110	3	56.53
1113	8	3	17.54
1632	123	3	21.71
8	1963	3	21.22
5932	12	3	10.42
3132	12	3	5.05
137	419	13	114.55
112	1706	4	27.96
4478	12	3	6.96
852	12	11	21.32
101	1512	3	7.33
3213	12	3	5.05
202	152	12	87.79
160	569	10	96.55
7396	2	3	22.21
2025	7890	3	58.87
112	732	8	54.69
949	314	3	29.8
3936	12	6	29.49
106	269	3	4.61
101	354	8	14.73
356	102	36	221.43
106	185	5	7.99
106	138	6	4.69
3838	14	4	14.95
103	963	3	8.91
102	3237	7	52.19
168	403	15	152.67
428	785	3	30.87
167	124	5	17.37
435	1541	3	34.62
592	1813	3	37.68
3246	648	3	41.68
2010	14	4	9.73
399	2238	5	67.43
810	4961	3	46.8
160	2046	4	40.48
1463	3622	3	47.37
4268	12	3	6.96
4688	120	3	29.7
1073	1113	3	37.92
119	122	10	27.03
4221	426	4	59.02
126	3838	4	40.13
103	575	3	6.4
103	508	3	5.72
3912	12	3	6.96
109	120	9	10.9
285	102	16	57.16
570	12	7	3.88
289	1930	4	47.03
5211	104	3	20.53
103	1268	5	22.15
112	223	14	77.59
1188	154	3	24.44
126	248	16	117.26
4127	106	3	20.76
1928	131	5	46.12
225	112	5	17.31
429	85	3	9.82
168	3200	3	32.07
1372	494	3	34.92
4403	12	3	6.96
160	901	3	23.48
140	247	3	13.87
1680	851	3	39.23
12	113	173	156.86
180	1023	3	25.92
119	474	3	14.34
1102	101	4	9.9
107	1873	6	41.71
922	105	3	9.77
12	7565	3	14.74
12	1501	6	10.11
417	104	3	5.63
124	1947	3	22.96
166	136	3	9.57
103	153	19	45.15
1241	14	4	6.15
194	2183	5	58.62
331	2	18	59.58
239	148	3	14.75
105	288	6	14.61
727	364	3	29.27
2	3355	6	38.74
115	106	13	9.96
1938	2	6	26.83
269	345	6	54.68
6078	12	3	10.42
1025	102	3	8.01
105	183	19	67.34
3138	126	5	51.54
2706	12	3	4.36
1849	12	5	8.68
737	12	9	11.34
3853	718	7	124.41
256	126	39	373.43
5429	12	3	8.37
148	161	8	43.62
2735	12	6	18.57
766	12	7	6.29
120	102	49	112.14
2	788	6	16.43
401	12	17	24.72
8	2940	8	92.48
196	220	5	34.6
12	195	81	249.97
108	160	7	15.56
1136	429	5	60.39
2889	12	3	4.36
1696	12	5	7.94
101	1849	3	8.57
2658	57	3	25.37
445	782	3	31.13
334	3682	3	38.79
12	4102	3	6.96
1731	12	4	4.7
101	1010	5	14.13
118	110	8	6.57
596	104	7	28.67
182	122	3	8.37
2150	864	4	57.45
738	128	3	17.98
473	12	12	13.15
746	1822	7	107
7	7	37	327.95
106	222	7	19.04
1119	12	5	4.39
4325	1190	3	47.14
1568	7213	3	57.36
103	862	3	8.2
4146	107	4	32.09
2902	104	7	54.03
4638	12	5	24.57
2259	12	4	6.49
1152	12	12	33.49
668	110	15	116.28
2913	12	4	8.19
2055	12	6	13.93
4665	408	3	42.94
159	333	3	17.71
144	608	3	19.95
1505	14	5	11.49
5179	2	3	15.58
101	1169	3	6.07
2	482	4	4.95
101	1221	4	10.69
684	708	5	60.39
1177	740	3	35.96
690	14	10	23.64
283	1539	4	44.97
1482	123	4	30.96
2	227	89	634.29
101	1594	4	12.64
2	8	33	17.54
102	1038	4	12.95
1772	14	4	8.46
1284	3499	4	65.56
2693	14	3	7.3
108	857	5	26.9
2138	104	11	99.83
1906	12	8	22.89
143	2380	4	40.37
2797	101	3	10.96
328	12	11	4.82
228	4514	3	37.62
1389	589	5	65.9
108	1770	4	25.06
243	914	4	40.13
836	2248	5	74.48
912	362	5	56.89
811	14	4	3.85
105	641	3	7.93
2	1376	13	77.93
105	718	6	25.32
7239	2	3	22.21
194	373	3	20.88
1272	209	3	28.45
157	886	4	33.53
8664	14	3	18.16
1523	220	9	115.68
103	615	3	6.55
133	1457	3	22.85
107	133	9	12.3
454	1230	3	33.76
12	655	33	162.23
122	4139	3	28.2
4471	12	3	6.96
159	573	4	30.37
2	309	17	51.99
1684	189	9	113.81
108	2265	3	18.47
154	349	3	17.6
8291	12	3	14.74
110	138	6	9.03
1707	105	4	20.01
5665	12	4	19.66
1230	1054	3	38.27
3007	12	3	5.05
12	2249	10	42.63
212	391	3	22.36
107	443	6	24.23
119	2043	4	32.82
153	4415	3	32.91
160	171	34	318.41
141	129	102	968.84
104	127	23	42.8
1426	131	11	117.66
107	1151	7	43.77
114	191	3	6.22
213	119	3	9.51
177	313	4	27.65
2	7387	3	22.21
112	2031	4	29.42
332	291	3	23.27
3663	101	3	12.75
12	3638	6	23.93
713	12	8	8.03
4961	9	5	58.26
503	752	3	31.63
101	2376	3	10.25
138	1828	3	25.37
407	3106	4	55.23
131	148	3	7.14
118	112	8	9.25
101	1040	4	9.53
102	324	6	11.72
102	148	54	211.3
135	512	5	35.34
572	85	3	11.33
108	120	8	8.08
884	750	3	34.74
348	431	3	26.13
534	12	12	15.67
12	153	31	10.12
1423	12	5	6.13
133	1918	6	59.44
431	12	15	20.01
2415	107	3	17.65
312	3774	3	38.31
107	697	8	44.34
160	982	3	24.01
102	459	3	4.22
2	662	4	6.9
137	1716	5	47.45
1234	14	5	9.76
120	121	4	4.98
281	137	4	21.39
105	257	4	6.14
110	1792	5	35.24
110	9412	3	32.03
127	153	14	73.87
128	1068	3	20.22
1496	343	4	46.68
153	5895	4	54.98
146	147	3	9.36
3558	12	3	5.9
4692	101	3	15.48
12	3816	3	5.9
313	1154	4	43.88
146	106	9	15.11
1632	747	3	38.07
103	125	14	10.87
2577	644	3	40.05
929	324	10	128.75
107	800	3	11.05
107	724	4	16.5
1317	2	6	22.11
101	2010	4	14.61
2210	105	3	14.69
227	1808	3	31.89
135	167	4	15
283	1774	4	46.22
102	352	5	9.02
45	12	9	5.92
2	1086	4	10.02
138	970	4	31.32
57	137	8	27.23
1538	209	5	55.25
1384	8	6	47.34
2340	14	3	6.06
3330	14	7	42.38
2319	2	5	22.17
2104	14	5	14.66
4578	2	3	15.58
286	1714	3	32.72
2085	105	7	47.79
508	12	11	11.75
3160	134	6	69.06
222	102	13	34.57
464	101	5	7.49
4034	12	3	6.96
2277	104	3	14.5
104	286	4	6.67
137	3035	4	41.45
107	1186	10	71.7
167	12	44	45.72
104	182	8	14.7
117	438	3	12.71
9254	3760	3	62.81
101	432	4	4.31
1960	1624	3	43.86
289	5762	4	63.07
1994	320	6	79.58
1100	12	6	7.05
2121	9	3	22.1
4934	12	3	8.37
155	107	5	5.82
333	12	29	61.71
128	1222	3	20.87
441	110	11	66.74
113	152	6	14.55
164	133	7	32.18
2	150	17	18.34
2	206	12	17.77
295	717	4	39.75
5627	128	3	32.88
12	1940	9	28.9
133	291	26	242.05
2152	12	6	15.23
85	210	5	13.74
927	1223	3	37.71
102	617	5	13.8
7273	2	3	22.21
409	324	6	59.74
101	1325	3	6.65
141	233	4	20.61
396	126	35	371.92
1988	12	4	5.81
475	102	10	37.54
191	6115	3	39.47
106	270	6	16.63
600	2183	3	39.01
3348	398	6	93.49
736	14	6	8.68
1601	2	5	18.43
3301	12	4	9.28
371	102	5	9.47
85	187	3	4.57
529	105	3	7.01
163	3033	7	92.11
104	408	3	5.53
2482	126	9	105.4
107	163	5	6.56
5828	12	3	10.42
116	2738	4	33.99
1570	2	12	74.01
3006	85	3	21.28
134	590	3	18.44
2914	14	4	12.35
2	4655	5	37.02
1153	14	4	5.79
153	6299	3	36.72
2812	12	3	4.36
205	105	64	434.84
134	946	6	51.11
7330	192	3	44.02
1652	12	6	10.91
424	128	44	525.64
123	293	5	24.98
293	6918	3	47.34
1539	12	8	18.57
289	2299	3	34.38
5149	246	3	39.61
218	123	15	100.59
115	148	13	53.2
9127	14	3	18.16
103	322	7	18.04
109	369	3	8.47
1083	2	3	5.89
2	3660	3	12.85
201	1431	3	28.54
565	139	4	27.48
2	5578	3	17.76
183	131	4	15.32
1098	161	3	24.63
118	153	3	4.86
514	504	3	29.61
105	541	3	7.15
197	102	11	21.04
1294	110	7	50.82
7369	12	3	14.74
2275	101	3	9.63
845	12	10	17.37
5675	858	3	49.28
12	2769	3	4.36
4272	2739	3	52.6
165	102	47	194.7
4862	917	3	47.56
795	1178	3	36.4
110	765	3	12.99
853	14	5	6.9
107	2361	3	17.65
108	102	104	219.83
229	278	3	20.73
125	2357	5	47.93
3569	12	3	5.9
103	559	5	15.2
132	102	13	9.33
1074	4093	4	66.1
1060	203	3	27.02
119	136	3	4.25
1864	12	4	5.22
366	453	4	38.11
1039	6083	3	50.35
377	85	5	20.02
495	2032	3	37.26
882	14	4	4.32
2254	2293	4	65.35
1318	102	4	14.62
2637	962	7	119.2
613	104	13	72.29
259	684	3	26.74
103	305	6	13.27
117	2556	6	56.11
105	2933	3	16.93
2839	12	4	8.19
886	102	3	7.28
5542	101	4	29.48
104	1016	3	10.1
146	330	3	16.48
130	305	3	13.37
3434	12	3	5.9
286	750	3	27.99
3361	217	7	106.42
1053	1059	9	137.8
270	3212	3	36.2
8	194	15	83.28
2322	14	3	6.06
2	3097	3	11.88
1639	14	5	12.17
107	145	7	10.18
138	292	3	14.55
150	124	3	6.56
12	705	31	152.4
2	228	29	103.34
1057	12	6	6.57
415	136	3	16.67
4913	107	4	34.71
2	116	38	27.45
324	107	17	94.84
1656	105	5	26.81
9	3680	6	64.19
1086	12	12	31.91
4870	927	3	47.56
163	339	6	44.76
117	151	7	21.44
811	101	3	4.49
209	12	26	23.64
1134	12	5	4.39
3475	110	3	22.51
5573	9	4	46.6
85	173	3	3.93
85	119	18	42.73
101	2763	3	10.96
7366	2	3	22.21
104	152	8	9.42
437	14	7	6.79
125	1272	3	20.54
255	115	4	14.53
311	12	13	7.63
105	896	4	15.01
136	1063	6	52.79
57	4628	4	44.08
134	170	11	64.45
935	12	9	15.16
711	102	4	10.26
2	481	5	8.01
102	698	8	31.83
3256	12	3	5.05
1375	2	17	125.92
689	106	4	15.3
2678	14	3	7.3
419	342	6	60.8
288	4741	5	78.91
3622	14	4	14.95
2560	14	3	6.64
103	1760	3	11.95
388	4253	5	76.98
290	2802	3	35.89
101	972	3	5.32
127	524	5	32.24
124	1853	3	22.96
168	927	3	24.59
403	4584	3	42.82
9209	12	3	14.74
104	6909	3	27.22
638	102	5	14.08
12	442	33	107.49
2739	105	5	33.42
286	920	5	54.36
1596	101	5	18.27
479	101	6	11.35
605	102	7	24.05
102	188	14	31.43
105	1144	3	10.86
2	875	3	4.97
1857	14	3	5.11
176	252	6	43.42
12	5003	4	14.83
102	443	3	4.01
691	154	5	41.56
609	14	5	4.54
5320	526	3	44.33
130	240	3	11.95
12	269	15	7.92
376	265	3	23.46
5672	12	3	10.42
3938	528	4	60.76
140	163	3	9.76
741	102	3	6.28
504	1547	3	35.47
613	105	7	29.54
265	107	3	5.2
9	792	4	23.78
1572	2683	3	45.9
103	240	10	27.08
1140	397	3	32.22
105	4991	3	20.73
2638	101	3	10.96
121	7795	3	36.43
311	863	4	41.58
105	127	16	21.11
1709	2	4	13.37
12	3695	6	23.93
228	239	17	176.74
3795	14	5	22.09
106	868	3	10.8
328	111	3	9.12
85	117	9	8.23
2905	14	3	7.3
1048	14	5	8.37
2031	14	3	5.56
4630	14	3	11.63
714	12	7	5.93
101	312	6	6.92
12	3337	3	5.9
361	9	4	17.81
4293	12	4	12.38
3290	1616	6	107.24
2838	374	5	69.64
147	400	3	17.96
138	2924	4	40.17
107	3065	4	28.66
6589	4718	4	89.19
1371	109	3	15.7
1532	12	5	6.67
3355	2	6	38.74
2002	14	3	5.56
116	429	4	19.06
129	142	5	14.75
112	2489	3	21.31
1897	14	3	5.11
6295	4223	3	59.55
245	174	6	42.88
6607	105	3	22.94
4763	8338	3	65.64
121	147	3	5.73
1123	102	3	8.28
3735	12	3	5.9
3549	1236	3	46.24
2395	107	4	26.32
2048	101	8	43.9
2567	12	4	7.27
430	1517	4	48.67
104	257	6	13.02
5486	2	3	17.76
942	14	5	7.59
146	953	4	32.52
103	1004	3	8.91
423	124	3	14.58
7003	1876	3	58.33
2191	14	3	6.06
137	238	44	462.79
110	1431	4	24.29
106	271	3	4.73
1995	14	5	14.66
2010	4512	3	50.56
3559	12	3	5.9
85	381	3	9.15
141	296	10	75.4
3594	12	3	5.9
2604	12	10	49.15
128	1462	4	31.9
176	2540	4	44.19
1841	12	5	8.68
3293	101	3	11.78
143	3289	3	29.77
347	104	4	8.1
238	1547	3	30.77
6086	12	3	10.42
121	106	13	15.37
206	144	5	26.77
110	111	36	98.74
110	156	7	16.7
2	385	9	20.23
113	137	4	5.05
468	1498	5	64.48
735	328	3	28.66
107	307	17	93.11
385	16	3	18.27
670	1914	3	38.42
277	167	3	17.08
103	720	4	12.06
116	1288	3	18.61
184	120	3	8.46
6602	105	3	22.94
5108	12	3	8.37
6157	12	3	10.42
4099	6302	3	59.55
160	1344	4	36.7
12	5421	5	24.57
2	1459	4	11.72
101	295	12	26.63
978	14	4	4.85
146	119	3	5.31
103	255	10	27.97
190	1320	9	107.26
3878	2	4	22.08
460	101	4	4.57
101	602	10	33.11
1665	105	4	19.39
105	182	6	8.5
120	249	15	103.61
2018	12	4	5.81
691	110	24	223.76
186	12	38	46.7
2350	1591	9	170.64
241	641	3	26.19
5233	14	3	11.63
688	2	4	7.12
1548	14	3	4.01
12	222	17	8.05
257	313	3	22.11
2647	2	9	66.65
4257	3425	6	130.68
128	3335	3	27.83
7052	189	3	43.87
2	890	7	23.09
104	5341	3	20.53
102	215	5	4.79
1498	101	3	7.33
1294	12	7	12.32
6395	102	3	20.47
4497	12	3	6.96
7593	107	3	29.77
453	2887	3	38.87
119	285	11	70.11
107	1682	3	15.38
260	119	5	22.8
128	776	3	18.41
1764	14	3	4.7
623	220	4	36.34
103	392	3	4.43
132	250	11	76.17
623	123	3	16.51
387	112	3	10.79
7685	12	3	14.74
1993	12	7	19
136	1551	5	45.57
878	12	15	41.87
102	417	5	10.66
482	1112	3	33.39
102	2856	3	13.67
3671	14	3	9
8005	8	3	34.66
7264	2	3	22.21
130	139	4	9.91
756	14	9	20.55
2	3387	3	12.85
107	1888	3	15.87
104	1053	3	10.1
103	186	12	28.03
166	152	4	17.39
1847	14	3	5.11
122	2176	3	23.65
1313	12	5	5.63
784	105	5	19.9
1832	157	3	27.57
3125	104	3	16.74
102	1321	4	14.62
6840	12	3	10.42
16	57	31	211.92
222	233	3	19.38
2836	3768	6	119.22
101	934	3	5.09
4601	12	4	14.83
542	853	5	60.47
105	557	3	7.3
349	101	7	11.06
1720	2	4	13.37
400	106	5	16.41
101	2146	3	9.63
128	644	10	84.38
12	1110	13	37.42
132	129	3	4.83
1741	14	3	4.7
114	620	3	13.48
1552	5925	3	52.43
174	255	3	17.32
102	3111	4	22.28
12	553	26	82.56
2073	85	4	27.23
7382	2	3	22.21
5691	12	4	19.66
391	102	4	6.43
2616	101	3	10.25
984	12	9	15.95
760	161	4	32.56
5829	12	3	10.42
8942	105	3	27.42
12	2785	7	25.23
1624	12	4	4.23
292	101	5	3.85
2801	12	4	8.19
8940	391	3	49.31
1690	566	5	67.96
281	2154	3	34.21
3400	2	7	51.84
2923	14	5	18.3
3387	14	3	9
1138	14	4	5.45
237	4382	3	37.82
771	5165	3	46.57
921	232	5	52.23
198	583	9	92.79
104	5093	3	20.53
1109	14	5	8.8
123	1071	3	19.53
1659	12	4	4.23
2161	101	3	9.63
2768	12	3	4.36
7014	12	3	14.74
114	174	5	13.6
8074	515	3	51.06
2042	906	12	221.59
1554	2542	3	44.71
635	1858	6	86.79
145	395	3	17.68
104	424	3	5.74
5389	12	3	8.37
184	102	10	16.41
104	4700	3	20.53
101	121	35	34.09
342	14	18	39.24
2755	364	3	37.3
102	1058	4	12.95
12	2604	10	49.15
3552	539	4	58.84
125	294	3	12.32
2	311	17	52.52
2	259	22	70.59
1762	12	6	11.8
150	153	3	10.39
102	4198	4	25.67
2557	12	7	22.72
4632	750	4	65.92
2615	12	4	7.27
8	4536	3	27.94
4614	341	3	41.72
5562	1372	3	52.03
2989	102	3	14.51
949	1201	4	52.55
102	4281	3	16.71
104	588	4	11.86
272	14	11	9.58
2	3886	6	44.43
114	519	3	12.68
350	12	59	290.14
2732	12	4	8.19
3722	12	3	5.9
187	808	7	71.72
1027	102	4	12.95
137	332	6	39.37
1368	9	4	28.13
106	110	24	24.31
5297	12	4	14.83
12	3571	5	16.56
841	9	7	51.41
85	351	3	8.65
217	111	8	32.77
103	931	3	8.66
536	362	3	27.63
129	268	4	18.45
1208	14	4	6.15
12	1020	5	4.04
6927	14	3	18.16
220	125	5	22.87
2111	14	11	66.6
1000	14	5	7.97
1951	2406	3	46.11
110	196	4	8.64
2	415	4	4.04
5333	431	5	83.43
12	6653	3	10.42
1042	12	8	12.98
102	3008	3	14.51
108	280	11	52.6
1154	12	7	10.83
839	101	4	8.27
1377	102	6	28.15
804	6164	4	71.54
101	3598	3	12.75
105	1163	3	10.86
649	112	3	13.59
1224	315	4	44.34
501	112	3	12.15
102	1412	7	35.47
2957	494	5	74.26
543	14	9	15.76
5432	1495	4	71.19
5117	1721	3	51.09
196	1326	3	28.01
3992	12	3	6.96
243	57	3	11.06
104	693	4	13.03
1964	397	5	66.29
3076	12	5	14.53
103	170	11	20.53
1118	128	15	162.26
102	4156	3	16.71
166	109	7	16.72
839	1113	3	36.55
12	5816	4	19.66
2650	14	4	12.35
1777	14	5	12.91
122	997	4	27.51
101	846	3	4.68
2904	1667	3	45.9
116	4315	3	26.44
3741	14	4	14.95
1282	990	4	53.39
191	756	22	293.92
1932	12	4	5.22
940	12	8	11.63
161	198	5	28.32
12	141	39	13.15
2304	1018	5	76.77
126	279	3	12.27
2516	14	4	11.35
3193	292	5	68.47
6980	7151	3	72.37
961	197	4	37.75
215	119	3	9.51
817	14	4	3.85
3917	101	3	13.95
966	104	3	9.83
12	456	41	175.3
122	3160	5	50.29
660	102	5	14.37
103	361	6	15.18
103	437	3	5.02
2654	105	7	54.49
881	116	3	16.53
5495	12	3	10.42
584	102	3	5.33
1364	126	8	75.97
101	4230	3	13.95
152	289	3	16.2
916	12	12	27.86
428	157	3	19.23
5346	14	3	11.63
12	4046	3	6.96
101	954	3	5.09
7227	3131	3	61.79
867	567	3	32.96
117	6852	3	30.27
102	1273	3	8.87
101	783	3	4.31
1616	14	3	4.34
696	14	6	8.34
103	286	4	5.61
3007	3625	3	52.23
127	151	6	21.4
103	182	8	12.52
2915	12	8	33.22
1882	107	3	15.87
5331	101	3	15.48
2278	104	5	30.34
130	115	5	7.44
117	5371	3	28.04
12	151	29	7.19
431	101	5	6.96
179	132	3	9.95
3217	128	7	81.26
1454	895	4	53.66
1542	14	5	11.49
551	14	7	9.15
2776	14	3	7.3
663	14	8	14.82
108	981	4	20.65
426	8	3	12.49
1199	14	6	13.28
379	109	3	8.66
12	8314	3	14.74
474	12	26	71.5
374	419	18	235.75
106	345	3	6.12
101	278	14	33.75
1351	101	3	6.65
1553	12	6	10.11
4237	12	5	19.35
2124	2	9	56.32
9	14	110	154.46
122	2790	3	25.07
152	794	7	64.73
365	85	6	25.58
213	121	3	9.88
2741	12	3	4.36
3663	12	3	5.9
4992	12	3	8.37
311	168	9	75.51
4981	104	3	20.53
3557	12	3	5.9
172	118	32	217.87
731	12	10	14.54
2	486	13	45.76
110	183	3	4.64
353	104	19	99.22
2	412	11	30.72
105	1790	5	27.64
4310	12	5	19.35
6832	14	3	13.76
129	125	6	14.28
4010	785	5	83.83
107	594	11	65.26
3999	317	4	56.25
180	218	8	60.96
3466	2616	3	50.59
1593	3145	3	46.77
532	1457	3	35.38
116	2946	3	24.18
171	106	6	9.85
154	144	5	21.13
101	1244	5	15.66
2	501	7	15.74
101	1124	4	9.9
1075	131	3	20.87
7693	2	3	22.21
4962	752	3	46.35
208	102	14	35.82
12	1068	7	10.18
506	291	3	25.91
1296	105	3	11.51
137	3758	3	29.83
2511	104	9	75.19
12	1627	6	10.91
114	230	3	7.93
1067	302	10	129.43
116	1526	5	38.11
407	759	3	30.4
3894	109	3	23.11
5330	12	4	14.83
114	118	17	42.08
158	381	5	36.31
476	1102	3	33.39
104	284	6	14.11
247	1826	3	32.31
1514	128	10	103.63
143	2456	3	28.15
104	180	7	10.87
107	1136	5	26.8
2546	104	6	41.07
147	175	4	17.95
199	106	4	5.48
397	8	8	48.1
12	5403	4	14.83
249	121	6	29.89
2045	14	3	5.56
188	409	3	21.24
3533	2524	3	50.59
156	1677	7	76.49
1986	598	3	38.4
151	122	7	25.22
300	302	4	32.91
2825	12	4	8.19
4284	104	3	18.96
1526	12	8	18.57
802	128	25	298.71
241	153	4	22.7
679	12	8	7.63
2409	104	4	22.96
4555	1647	3	50.63
107	293	14	68.5
12	2539	8	29.67
2945	2	8	59.24
125	177	3	8.63
1746	8962	3	57.82
5097	14	3	11.63
101	1889	3	8.57
120	187	4	13.48
3942	12	6	29.49
4723	12	3	8.37
144	377	14	126.66
120	263	3	11.12
1183	12	6	7.56
4584	1215	4	69.63
12	3105	7	28.55
135	240	3	13.28
2119	12	5	10.49
2977	12	3	5.05
270	797	4	39.48
3971	12	6	29.49
628	14	10	21.73
106	2289	3	16.27
575	281	3	26.47
3435	14	3	9
1425	131	4	32.22
327	373	10	109.15
4124	692	3	44.34
443	360	3	26.36
3185	683	4	58.99
106	2502	3	16.93
7256	2	3	22.21
128	758	3	18.19
548	175	4	32.06
103	378	4	7.58
12	1251	6	8.12
103	454	3	5.24
136	4850	3	32.5
854	12	7	7.52
4093	12	6	29.49
1784	6002	3	53.32
226	2107	3	32.38
305	115	4	16.06
131	107	12	19.97
105	493	4	10.93
3207	12	4	9.28
727	157	11	113.59
1447	105	14	112.23
4877	12	4	14.83
1808	105	3	13.58
486	102	14	63.83
103	1296	3	10.38
948	104	3	9.58
101	817	4	8
101	665	12	47.14
969	12	8	12.28
4140	12	3	6.96
552	101	5	8.94
187	128	6	26.75
105	289	4	6.89
8	11	6	49.21
6576	8	4	46.21
2530	14	3	6.64
1418	14	7	20.33
105	3036	3	16.93
103	152	16	32.77
143	4119	3	32.04
1248	85	3	15.4
247	124	5	23.81
174	454	5	40.54
396	882	4	44.02
12	181	24	11.48
1376	2	13	77.93
196	186	3	15.87
12	114	689	3354.49
2677	14	3	7.3
130	152	5	16.89
2369	9	9	98.44
1911	104	6	36.65
2	834	3	4.57
4154	104	3	18.96
1922	12	4	5.22
105	1492	4	18.81
3640	105	4	27.06
288	734	15	197.38
2159	107	6	44.47
1056	12	5	4.04
2897	12	5	12.92
3759	134	3	29.45
104	1941	3	13.39
110	2454	4	29.31
425	106	5	17
570	14	5	4.14
461	131	3	16.14
119	1447	4	29.57
130	505	3	16.48
2374	1033	3	42.63
2	5624	4	29.62
119	124	10	28.42
103	455	3	5.24
109	119	9	10.06
12	1196	6	7.56
256	479	3	24.83
434	102	8	24.85
2418	110	4	29.31
110	2080	4	27.51
748	463	3	31.05
283	797	3	28.13
1401	101	3	6.98
4803	12	3	8.37
12	6038	4	19.66
1749	358	3	34.11
9308	2538	3	60.15
1584	104	8	52.02
370	1202	3	32.07
2162	959	5	76.27
167	122	5	16.66
104	305	5	10.87
126	2104	3	23.79
105	983	3	10.02
106	268	3	4.61
3923	2	6	44.43
1512	124	5	41.8
113	585	3	13.14
107	9128	3	29.77
112	6802	3	28.98
103	1735	4	18.46
102	2515	3	12.94
12	1047	21	95.27
2200	101	3	9.63
1117	946	3	37.06
517	12	9	7.13
129	110	8	11.76
6352	1026	3	50.35
12	686	15	32.53
782	12	9	12.47
1834	12	9	28.9
3685	12	5	16.56
2	2992	8	59.24
3954	101	3	13.95
104	1116	12	80.43
3666	104	3	17.74
5410	12	4	14.83
7805	14	3	18.16
12	2470	6	16.74
206	399	7	63.72
9377	14	3	18.16
134	588	4	26.99
3213	14	5	19.98
1348	14	4	6.54
4987	236	3	39.4
117	111	8	7.88
12	3285	5	14.53
8084	1276	3	55.8
6704	14	3	13.76
112	7906	3	33.47
753	12	6	4.04
1344	105	3	11.51
1483	104	6	33.49
103	829	3	7.99
1041	102	4	12.95
1852	104	7	45.7
238	520	6	58.83
4390	12	6	29.49
117	153	5	12.37
1807	12	5	8.68
1134	101	3	5.8
1627	107	11	91.88
2030	102	3	11.72
105	640	3	7.93
494	8	4	20.03
104	574	5	17.02
680	2704	3	41
85	121	15	32.48
328	14	11	13.13
897	112	3	15.29
1873	14	3	5.11
619	470	5	55.66
116	484	3	13.22
1690	279	7	90.88
141	459	3	17.96
307	196	3	19.7
174	4390	3	34.77
502	256	4	35.94
844	12	14	35.07
1772	12	4	4.7
4025	2334	5	94.94
58	101	11	10.34
2	365	13	36.8
128	3693	4	40.3
5609	110	3	27.54
4001	1921	3	50.01
185	110	4	8.2
101	1218	5	15.66
102	634	4	9.56
690	12	8	8.03
2	4691	4	24.66
2569	683	4	56.62
182	5209	3	36.92
2788	1813	7	129.52
259	1304	8	100.14
2294	14	3	6.06
2305	2	3	9.72
106	168	5	6.45
2408	12	6	16.74
101	460	4	4.57
423	128	8	56.32
459	109	4	15.3
6988	12	3	14.74
4737	12	3	8.37
4283	120	3	28.12
5794	12	3	10.42
1328	274	4	43.48
752	101	3	4.14
504	520	5	54.98
12	4099	3	6.96
162	119	4	10.68
1150	119	3	19.21
1731	14	6	17.99
473	14	8	10.28
104	2505	3	15.15
344	111	3	9.49
1571	2	14	96.4
102	129	27	42.05
1696	14	4	8.46
4425	2305	4	72.13
986	12	9	15.95
57	165	3	7.35
108	349	3	8.07
102	2737	4	21.04
4824	12	4	14.83
3707	110	4	33.18
237	1609	3	31.13
219	12	15	5.02
3390	1938	4	68.58
4122	543	3	43.06
2112	128	10	118.08
3098	104	3	16.74
662	1099	3	35.24
238	5603	3	41.7
5739	1594	4	76.8
1849	14	3	5.11
368	14	8	7.06
4074	12	3	6.96
116	1708	5	39.72
254	12	15	7.25
842	120	4	26.35
2234	12	9	34.16
101	4472	3	13.95
465	122	4	22.05
860	408	3	31.09
101	1487	3	7.33
833	105	8	40.71
2934	128	6	65.81
102	1026	5	18.52
636	474	3	30.19
155	133	3	8.29
6239	14	4	24.21
2157	304	7	97.29
426	2	9	22.27
1189	3133	3	44.88
3785	14	3	9
549	308	3	26.81
7332	14	3	18.16
575	819	3	32.89
2702	14	3	7.3
101	146	16	13.33
101	210	7	5.05
7334	272	3	46.86
578	101	5	9.42
1915	12	6	12.8
4899	12	3	8.37
12	5314	3	8.37
106	182	4	4.81
2	7401	3	22.21
106	226	3	3.96
1360	925	4	53.5
199	132	5	22.99
595	14	5	4.34
2804	14	4	12.35
1547	14	4	7.41
2388	2	3	10.35
249	4040	3	38.1
622	4013	3	43.58
164	414	3	19.48
185	12	71	180.62
159	185	5	27.44
282	235	4	30.19
806	102	3	6.86
762	107	15	109.02
3489	693	6	100.22
479	12	11	10.89
5314	12	3	8.37
1727	104	7	44.26
867	329	3	29.57
102	1610	3	10.3
2102	14	4	9.73
103	421	5	12.52
372	107	4	11.61
224	102	13	34.83
104	645	5	17.9
6895	217	3	40.99
3148	110	6	55.11
345	132	3	14.86
103	242	5	7.51
136	2899	3	27.79
5403	12	3	8.37
122	1044	5	37.36
933	112	8	58.89
1975	2	11	74.63
323	1154	3	31.07
2	1955	4	14.02
1965	14	3	5.56
895	160	3	23.48
107	4608	4	34.71
12	267	65	242.02
728	12	9	11.34
4972	12	3	8.37
12	183	96	324.02
1029	101	3	5.55
431	115	3	12.48
504	1545	3	35.47
110	1000	3	14.41
429	12	13	14.09
1409	12	13	46.06
2	773	19	106.03
12	2917	7	25.23
3769	12	5	16.56
4413	517	3	42.74
2	4666	3	15.58
102	2731	3	13.67
146	121	3	5.64
12	1445	5	6.13
102	6030	3	20.47
103	142	12	15.25
108	1219	3	14.87
103	213	12	33.52
2568	12	4	7.27
4412	12	3	6.96
101	750	3	4.14
200	134	7	38.05
106	1095	3	12.09
112	1310	3	17.37
1665	107	8	58.79
2686	12	5	12.92
2555	104	3	15.15
3609	104	3	17.74
1498	12	7	14.08
5215	12	3	8.37
7466	12	3	14.74
702	104	22	162.63
2130	102	3	12.3
2149	101	3	9.63
131	174	4	14.5
187	388	3	20.88
2	5685	3	17.76
107	1680	3	15.38
115	565	3	14.03
119	112	22	71.51
1161	14	4	5.79
959	680	4	48.83
103	394	6	16.2
12	7458	3	14.74
3001	1154	3	44.88
103	571	5	15.2
160	708	3	22.13
229	218	5	37.36
108	148	4	4.15
103	1280	3	10.05
143	7502	3	40.35
2383	12	6	16.74
1464	256	3	31.13
126	13	3	6.21
2789	12	3	4.36
2180	101	3	9.63
555	700	3	31.68
103	1736	3	11.95
360	101	5	5.35
2083	12	5	9.53
3886	2945	6	127.43
2147	9	3	22.1
101	6102	3	17.66
102	798	6	21.47
1002	85	3	14.2
2358	988	3	42.34
199	119	7	31.34
1374	436	3	34.22
101	418	7	13.54
7099	2	3	22.21
2	7366	3	22.21
103	975	5	20.07
1980	12	7	19
223	104	4	5.08
3206	12	3	5.05
244	12	14	5.11
85	130	6	6.33
104	552	5	16.48
529	102	4	8.56
3919	109	5	46.94
2	5944	3	17.76
116	3958	5	52.51
117	164	3	5.52
1827	14	3	5.11
101	297	10	19.09
112	1746	5	37.62
158	3720	3	32.14
1782	4523	3	49.5
421	613	5	54.52
309	2222	7	97.5
101	544	11	36.73
3771	14	3	9
101	427	12	36.31
2243	596	5	71.34
6790	104	3	22.74
310	263	4	31.95
3075	12	3	5.05
3232	104	6	45.49
1263	104	3	10.99
3046	12	6	20.85
303	104	11	40.54
5726	107	3	25.29
118	3183	3	24.28
138	402	4	24.61
102	669	5	14.68
5979	2	3	17.76
7166	14	3	18.16
125	173	3	8.32
721	14	5	5.72
1243	3385	6	106.98
1654	105	8	52.55
175	12	54	90.33
108	955	6	35.76
2038	12	4	5.81
1043	12	5	4.04
4775	12	4	14.83
107	116	28	61.14
809	101	3	4.49
407	977	6	73.34
1124	12	12	31.91
203	12	27	22.77
151	115	7	21.2
8479	12	3	14.74
3991	12	4	12.38
4508	109	5	46.94
8582	1663	3	57.36
542	14	6	6.35
2389	14	5	16.9
117	222	5	19.22
101	119	43	50.92
1443	3215	3	45.94
1030	14	7	16.34
119	357	13	94.44
109	411	3	9.2
1643	292	5	59.96
103	268	4	5.05
123	105	45	132.79
102	1319	5	20.7
578	6788	3	47.22
12	5849	4	19.66
1367	9	4	28.13
3794	12	6	23.93
12	8978	3	14.74
5263	12	5	24.57
330	147	3	16.59
102	347	4	5.62
6928	14	3	18.16
540	119	3	15.22
117	3170	6	60.56
6562	14	3	13.76
102	4777	3	18.27
780	1429	3	37.46
104	8226	3	27.22
1978	14	5	14.66
102	2909	5	29.32
12	346	19	25.81
874	2	16	86.29
139	158	114	1313.32
3200	14	3	8.07
101	1819	7	33.96
3892	9	3	26.65
101	1699	8	40.15
2	1075	6	20.05
105	1116	6	30.02
984	101	3	5.32
102	161	17	33.76
165	118	4	9.54
7268	12	3	14.74
724	339	4	40.99
1966	8165	3	58.87
1457	12	8	17.42
349	12	11	5.67
105	492	3	6.61
131	102	11	4.74
428	209	6	54.07
992	1085	6	84.9
504	413	5	52.61
1985	708	3	39.17
109	106	228	1167.82
122	814	3	17.78
5453	14	4	24.21
105	457	4	10.41
298	3846	3	37.96
105	405	3	5.6
322	2	6	7.21
398	292	3	24.44
101	1029	3	5.55
103	424	4	8.54
309	520	11	129.55
104	640	3	7.76
136	9251	3	39.23
280	105	4	6.71
104	6906	3	27.22
1015	3775	4	63.77
8403	4231	3	64.05
370	920	4	43.76
108	230	4	9.75
1863	1773	5	79.94
135	254	3	13.56
102	565	4	8.94
13	774	3	21.42
12	214	97	444.26
589	12	15	28.58
12	258	17	11.21
584	1256	3	35.15
8	13	3	4.11
1625	12	4	4.23
705	12	30	138.82
1192	293	4	43.18
116	1692	10	99.19
3519	12	3	5.9
1055	105	3	10.29
3542	609	3	42.34
3893	12	5	19.35
5685	774	3	48.8
1467	8	4	28.29
102	1230	4	14.16
101	772	5	11.75
101	848	3	4.68
2	2083	5	21.07
2447	14	3	6.64
103	676	8	34.54
137	453	4	25.64
1325	550	3	35.17
1014	12	7	9.57
101	132	18	9.85
142	12	31	4.9
361	102	7	17.08
985	12	10	19.98
110	377	16	105.11
772	101	5	11.75
102	973	4	12.59
392	102	5	9.96
3810	14	4	14.95
102	2187	5	26.59
2695	142	3	28.62
571	112	4	19.54
8	1076	3	17.54
5001	14	3	11.63
757	14	11	29.89
12	898	7	7.98
141	188	5	24.54
3566	14	3	9
3259	2481	3	49.57
2940	9	8	93.26
6806	12	3	10.42
106	1430	3	13.41
122	1579	3	21.55
3184	12	3	5.05
816	406	3	30.85
1343	300	14	205.47
106	235	3	4.11
101	593	5	9.42
384	105	3	5.31
123	908	3	18.68
199	146	10	66.92
216	1139	16	221.43
444	371	8	88.5
743	2	23	141.13
1870	1329	4	59.08
107	1272	3	13.42
1930	12	4	5.22
942	12	8	11.63
104	212	4	4.71
6635	12	3	10.42
114	146	6	13.81
685	1316	3	36.24
841	2	17	92.83
4411	14	4	16.77
102	2052	3	11.72
4733	753	3	46.35
245	119	5	22.33
104	3778	4	26.79
110	200	4	8.75
935	85	3	13.94
12	4288	4	12.38
104	1481	3	12.05
108	607	3	11.15
309	1742	3	33.24
2936	12	3	5.05
4540	128	5	62.32
158	1364	4	37.08
258	146	4	22.21
4872	363	3	42.03
12	8433	3	14.74
111	608	7	41.84
113	124	5	5.01
101	145	26	40.73
112	1658	3	18.55
295	787	9	107.93
209	85	4	9.31
12	3260	7	28.55
4428	101	3	13.95
1963	9	3	21.5
104	568	4	11.65
1048	12	5	4.04
1061	104	3	10.1
1765	101	4	13.24
103	746	3	7.59
102	1356	6	27.34
156	3939	3	33.28
2499	12	4	7.27
102	1152	4	13.74
101	647	4	6.58
1202	14	4	5.79
166	112	3	4.59
265	106	3	4.61
2968	2	5	26.59
994	14	7	15.7
6929	14	3	18.16
698	315	3	28.18
12	6446	3	10.42
141	1022	3	22.42
2360	14	3	6.64
12	184	127	597.02
129	1020	4	29.23
1029	14	4	5.14
1613	12	6	10.91
12	5004	3	8.37
104	3467	5	37.03
1723	12	4	4.7
609	12	8	6.53
2	725	5	11.24
4239	668	3	44.14
2588	12	4	7.27
2	876	7	23.09
2	1056	7	25.06
2827	320	5	67.73
2242	14	3	6.06
12	1283	6	8.72
103	422	4	8.39
3093	14	3	8.07
133	1087	5	41.45
174	1385	3	27.26
105	375	3	5.21
377	12	20	32.47
322	120	3	12.3
134	3250	3	28.42
366	426	4	37.57
2140	278	3	34.21
1764	12	4	4.7
1389	614	3	36.06
103	511	4	9.86
118	142	3	3.97
2491	252	4	48.57
3682	401	5	74.42
2	7220	3	22.21
12	9255	3	14.74
4609	6486	3	61.14
1121	329	3	30.94
102	121	13	4.31
102	175	22	63.41
891	6476	3	49.53
8	370	10	63.37
12	474	13	16.03
2298	102	3	12.3
108	147	7	13.32
414	12	10	6.27
624	256	7	74.44
103	1281	3	10.05
107	815	8	46.87
319	101	12	28.62
2774	12	3	4.36
1661	12	6	10.91
319	302	4	33.39
790	550	5	59.65
1548	12	7	14.08
130	258	10	65.41
6158	1279	3	51.3
2	696	6	15.22
5589	2	4	29.62
101	1948	3	8.57
135	112	4	4.81
930	2717	3	42.83
1676	494	4	50.38
2302	14	5	15.71
5624	2	4	29.62
107	5333	4	34.71
101	751	3	4.14
210	409	3	22.42
295	131	6	35.05
3385	14	4	14.95
332	2253	3	35.36
2943	110	8	85.46
5182	12	3	8.37
146	174	4	17.7
146	120	3	5.63
109	365	5	18.83
103	318	6	13.59
127	122	13	46.74
487	151	4	28.52
117	240	3	9.11
1218	12	16	62.61
7928	8197	3	72.37
101	298	6	6.4
101	163	10	5.36
12	1958	4	5.81
444	142	9	74.61
85	191	3	4.65
124	236	27	225.3
12	6807	4	19.66
237	2067	4	46.29
7081	2	3	22.21
107	234	8	26.4
8	6945	3	34.66
521	105	4	11.3
137	1114	7	65.3
125	246	13	88.13
2299	5432	3	52.75
950	116	3	16.78
3156	12	4	9.28
113	390	8	44.85
804	1867	3	39.49
120	908	3	18.43
3140	12	4	9.28
3718	993	6	104.28
159	221	5	30.48
1480	14	3	4.01
116	133	21	92.46
128	1463	5	42.49
729	14	7	12.06
393	14	11	16.63
4345	14	3	10.14
104	164	8	11.34
105	1049	3	10.29
4816	12	4	14.83
1583	101	3	7.71
1762	14	4	8.46
102	4263	4	25.67
924	12	6	5.72
1929	104	4	20.44
847	110	7	44.66
3060	12	3	5.05
102	1770	5	23.6
2810	358	3	37.2
342	12	13	9.29
148	698	3	21.08
1011	6764	3	50.35
719	6735	3	48.37
7347	2	3	22.21
12	1944	10	35.64
151	181	3	12.63
1400	14	6	15.34
102	5290	3	18.27
102	3159	4	22.28
302	5668	4	63.53
114	119	8	12.22
1659	14	5	12.17
105	2286	3	14.69
995	124	3	19.23
2406	14	6	23.26
805	102	3	6.86
2670	102	5	29.32
4008	12	3	6.96
309	2221	4	49.35
736	113	3	14.24
106	251	3	4.43
1159	104	9	54.38
1058	12	7	9.57
101	1238	3	6.35
1138	12	5	4.39
1624	14	4	7.91
2801	14	4	12.35
108	633	4	17.4
2435	14	3	6.64
1504	9174	3	56.93
128	1482	3	21.99
560	336	4	39.2
141	8337	3	39.89
2	1074	4	10.02
984	14	5	7.97
2095	14	3	5.56
113	976	3	15.88
900	106	3	11.04
786	425	3	30.87
3411	12	3	5.9
103	1282	3	10.05
334	321	5	45.37
4196	12	3	6.96
260	102	5	6.33
271	101	7	7.96
790	1442	3	37.46
134	1931	6	60.13
102	1438	4	15.11
122	830	5	35.09
2009	629	4	54.29
1313	14	4	6.54
2228	14	3	6.06
105	156	10	16.98
105	111	116	416.45
2	3390	5	28.75
1474	12	13	48.99
4967	12	3	8.37
12	1519	11	35.09
345	104	10	37.76
3706	12	3	5.9
193	113	7	25.22
172	2311	5	56.45
1847	12	4	5.22
3287	101	7	45.62
4347	12	4	12.38
646	871	3	33.68
116	1075	6	44.47
1090	639	5	64.07
157	1308	3	25.4
12	101	467	8.27
2	648	4	6.69
435	461	5	52.28
810	1248	3	36.96
135	111	4	4.19
1363	209	4	41.52
105	1431	4	18.28
940	14	4	4.57
370	740	6	68.28
1932	14	3	5.11
179	131	5	20.75
839	494	7	88.87
1372	453	4	48.65
111	180	14	63.62
2679	12	3	4.36
135	153	7	31.45
525	7716	3	51.06
170	102	36	135.81
101	1969	3	9.07
194	3489	5	65.4
3623	12	3	5.9
2393	107	7	57.31
187	167	6	36.4
6609	105	3	22.94
793	12	7	6.67
123	323	37	364.92
1213	2598	4	61.18
127	317	3	13.08
12	1536	9	23.56
1903	14	4	9.06
103	123	12	6.12
3462	2197	3	49.92
101	2491	3	10.25
1633	304	3	32.69
3353	2	4	20.21
2	5592	4	29.62
119	254	4	16.29
4805	2036	3	52.14
5139	12	3	8.37
1675	12	10	30.95
222	147	3	14.18
954	101	3	5.09
2144	101	3	9.63
1640	12	13	52.47
104	5360	4	31.31
110	778	5	27.34
2419	12	4	7.27
572	12	8	5.88
1503	12	16	78.64
2037	14	3	5.56
116	667	3	15
9443	14	3	18.16
2864	209	3	33.56
5621	14	4	24.21
2	551	4	5.74
2	500	17	70.48
110	127	7	8.53
138	2791	3	27.94
2867	14	3	7.3
105	1672	3	12.65
689	174	3	23.41
6561	12	3	10.42
2858	105	3	16.08
2331	12	10	42.63
2696	748	3	41.62
1208	12	6	8.12
471	157	9	80.55
5096	110	3	25.32
1000	12	7	9
346	102	8	21.03
101	2750	3	10.96
3288	12	4	9.28
104	138	27	74.7
1175	12	7	10.83
158	428	3	19.33
85	354	5	19.33
114	132	14	45.27
4317	101	3	13.95
393	136	3	16.32
106	236	3	4.16
112	2095	3	20.05
173	1027	5	48.25
2464	14	3	6.64
472	526	5	54.23
2586	14	3	6.64
726	2	26	169.28
361	2	11	27.47
1185	192	4	38.73
85	107	17	11.32
1329	12	6	8.72
9174	12	3	14.74
85	233	3	6.32
3122	12	3	5.05
107	276	25	151.38
104	1360	4	17.52
104	1148	5	23.19
2	6251	3	17.76
1452	1931	3	42.48
153	653	3	21.17
156	2139	11	152.98
12	2546	6	16.74
103	225	6	9.94
103	285	6	12.38
7337	2	3	22.21
453	2	5	7.63
1223	8	5	35.96
1144	128	14	150.43
709	102	4	10.26
3196	515	6	93.61
515	6217	3	46.56
3262	12	3	5.05
57	3935	3	28.5
105	1481	5	26.05
8475	820	3	53.53
6769	12	3	10.42
2679	110	4	30.4
390	120	9	61.29
446	105	3	6.13
1542	101	3	7.33
112	573	8	50.9
1234	12	6	8.12
161	139	7	33.58
130	225	3	11.51
431	14	12	22.24
510	1298	4	48.91
112	2813	3	22.06
678	14	13	37.36
107	891	6	32.27
192	104	11	27.65
226	811	3	27.05
1132	12	5	4.39
287	107	6	18.86
12	4149	5	19.35
411	561	5	53.71
799	189	3	24.84
105	568	11	56.07
408	2299	3	36.79
4629	12	3	8.37
2	1835	4	14.02
101	887	3	4.88
127	455	4	22.95
101	2173	3	9.63
137	2487	4	39.08
2	7386	3	22.21
163	514	4	30.07
243	2514	3	34.06
562	664	3	31.64
488	185	3	22.26
168	536	12	123.18
2272	1496	4	61.78
365	16	4	26.14
102	3273	4	22.28
2533	2838	6	111.51
123	3525	6	67.65
1116	143	3	23.16
2507	138	3	27.19
905	101	3	4.88
2845	12	5	12.92
112	760	4	21.56
1326	131	8	76.84
273	131	5	26.4
1182	14	6	13.28
101	1140	13	68.34
2824	292	6	83.49
5646	2	4	29.62
102	830	4	11.32
102	710	7	25.83
112	1017	3	16.09
2	308	10	20.16
4059	14	3	10.14
2000	1937	3	44.83
888	14	4	4.32
158	1558	3	26.7
357	12	29	66.15
5	107	3	9.12
4942	12	4	14.83
1436	12	5	6.13
1066	672	3	34.94
1213	296	3	30.87
302	3391	4	53.97
9	101	42	37.05
1389	391	3	33.48
4494	2577	3	51.84
398	1042	3	31.92
188	457	6	52.6
306	112	9	47.79
1351	14	6	14.6
988	498	11	156.63
12	5299	3	8.37
117	125	4	3.97
168	271	3	17.26
239	2564	3	33.99
3038	14	3	8.07
8579	1487	3	56.93
1771	12	10	33.11
3750	12	6	23.93
4927	110	3	25.32
181	302	3	18.92
122	395	5	28.15
388	5129	4	60.83
2	1474	3	7.42
212	302	4	29.93
573	109	3	10.93
996	203	4	38.16
1469	397	3	34
797	104	8	39.52
1407	12	7	13.16
108	953	3	13.42
5302	3513	3	56.08
136	5257	3	32.5
107	121	23	53.64
1590	805	4	54.15
1250	14	4	6.15
163	5908	3	37.49
4655	2	5	37.02
153	2277	5	53.6
112	2591	3	21.31
143	3152	3	29.77
2342	217	5	60.76
3901	12	5	19.35
2775	12	5	12.92
530	319	3	26.83
106	1586	6	38.03
1047	105	22	201.26
112	813	7	47.39
2904	105	5	33.42
105	1065	4	16.07
102	2019	4	18.22
853	1912	3	39.73
1563	7050	3	57.36
296	102	19	76.59
106	318	3	5.55
103	1034	3	9.17
2	6148	3	17.76
133	546	3	17.77
317	1330	3	31.66
104	2468	3	15.15
2057	209	5	58.82
138	3524	4	42.97
644	14	5	4.98
1233	12	7	11.54
993	12	9	15.95
2104	12	4	5.81
132	187	7	35.9
640	157	3	21.54
229	107	10	37.18
139	104	7	4.41
527	105	39	357.11
102	3107	4	22.28
122	5443	4	43.68
45	14	6	5.05
6084	825	4	71.54
496	376	3	27.49
137	1822	4	36.5
112	489	3	12.15
102	562	11	47.24
1304	12	13	43.52
1717	101	3	8.12
599	101	5	9.67
618	102	3	5.47
12	109	525	1266
3182	104	3	16.74
218	12	16	6.27
2206	12	5	10.49
104	1049	4	15.82
758	987	6	80.46
871	12	8	10.45
3112	12	3	5.05
3678	272	7	109.71
1738	1295	4	58.37
271	408	3	24.2
2	1986	5	21.07
793	154	3	22.29
568	854	4	46.53
105	164	5	3.9
4907	12	4	14.83
919	12	8	11.63
242	115	3	9.07
4254	134	4	44.38
190	6419	3	39.42
220	6817	3	41.17
110	597	4	18.13
845	14	4	4.07
144	200	4	19.01
3606	14	3	9
1046	581	6	78.21
3777	14	4	14.95
3709	7051	3	62.81
1401	14	6	15.34
293	909	4	41.57
2	5623	4	29.62
3065	12	6	20.85
2123	9	4	32.22
1256	12	12	35.23
8473	12	3	14.74
4005	12	4	12.38
1418	101	3	6.98
417	296	3	24.89
102	4006	4	25.67
2517	102	3	12.94
12	1503	16	78.64
103	151	31	102.05
1652	14	3	4.34
123	173	4	12.76
1539	14	3	4.01
16	7	4	16.51
5633	592	3	47.22
2720	218	4	48.49
1586	371	3	33.97
110	850	5	28.14
205	1	3	14.32
111	315	3	8.87
135	222	3	12.78
1205	533	3	34.65
1535	105	14	116
2	4485	3	14.05
107	602	4	15.26
1299	1413	3	40.31
12	6232	4	19.66
4639	12	4	14.83
130	151	5	16.85
105	1956	3	13.58
5488	959	3	50.06
135	795	3	20.21
4753	855	3	47.04
451	256	4	35.17
1540	1279	3	40.36
12	6742	3	10.42
12	687	27	105.89
5678	14	3	13.76
987	14	4	4.85
635	763	4	46.3
241	125	3	11.3
2997	14	3	8.07
85	190	3	4.61
85	135	20	71.04
115	710	3	15.11
257	1676	3	31.56
6220	104	3	22.74
106	440	4	12.04
329	1308	4	45.21
616	12	9	8.99
1146	4289	3	47.14
102	2070	5	25.48
748	1025	5	65.27
4442	522	5	79.96
6310	104	3	22.74
114	106	88	337.94
190	1937	5	55.97
253	14	9	4.73
105	4242	4	28.96
168	405	3	19.9
302	5652	4	63.53
133	498	3	17.16
104	111	157	654.79
101	2853	3	10.96
220	14	12	8.65
1988	14	3	5.56
4825	14	3	11.63
121	102	49	112.35
121	244	11	68.1
2387	2279	3	47.26
2736	12	4	8.19
6603	335	3	43.85
129	201	4	15.45
110	257	3	6.99
1923	14	3	5.11
935	14	5	7.59
117	7432	3	34.76
102	837	3	6.86
148	1058	6	55.79
172	106	20	77.75
3225	14	3	8.07
102	1906	5	24.49
1810	319	5	62.78
418	104	6	18.93
794	12	25	104.36
5712	101	4	29.48
923	157	9	93.34
213	102	12	28.94
12	1804	4	5.22
560	1326	3	35.33
123	2628	3	25.24
104	458	4	10.18
6494	105	4	36.56
158	157	3	11.26
1892	102	3	11.21
680	2703	3	41
285	1844	3	33.14
315	102	5	7.95
234	288	3	20.95
1134	14	4	5.45
209	14	24	39.65
12	5252	3	8.37
642	403	4	41.79
147	1230	4	34.72
113	112	7	4.77
113	179	13	59.92
198	3673	4	49.49
2828	12	3	4.36
7458	12	3	14.74
1618	104	6	34.44
103	1882	3	12.42
370	9	10	64.33
2467	1648	3	45.14
12	3148	7	28.55
1434	102	3	9.53
102	580	3	5.33
390	102	5	9.96
620	105	3	7.61
111	12	215	229.38
766	101	9	31.43
102	379	4	6.19
779	102	3	6.66
2980	12	5	14.53
2	616	17	78.33
12	273	76	348.84
12	6459	4	19.66
12	197	95	343.21
518	14	6	5.88
12	127	233	665.2
1822	498	6	84.03
359	238	5	42.92
12	7736	3	14.74
166	124	4	12.13
1582	110	10	87.8
105	138	26	71.64
3351	1625	3	47.8
606	126	25	270.04
1036	12	9	16.79
5093	4248	4	81.55
105	524	5	16.28
163	1026	3	24.5
106	627	3	9.23
118	235	3	9.05
292	2061	4	47.91
3715	14	3	9
1864	14	3	5.11
204	181	5	31.84
3725	583	3	42.16
281	4085	3	38.78
7257	2	3	22.21
7793	104	3	27.22
4728	2438	5	101.65
3102	12	3	5.05
