5555	1
766	2
4304	3
4230	4
4645	5
5698	6
737	7
5740	8
3791	9
4146	10
2482	11
4797	12
2633	13
1158	14
5450	15
5811	16
5378	17
879	18
675	19
2714	20
738	21
3586	22
3432	23
5933	24
4351	25
4363	26
3602	27
149	28
6267	29
820	30
720	31
6071	32
5730	33
3743	34
1762	35
426	36
5962	37
1394	38
5691	39
725	40
2834	41
1943	42
439	43
5636	44
1446	45
4011	46
3875	47
1294	48
1340	49
2681	50
5413	51
4775	52
4107	53
3257	54
3126	55
5607	56
4211	57
59	58
2243	59
4627	60
1879	61
319	62
2113	63
2556	64
2511	65
1947	66
4214	67
850	68
69	69
727	70
1209	71
2270	72
2384	73
91	74
1541	75
525	76
849	77
5638	78
2955	79
2461	80
8	81
5402	82
2672	83
1273	84
533	85
5908	86
4271	87
3662	88
3670	89
4655	90
4091	91
5936	92
2375	93
1652	94
3854	95
4098	96
435	97
45	98
1642	99
1809	100
807	101
1598	102
1165	103
2527	104
1345	105
806	106
188	107
1834	108
5454	109
1807	110
803	111
5338	112
1751	113
205	114
4352	115
105	116
1591	117
3041	118
4878	119
34	120
5755	121
2307	122
74	123
166	124
3798	125
6041	126
1268	127
1800	128
801	129
3411	130
775	131
474	132
630	133
359	134
5888	135
847	136
4665	137
1328	138
2163	139
165	140
4839	141
5748	142
2615	143
896	144
1526	145
33	146
801	147
4414	148
5894	149
3323	150
1854	151
4293	152
5661	153
6090	154
273	155
3822	156
2487	157
2969	158
1752	159
1090	160
1523	161
259	162
6118	163
63	164
1796	165
1796	166
998	167
211	168
1547	169
4103	170
1370	171
4811	172
1856	173
4694	174
5558	175
3267	176
2284	177
5156	178
4707	179
2867	180
442	181
1001	182
5439	183
1896	184
5736	185
3894	186
6061	187
168	188
4132	189
1409	190
245	191
2229	192
180	193
985	194
1314	195
2643	196
214	197
382	198
496	199
4542	200
5789	201
2999	202
5659	203
195	204
4521	205
1944	206
530	207
379	208
706	209
5252	210
20	211
502	212
4621	213
2756	214
1572	215
3834	216
1974	217
3818	218
4620	219
6235	220
1766	221
1798	222
979	223
59	224
511	225
145	226
3671	227
211	228
994	229
2181	230
89	231
418	232
535	233
543	234
152	235
5574	236
524	237
58	238
1425	239
4235	240
188	241
1779	242
15	243
832	244
1382	245
704	246
1846	247
1800	248
3436	249
892	250
1012	251
293	252
1351	253
2617	254
3361	255
976	256
2506	257
976	258
2946	259
32	260
1627	261
45	262
647	263
3535	264
491	265
4781	266
224	267
2586	268
6011	269
980	270
2067	271
1665	272
1346	273
415	274
2030	275
601	276
213	277
1904	278
50	279
1915	280
4044	281
1366	282
6187	283
2735	284
328	285
1462	286
945	287
1631	288
2438	289
457	290
233	291
47	292
3078	293
3407	294
1818	295
962	296
1410	297
22	298
2009	299
4617	300
1	301
1190	302
3961	303
5503	304
1885	305
4894	306
731	307
106	308
4648	309
2523	310
5605	311
534	312
4094	313
88	314
1704	315
4051	316
921	317
603	318
107	319
646	320
4777	321
1445	322
2085	323
5777	324
4903	325
1721	326
2713	327
6155	328
47	329
5779	330
1568	331
1477	332
1543	333
1379	334
971	335
5091	336
45	337
3381	338
5792	339
3288	340
3460	341
2191	342
294	343
5626	344
1112	345
1989	346
5673	347
160	348
4957	349
2792	350
1638	351
2793	352
513	353
140	354
4511	355
654	356
1125	357
270	358
3	359
5635	360
157	361
2412	362
236	363
5611	364
3882	365
128	366
1971	367
5033	368
744	369
702	370
27	371
1936	372
1000	373
5	374
5798	375
254	376
251	377
1153	378
1026	379
2319	380
2154	381
604	382
485	383
4720	384
947	385
400	386
1287	387
4083	388
2219	389
6142	390
564	391
1324	392
31	393
70	394
2687	395
4972	396
1423	397
1968	398
2149	399
213	400
1937	401
3415	402
2691	403
1169	404
1464	405
5683	406
203	407
2027	408
5361	409
3524	410
2091	411
4124	412
1875	413
2698	414
2190	415
2353	416
6005	417
1845	418
5719	419
3895	420
1754	421
3861	422
6141	423
663	424
4728	425
5031	426
329	427
3012	428
1483	429
5746	430
436	431
107	432
1769	433
580	434
5943	435
4087	436
1057	437
3396	438
2931	439
1593	440
2393	441
2699	442
3188	443
3786	444
2172	445
5825	446
984	447
166	448
2604	449
91	450
3186	451
3819	452
1151	453
4068	454
13	455
520	456
1	457
158	458
1999	459
5306	460
1963	461
1672	462
5914	463
1501	464
99	465
162	466
2414	467
495	468
391	469
2982	470
6095	471
206	472
689	473
3516	474
975	475
5790	476
3629	477
185	478
2072	479
19	480
4133	481
497	482
63	483
2334	484
5408	485
1139	486
1069	487
222	488
61	489
1275	490
544	491
5363	492
1076	493
5429	494
72	495
734	496
3202	497
48	498
677	499
742	500
1948	501
3693	502
3826	503
1322	504
601	505
25	506
272	507
2092	508
1709	509
92	510
96	511
853	512
3619	513
865	514
4004	515
37	516
5547	517
1931	518
1439	519
2508	520
3839	521
1405	522
2358	523
650	524
3752	525
946	526
358	527
2168	528
2179	529
6154	530
410	531
75	532
1025	533
4710	534
79	535
6119	536
1718	537
4698	538
5266	539
2959	540
1734	541
3308	542
4788	543
2795	544
197	545
3555	546
949	547
5162	548
1927	549
1798	550
865	551
3111	552
3646	553
5637	554
5318	555
1105	556
792	557
545	558
1489	559
1435	560
117	561
848	562
5094	563
2362	564
5968	565
3623	566
5132	567
3827	568
2327	569
4213	570
6167	571
494	572
769	573
3558	574
5008	575
1836	576
2205	577
6253	578
5951	579
1052	580
2631	581
2096	582
4564	583
2335	584
983	585
7	586
1235	587
3399	588
5049	589
1531	590
388	591
4302	592
5699	593
888	594
3517	595
132	596
1130	597
1860	598
2528	599
2777	600
4152	601
5143	602
112	603
2825	604
1145	605
4349	606
280	607
4030	608
1303	609
110	610
377	611
2532	612
1246	613
210	614
1015	615
188	616
166	617
3720	618
515	619
201	620
213	621
313	622
2891	623
2614	624
4576	625
4654	626
1179	627
6230	628
1639	629
1912	630
879	631
1481	632
372	633
460	634
4651	635
176	636
109	637
1580	638
6145	639
5982	640
209	641
2761	642
683	643
6262	644
517	645
1468	646
2648	647
3147	648
153	649
754	650
310	651
2979	652
1595	653
239	654
1317	655
1316	656
6172	657
4162	658
1076	659
5124	660
4387	661
160	662
235	663
4558	664
1188	665
31	666
4745	667
734	668
568	669
129	670
285	671
3337	672
10	673
8	674
328	675
8	676
282	677
6013	678
217	679
206	680
6105	681
3	682
351	683
4458	684
139	685
397	686
683	687
3	688
5579	689
385	690
744	691
4	692
3763	693
1866	694
1141	695
1632	696
2531	697
61	698
1591	699
170	700
560	701
5193	702
127	703
1318	704
183	705
1631	706
46	707
897	708
1557	709
9	710
312	711
3641	712
3446	713
676	714
810	715
1871	716
1628	717
688	718
2	719
139	720
1	721
299	722
4834	723
573	724
3018	725
306	726
1567	727
1223	728
298	729
416	730
3571	731
4408	732
1048	733
5785	734
1671	735
155	736
71	737
668	738
1874	739
31	740
5090	741
911	742
4679	743
344	744
577	745
577	746
5487	747
938	748
2933	749
2622	750
5184	751
1443	752
338	753
38	754
2434	755
521	756
5037	757
5360	758
6127	759
1663	760
2796	761
4798	762
4033	763
2058	764
4790	765
1609	766
3072	767
660	768
3109	769
77	770
706	771
1789	772
9	773
620	774
2543	775
535	776
1292	777
119	778
712	779
1183	780
862	781
3591	782
3632	783
627	784
1551	785
4613	786
1	787
16	788
2137	789
2	790
299	791
5331	792
572	793
1	794
1606	795
1	796
1304	797
595	798
5707	799
1296	800
1621	801
25	802
4309	803
6130	804
957	805
5758	806
490	807
4191	808
4543	809
3483	810
3983	811
2441	812
1208	813
5112	814
1396	815
1498	816
65	817
572	818
4229	819
4734	820
2139	821
1218	822
160	823
2676	824
6211	825
4527	826
133	827
133	828
501	829
4919	830
609	831
474	832
3985	833
2007	834
5187	835
2177	836
664	837
1574	838
258	839
934	840
230	841
4248	842
227	843
26	844
1898	845
1142	846
3090	847
643	848
4055	849
5667	850
6111	851
4850	852
510	853
732	854
42	855
6152	856
144	857
4705	858
56	859
3480	860
5596	861
4979	862
5763	863
5871	864
1427	865
3868	866
1407	867
302	868
656	869
73	870
765	871
308	872
1430	873
1287	874
964	875
1277	876
3316	877
3936	878
4360	879
420	880
287	881
5760	882
4699	883
1889	884
3914	885
2682	886
1299	887
3684	888
567	889
509	890
1562	891
1071	892
604	893
2156	894
851	895
167	896
1068	897
355	898
4	899
2641	900
4259	901
2003	902
2003	903
1544	904
825	905
1092	906
1336	907
781	908
305	909
1203	910
4526	911
2064	912
5821	913
3618	914
121	915
248	916
5852	917
123	918
1847	919
34	920
872	921
213	922
4632	923
3458	924
6206	925
1747	926
3439	927
2420	928
2086	929
1867	930
420	931
4038	932
45	933
1685	934
131	935
1666	936
1323	937
5236	938
1280	939
218	940
451	941
516	942
281	943
281	944
218	945
719	946
4243	947
2448	948
5134	949
1269	950
534	951
499	952
3701	953
4640	954
4944	955
1687	956
4079	957
3349	958
1009	959
2859	960
5430	961
5309	962
4173	963
1618	964
990	965
1997	966
5761	967
1876	968
537	969
1568	970
98	971
5424	972
538	973
1	974
143	975
273	976
1447	977
2365	978
62	979
827	980
637	981
121	982
674	983
19	984
366	985
3730	986
6	987
6	988
2678	989
14	990
1255	991
192	992
1760	993
4721	994
1330	995
205	996
159	997
756	998
1053	999
4292	1000
6	1001
6	1002
1085	1003
323	1004
1582	1005
244	1006
2276	1007
33	1008
4989	1009
2411	1010
394	1011
1318	1012
35	1013
4303	1014
1710	1015
3959	1016
2095	1017
3020	1018
17	1019
427	1020
4582	1021
1777	1022
4615	1023
4317	1024
5377	1025
4348	1026
3980	1027
5536	1028
11	1029
3157	1030
28	1031
5979	1032
1899	1033
1930	1034
4114	1035
2865	1036
5185	1037
3777	1038
699	1039
5732	1040
221	1041
455	1042
2597	1043
455	1044
4058	1045
5025	1046
1528	1047
586	1048
4932	1049
2786	1050
4793	1051
3000	1052
4765	1053
2273	1054
4672	1055
4105	1056
356	1057
3755	1058
3647	1059
740	1060
635	1061
212	1062
1793	1063
5390	1064
365	1065
1878	1066
1579	1067
4272	1068
1321	1069
1210	1070
1070	1071
1152	1072
1521	1073
1616	1074
5386	1075
5165	1076
5520	1077
4673	1078
4195	1079
938	1080
1720	1081
3754	1082
4489	1083
71	1084
735	1085
4186	1086
4629	1087
2634	1088
288	1089
1932	1090
2651	1091
459	1092
1404	1093
2694	1094
3922	1095
2609	1096
3023	1097
2316	1098
603	1099
2781	1100
5656	1101
1862	1102
958	1103
34	1104
332	1105
5	1106
3584	1107
9	1108
584	1109
4664	1110
5022	1111
274	1112
617	1113
1872	1114
6060	1115
17	1116
17	1117
2337	1118
35	1119
452	1120
5619	1121
279	1122
1820	1123
4443	1124
364	1125
1772	1126
3833	1127
1231	1128
5706	1129
4287	1130
105	1131
491	1132
22	1133
314	1134
20	1135
27	1136
2538	1137
83	1138
78	1139
3741	1140
1730	1141
618	1142
3060	1143
243	1144
1132	1145
440	1146
157	1147
2868	1148
104	1149
420	1150
3855	1151
1310	1152
1240	1153
4649	1154
3850	1155
5704	1156
3607	1157
149	1158
4299	1159
2782	1160
627	1161
583	1162
1058	1163
6196	1164
415	1165
1011	1166
47	1167
340	1168
1650	1169
1650	1170
4956	1171
1135	1172
1037	1173
1045	1174
1045	1175
2939	1176
1302	1177
4448	1178
370	1179
2162	1180
5956	1181
1338	1182
1814	1183
6093	1184
2987	1185
42	1186
54	1187
971	1188
2537	1189
4862	1190
1945	1191
2855	1192
53	1193
645	1194
3046	1195
510	1196
3689	1197
5032	1198
255	1199
227	1200
770	1201
5174	1202
1455	1203
4109	1204
2280	1205
3030	1206
278	1207
1493	1208
131	1209
672	1210
4205	1211
3652	1212
393	1213
3006	1214
5892	1215
196	1216
651	1217
6163	1218
1007	1219
9	1220
15	1221
2079	1222
1946	1223
6272	1224
202	1225
2905	1226
3810	1227
3981	1228
380	1229
380	1230
1424	1231
4922	1232
67	1233
3772	1234
390	1235
2909	1236
693	1237
4046	1238
2571	1239
665	1240
1788	1241
4496	1242
5293	1243
5535	1244
6101	1245
141	1246
721	1247
2497	1248
660	1249
3678	1250
4501	1251
3107	1252
2752	1253
625	1254
2413	1255
986	1256
822	1257
4201	1258
577	1259
930	1260
34	1261
4082	1262
1258	1263
6246	1264
4332	1265
1860	1266
661	1267
408	1268
1525	1269
4060	1270
6077	1271
606	1272
5082	1273
1965	1274
1092	1275
102	1276
126	1277
1129	1278
700	1279
1113	1280
85	1281
1332	1282
4477	1283
7	1284
4268	1285
175	1286
1500	1287
23	1288
90	1289
23	1290
159	1291
71	1292
2	1293
2049	1294
705	1295
480	1296
1823	1297
1596	1298
989	1299
224	1300
3034	1301
233	1302
1774	1303
325	1304
6280	1305
4003	1306
815	1307
615	1308
3117	1309
1995	1310
5919	1311
321	1312
137	1313
170	1314
1617	1315
1	1316
1670	1317
3566	1318
2354	1319
2	1320
5664	1321
56	1322
340	1323
4921	1324
3698	1325
1887	1326
6194	1327
654	1328
4570	1329
1185	1330
4220	1331
1674	1332
1315	1333
2492	1334
5070	1335
6112	1336
2442	1337
4193	1338
5282	1339
2642	1340
163	1341
4366	1342
966	1343
1	1344
184	1345
5557	1346
3423	1347
388	1348
1994	1349
1657	1350
1377	1351
3187	1352
5990	1353
431	1354
5910	1355
5003	1356
3219	1357
1649	1358
369	1359
936	1360
98	1361
2133	1362
683	1363
178	1364
4116	1365
1588	1366
2690	1367
3530	1368
6	1369
1811	1370
1768	1371
249	1372
3043	1373
6278	1374
3702	1375
1253	1376
1195	1377
2088	1378
2239	1379
6042	1380
3334	1381
3081	1382
3690	1383
5469	1384
433	1385
2324	1386
2666	1387
345	1388
4857	1389
3859	1390
3989	1391
705	1392
3856	1393
1148	1394
5920	1395
3499	1396
355	1397
2601	1398
1161	1399
2731	1400
150	1401
2391	1402
1879	1403
768	1404
2089	1405
1585	1406
1573	1407
399	1408
3166	1409
3008	1410
552	1411
656	1412
666	1413
547	1414
1177	1415
1370	1416
3463	1417
5084	1418
1706	1419
210	1420
5824	1421
4354	1422
6153	1423
1489	1424
167	1425
3256	1426
1876	1427
2536	1428
1218	1429
4964	1430
5250	1431
4206	1432
187	1433
2729	1434
4238	1435
398	1436
90	1437
2236	1438
196	1439
4382	1440
6282	1441
267	1442
1880	1443
1264	1444
5119	1445
920	1446
58	1447
5455	1448
3298	1449
1586	1450
1512	1451
8	1452
5179	1453
2565	1454
5877	1455
1681	1456
4591	1457
4325	1458
771	1459
403	1460
1865	1461
3417	1462
3494	1463
5322	1464
1025	1465
1441	1466
2490	1467
1309	1468
557	1469
5280	1470
504	1471
778	1472
46	1473
10	1474
5403	1475
275	1476
1340	1477
374	1478
425	1479
568	1480
10	1481
4931	1482
10	1483
331	1484
1966	1485
199	1486
401	1487
158	1488
299	1489
2689	1490
69	1491
252	1492
10	1493
1452	1494
1127	1495
277	1496
290	1497
3675	1498
3493	1499
1772	1500
1699	1501
687	1502
1950	1503
33	1504
1007	1505
1094	1506
3184	1507
416	1508
4718	1509
29	1510
1846	1511
5176	1512
1532	1513
5548	1514
5900	1515
5314	1516
3435	1517
1686	1518
143	1519
79	1520
93	1521
290	1522
1294	1523
1075	1524
481	1525
788	1526
3722	1527
2889	1528
102	1529
1928	1530
243	1531
931	1532
690	1533
3	1534
5839	1535
1450	1536
19	1537
8	1538
152	1539
5139	1540
5589	1541
843	1542
2344	1543
294	1544
840	1545
137	1546
44	1547
1022	1548
1	1549
5	1550
4	1551
1552	1552
5709	1553
433	1554
3	1555
43	1556
867	1557
14	1558
44	1559
132	1560
24	1561
237	1562
1	1563
275	1564
3	1565
690	1566
5234	1567
2431	1568
2432	1569
3372	1570
1780	1571
1348	1572
767	1573
111	1574
6087	1575
3	1576
5898	1577
334	1578
6175	1579
1645	1580
2567	1581
1035	1582
52	1583
7	1584
1348	1585
2	1586
3610	1587
4009	1588
1816	1589
4661	1590
2260	1591
13	1592
2964	1593
5809	1594
3312	1595
5505	1596
908	1597
2842	1598
2495	1599
4641	1600
3544	1601
6122	1602
2350	1603
3780	1604
729	1605
4390	1606
1118	1607
1527	1608
1291	1609
4324	1610
1886	1611
3252	1612
6110	1613
19	1614
3956	1615
4333	1616
3785	1617
3582	1618
284	1619
1659	1620
4677	1621
4111	1622
4135	1623
2369	1624
1057	1625
1454	1626
3393	1627
202	1628
182	1629
1278	1630
3888	1631
4143	1632
1366	1633
2546	1634
14	1635
186	1636
1449	1637
1470	1638
4117	1639
2670	1640
701	1641
6136	1642
1556	1643
3669	1644
655	1645
5967	1646
5694	1647
242	1648
157	1649
4301	1650
816	1651
4560	1652
757	1653
3142	1654
6195	1655
3333	1656
742	1657
753	1658
1723	1659
692	1660
5783	1661
4006	1662
5356	1663
5308	1664
272	1665
1253	1666
70	1667
546	1668
6021	1669
46	1670
1896	1671
3354	1672
351	1673
156	1674
96	1675
338	1676
335	1677
5270	1678
1229	1679
5624	1680
4602	1681
65	1682
5012	1683
578	1684
540	1685
3022	1686
4157	1687
499	1688
2653	1689
555	1690
38	1691
797	1692
6116	1693
2680	1694
668	1695
3942	1696
2094	1697
514	1698
4842	1699
77	1700
4584	1701
3957	1702
18	1703
3141	1704
5604	1705
424	1706
5181	1707
67	1708
1662	1709
4860	1710
328	1711
755	1712
1992	1713
3027	1714
677	1715
4126	1716
6227	1717
6029	1718
4194	1719
2046	1720
821	1721
3283	1722
590	1723
690	1724
4228	1725
4451	1726
16	1727
3309	1728
5797	1729
5742	1730
6106	1731
4992	1732
1758	1733
96	1734
842	1735
348	1736
1814	1737
740	1738
5295	1739
456	1740
664	1741
406	1742
3457	1743
4202	1744
106	1745
1919	1746
1843	1747
4365	1748
1843	1749
1406	1750
762	1751
762	1752
5492	1753
974	1754
5552	1755
4022	1756
781	1757
1679	1758
815	1759
628	1760
3952	1761
2380	1762
778	1763
829	1764
1116	1765
3421	1766
3410	1767
5039	1768
578	1769
1319	1770
1479	1771
3477	1772
818	1773
5551	1774
4367	1775
4585	1776
4180	1777
16	1778
581	1779
5144	1780
1333	1781
3928	1782
196	1783
682	1784
5903	1785
4189	1786
3916	1787
1328	1788
59	1789
3155	1790
6065	1791
1748	1792
353	1793
2215	1794
353	1795
164	1796
2189	1797
438	1798
2866	1799
3909	1800
5634	1801
2341	1802
4139	1803
4138	1804
502	1805
1114	1806
1784	1807
627	1808
5198	1809
6287	1810
3795	1811
1411	1812
3380	1813
372	1814
4182	1815
250	1816
3362	1817
613	1818
649	1819
5483	1820
1821	1821
4683	1822
1873	1823
1604	1824
286	1825
458	1826
460	1827
5546	1828
6198	1829
2256	1830
81	1831
1903	1832
4362	1833
608	1834
308	1835
151	1836
187	1837
5780	1838
493	1839
3919	1840
4813	1841
2683	1842
2081	1843
1902	1844
117	1845
750	1846
718	1847
2363	1848
246	1849
1612	1850
677	1851
5140	1852
5020	1853
5658	1854
6128	1855
295	1856
6252	1857
3805	1858
3387	1859
379	1860
3947	1861
623	1862
2602	1863
195	1864
1733	1865
152	1866
2264	1867
4968	1868
2819	1869
1268	1870
4901	1871
1013	1872
947	1873
2150	1874
1459	1875
2476	1876
1797	1877
6274	1878
455	1879
1955	1880
336	1881
1062	1882
311	1883
3836	1884
4997	1885
195	1886
834	1887
4494	1888
1661	1889
6018	1890
1676	1891
4427	1892
4624	1893
5859	1894
750	1895
3965	1896
4799	1897
1811	1898
2097	1899
999	1900
1209	1901
3199	1902
5319	1903
1988	1904
1009	1905
2942	1906
2084	1907
1667	1908
2011	1909
761	1910
3279	1911
1900	1912
81	1913
2355	1914
5722	1915
2252	1916
1892	1917
1286	1918
1637	1919
3988	1920
22	1921
3747	1922
1391	1923
2501	1924
207	1925
5307	1926
1536	1927
250	1928
1416	1929
3750	1930
692	1931
37	1932
2706	1933
18	1934
1786	1935
15	1936
25	1937
541	1938
24	1939
2473	1940
6	1941
465	1942
1634	1943
522	1944
3673	1945
3660	1946
4702	1947
751	1948
1085	1949
247	1950
369	1951
2984	1952
653	1953
263	1954
694	1955
2170	1956
2439	1957
939	1958
323	1959
368	1960
5729	1961
191	1962
491	1963
3773	1964
1602	1965
51	1966
4406	1967
5133	1968
53	1969
5000	1970
13	1971
454	1972
1094	1973
4837	1974
1400	1975
50	1976
4493	1977
5720	1978
579	1979
539	1980
3811	1981
4188	1982
912	1983
1461	1984
141	1985
3306	1986
3409	1987
1109	1988
580	1989
2827	1990
443	1991
1304	1992
216	1993
1431	1994
4078	1995
540	1996
996	1997
1324	1998
4249	1999
1736	2000
1207	2001
3650	2002
2811	2003
4752	2004
4829	2005
1556	2006
5563	2007
175	2008
470	2009
3259	2010
322	2011
5212	2012
356	2013
699	2014
5490	2015
1609	2016
1840	2017
4481	2018
574	2019
29	2020
1619	2021
5913	2022
95	2023
4506	2024
3845	2025
2175	2026
3749	2027
112	2028
4891	2029
2673	2030
4970	2031
438	2032
49	2033
7	2034
1976	2035
93	2036
1567	2037
3162	2038
800	2039
1990	2040
1863	2041
5713	2042
708	2043
1757	2044
1499	2045
3129	2046
711	2047
1303	2048
396	2049
1091	2050
2952	2051
1249	2052
4446	2053
179	2054
326	2055
1016	2056
478	2057
3445	2058
5459	2059
293	2060
1325	2061
1776	2062
680	2063
253	2064
78	2065
5915	2066
1149	2067
2849	2068
85	2069
572	2070
84	2071
5195	2072
522	2073
81	2074
582	2075
175	2076
882	2077
84	2078
3761	2079
84	2080
173	2081
316	2082
237	2083
43	2084
3276	2085
1980	2086
42	2087
2329	2088
3336	2089
848	2090
859	2091
3230	2092
1658	2093
1535	2094
741	2095
1498	2096
84	2097
5585	2098
1701	2099
4410	2100
336	2101
5004	2102
124	2103
1866	2104
1172	2105
21	2106
3379	2107
700	2108
175	2109
556	2110
795	2111
2900	2112
5101	2113
313	2114
1401	2115
587	2116
405	2117
4295	2118
27	2119
469	2120
629	2121
4467	2122
5508	2123
5	2124
301	2125
1133	2126
1131	2127
605	2128
219	2129
516	2130
5464	2131
4021	2132
449	2133
59	2134
1425	2135
1182	2136
111	2137
470	2138
3825	2139
3321	2140
4071	2141
450	2142
5369	2143
1877	2144
515	2145
757	2146
4547	2147
961	2148
3479	2149
5573	2150
5097	2151
4449	2152
5861	2153
260	2154
2573	2155
217	2156
1120	2157
3414	2158
5550	2159
1096	2160
1714	2161
3813	2162
2856	2163
5431	2164
2117	2165
2016	2166
6124	2167
320	2168
443	2169
4800	2170
451	2171
331	2172
2130	2173
2734	2174
762	2175
540	2176
4928	2177
281	2178
1625	2179
5764	2180
1110	2181
723	2182
1048	2183
723	2184
324	2185
2563	2186
723	2187
1392	2188
693	2189
1949	2190
206	2191
4142	2192
1660	2193
5749	2194
1502	2195
3061	2196
5168	2197
654	2198
1419	2199
2237	2200
548	2201
1570	2202
5627	2203
4607	2204
1973	2205
1387	2206
6	2207
765	2208
705	2209
139	2210
304	2211
759	2212
562	2213
4806	2214
1359	2215
232	2216
3406	2217
309	2218
2555	2219
4396	2220
53	2221
123	2222
3160	2223
5065	2224
1134	2225
5405	2226
4876	2227
149	2228
38	2229
1882	2230
190	2231
5916	2232
599	2233
3234	2234
1803	2235
1202	2236
215	2237
1213	2238
238	2239
234	2240
1763	2241
4397	2242
112	2243
644	2244
387	2245
1712	2246
12	2247
836	2248
67	2249
5465	2250
5141	2251
5864	2252
314	2253
1925	2254
1576	2255
215	2256
118	2257
271	2258
289	2259
19	2260
339	2261
3324	2262
55	2263
1725	2264
155	2265
701	2266
1077	2267
1964	2268
3738	2269
531	2270
5669	2271
2367	2272
5118	2273
100	2274
1124	2275
522	2276
30	2277
4657	2278
1973	2279
689	2280
6012	2281
3125	2282
2430	2283
339	2284
15	2285
1701	2286
542	2287
2993	2288
619	2289
906	2290
519	2291
1429	2292
419	2293
4345	2294
186	2295
2775	2296
763	2297
1194	2298
2101	2299
2120	2300
1460	2301
744	2302
1888	2303
5088	2304
59	2305
1453	2306
1325	2307
158	2308
5878	2309
105	2310
1408	2311
532	2312
2223	2313
1342	2314
100	2315
1635	2316
1515	2317
1940	2318
64	2319
978	2320
544	2321
466	2322
675	2323
92	2324
153	2325
22	2326
4606	2327
1751	2328
2938	2329
408	2330
785	2331
1669	2332
907	2333
378	2334
6115	2335
495	2336
485	2337
4588	2338
153	2339
270	2340
6	2341
4625	2342
582	2343
2983	2344
1032	2345
759	2346
4174	2347
6022	2348
323	2349
36	2350
680	2351
1558	2352
1393	2353
3042	2354
2015	2355
560	2356
637	2357
5651	2358
314	2359
670	2360
248	2361
1357	2362
963	2363
2961	2364
5966	2365
335	2366
3196	2367
3624	2368
1553	2369
3844	2370
4499	2371
1695	2372
4538	2373
10	2374
1005	2375
816	2376
3987	2377
266	2378
181	2379
2711	2380
5856	2381
5587	2382
698	2383
3658	2384
475	2385
1883	2386
3193	2387
1086	2388
463	2389
446	2390
4092	2391
733	2392
779	2393
1103	2394
1950	2395
1403	2396
2850	2397
5279	2398
84	2399
3519	2400
155	2401
103	2402
4618	2403
26	2404
2076	2405
1700	2406
4491	2407
1428	2408
1502	2409
2822	2410
2647	2411
4883	2412
4405	2413
1626	2414
594	2415
1789	2416
1737	2417
2039	2418
5948	2419
1072	2420
1112	2421
1739	2422
21	2423
618	2424
6100	2425
296	2426
6293	2427
468	2428
242	2429
21	2430
81	2431
669	2432
1808	2433
297	2434
823	2435
1753	2436
1050	2437
31	2438
1071	2439
679	2440
86	2441
26	2442
5391	2443
1758	2444
57	2445
3227	2446
1924	2447
623	2448
4379	2449
475	2450
1274	2451
3537	2452
99	2453
97	2454
249	2455
1343	2456
2424	2457
1532	2458
40	2459
1255	2460
1420	2461
239	2462
3700	2463
250	2464
24	2465
3171	2466
4140	2467
1659	2468
3939	2469
1551	2470
3769	2471
1354	2472
1711	2473
4023	2474
1382	2475
1053	2476
4751	2477
1104	2478
5078	2479
782	2480
3291	2481
449	2482
6169	2483
4820	2484
6223	2485
167	2486
3366	2487
2772	2488
6238	2489
1691	2490
5186	2491
1024	2492
2737	2493
4893	2494
360	2495
4731	2496
153	2497
363	2498
3645	2499
781	2500
2693	2501
2020	2502
2618	2503
1181	2504
715	2505
362	2506
41	2507
783	2508
485	2509
1206	2510
194	2511
151	2512
113	2513
5242	2514
4945	2515
257	2516
252	2517
4634	2518
3144	2519
1655	2520
756	2521
856	2522
3307	2523
2801	2524
2031	2525
2283	2526
3350	2527
4385	2528
4319	2529
362	2530
2748	2531
4019	2532
44	2533
2	2534
3654	2535
4280	2536
1144	2537
5887	2538
377	2539
3887	2540
5397	2541
92	2542
51	2543
535	2544
307	2545
1476	2546
943	2547
130	2548
1043	2549
129	2550
262	2551
3522	2552
560	2553
895	2554
5113	2555
3342	2556
1093	2557
1928	2558
2258	2559
3019	2560
3305	2561
5514	2562
4504	2563
5324	2564
138	2565
4864	2566
904	2567
1024	2568
2574	2569
4859	2570
6186	2571
436	2572
5018	2573
588	2574
3872	2575
616	2576
487	2577
2626	2578
5284	2579
5393	2580
2417	2581
2644	2582
1849	2583
1196	2584
1673	2585
5641	2586
4967	2587
1673	2588
2160	2589
1776	2590
2370	2591
4635	2592
76	2593
75	2594
5199	2595
4682	2596
2674	2597
2860	2598
4983	2599
3726	2600
594	2601
1729	2602
5260	2603
2249	2604
4984	2605
4336	2606
5642	2607
1969	2608
5115	2609
2371	2610
5846	2611
5592	2612
5804	2613
2915	2614
6099	2615
1602	2616
1648	2617
4171	2618
5571	2619
5922	2620
4377	2621
5850	2622
2700	2623
4260	2624
3282	2625
1014	2626
647	2627
3525	2628
1755	2629
665	2630
1827	2631
1201	2632
3226	2633
1375	2634
65	2635
412	2636
3488	2637
1115	2638
13	2639
1713	2640
1542	2641
94	2642
94	2643
4212	2644
5938	2645
1855	2646
3636	2647
519	2648
1951	2649
1456	2650
1735	2651
1405	2652
3278	2653
224	2654
5126	2655
5506	2656
519	2657
498	2658
2029	2659
614	2660
6240	2661
766	2662
1901	2663
2732	2664
469	2665
1062	2666
6025	2667
1634	2668
187	2669
5177	2670
4495	2671
2144	2672
2436	2673
4457	2674
2712	2675
160	2676
2664	2677
682	2678
1664	2679
239	2680
972	2681
730	2682
505	2683
226	2684
1855	2685
4	2686
1539	2687
4330	2688
1815	2689
663	2690
423	2691
248	2692
854	2693
583	2694
148	2695
5987	2696
336	2697
11	2698
4	2699
393	2700
1888	2701
233	2702
5364	2703
1290	2704
1290	2705
558	2706
107	2707
3002	2708
1464	2709
3163	2710
8	2711
2198	2712
2230	2713
484	2714
320	2715
6057	2716
154	2717
1578	2718
5973	2719
2992	2720
1555	2721
2317	2722
923	2723
6	2724
2816	2725
1	2726
4	2727
2	2728
6	2729
4	2730
5649	2731
5717	2732
459	2733
6009	2734
1282	2735
4221	2736
297	2737
1	2738
4	2739
1019	2740
3326	2741
75	2742
5230	2743
4802	2744
3578	2745
5102	2746
5848	2747
545	2748
5538	2749
638	2750
936	2751
992	2752
209	2753
4746	2754
3912	2755
670	2756
5137	2757
201	2758
932	2759
2125	2760
473	2761
387	2762
79	2763
4329	2764
1804	2765
698	2766
21	2767
4880	2768
492	2769
298	2770
1189	2771
4747	2772
3797	2773
294	2774
1935	2775
2426	2776
3031	2777
4364	2778
1356	2779
1608	2780
5912	2781
178	2782
121	2783
2	2784
332	2785
1984	2786
2220	2787
74	2788
1359	2789
95	2790
132	2791
3	2792
4282	2793
315	2794
282	2795
4577	2796
5537	2797
4076	2798
4300	2799
4666	2800
441	2801
14	2802
4706	2803
520	2804
150	2805
1224	2806
5358	2807
6199	2808
103	2809
4	2810
488	2811
565	2812
2421	2813
4347	2814
1237	2815
25	2816
350	2817
4652	2818
14	2819
4099	2820
3195	2821
6039	2822
123	2823
2278	2824
1807	2825
843	2826
2994	2827
229	2828
2211	2829
891	2830
4061	2831
4978	2832
2479	2833
3096	2834
2818	2835
2936	2836
952	2837
437	2838
14	2839
1036	2840
110	2841
4380	2842
2262	2843
137	2844
14	2845
3	2846
713	2847
2247	2848
2105	2849
5451	2850
3404	2851
1705	2852
194	2853
1298	2854
311	2855
2115	2856
1748	2857
539	2858
2259	2859
1541	2860
5534	2861
4874	2862
667	2863
375	2864
464	2865
4819	2866
4372	2867
1420	2868
5496	2869
5601	2870
64	2871
3491	2872
5203	2873
27	2874
2985	2875
176	2876
1371	2877
585	2878
602	2879
570	2880
1449	2881
3098	2882
221	2883
4161	2884
3115	2885
2251	2886
66	2887
490	2888
499	2889
3513	2890
492	2891
906	2892
6016	2893
4807	2894
539	2895
836	2896
846	2897
3898	2898
2002	2899
529	2900
2716	2901
1746	2902
5632	2903
5076	2904
1143	2905
5215	2906
2968	2907
3244	2908
3771	2909
345	2910
1986	2911
2899	2912
1920	2913
1179	2914
193	2915
3245	2916
5640	2917
1959	2918
697	2919
517	2920
1244	2921
1	2922
3884	2923
4381	2924
14	2925
4985	2926
132	2927
3	2928
686	2929
1116	2930
3828	2931
3048	2932
2629	2933
1378	2934
1335	2935
752	2936
552	2937
324	2938
1171	2939
1554	2940
264	2941
5788	2942
3131	2943
5801	2944
1636	2945
62	2946
1620	2947
624	2948
1514	2949
1696	2950
793	2951
4197	2952
4872	2953
907	2954
737	2955
3398	2956
749	2957
5996	2958
2021	2959
487	2960
3787	2961
1505	2962
318	2963
2636	2964
402	2965
1	2966
4269	2967
576	2968
4748	2969
2570	2970
1812	2971
202	2972
3945	2973
886	2974
375	2975
298	2976
486	2977
183	2978
104	2979
1954	2980
303	2981
448	2982
118	2983
1740	2984
162	2985
503	2986
2164	2987
2662	2988
1250	2989
1646	2990
2002	2991
409	2992
177	2993
50	2994
3622	2995
2766	2996
6266	2997
3456	2998
1252	2999
5767	3000
2874	3001
385	3002
192	3003
3469	3004
850	3005
452	3006
1932	3007
4675	3008
1286	3009
1831	3010
1295	3011
5498	3012
17	3013
9	3014
1228	3015
896	3016
4008	3017
11	3018
2203	3019
999	3020
5826	3021
2478	3022
4619	3023
622	3024
2087	3025
2035	3026
165	3027
1522	3028
919	3029
3325	3030
2100	3031
151	3032
823	3033
4050	3034
1738	3035
1756	3036
1018	3037
427	3038
810	3039
6	3040
862	3041
156	3042
15	3043
655	3044
3538	3045
251	3046
130	3047
4469	3048
771	3049
152	3050
88	3051
446	3052
1540	3053
1197	3054
2800	3055
383	3056
222	3057
157	3058
1486	3059
6273	3060
612	3061
639	3062
4982	3063
1415	3064
546	3065
66	3066
162	3067
7	3068
6	3069
1	3070
966	3071
120	3072
2202	3073
4913	3074
1447	3075
4042	3076
608	3077
3490	3078
68	3079
6024	3080
1637	3081
83	3082
122	3083
3552	3084
651	3085
1919	3086
1645	3087
3341	3088
5248	3089
1982	3090
1731	3091
5457	3092
402	3093
2389	3094
649	3095
574	3096
147	3097
5532	3098
596	3099
4778	3100
3319	3101
2141	3102
4729	3103
1364	3104
4081	3105
1355	3106
4638	3107
1028	3108
732	3109
1089	3110
1716	3111
370	3112
411	3113
1596	3114
6197	3115
1938	3116
784	3117
2423	3118
1246	3119
798	3120
820	3121
580	3122
1117	3123
189	3124
5050	3125
2551	3126
1158	3127
4423	3128
3220	3129
62	3130
3835	3131
5157	3132
5625	3133
634	3134
5524	3135
259	3136
1844	3137
3940	3138
5543	3139
5693	3140
4612	3141
40	3142
16	3143
2456	3144
5544	3145
3758	3146
240	3147
4339	3148
692	3149
2032	3150
1799	3151
1799	3152
3198	3153
1146	3154
260	3155
1022	3156
4198	3157
398	3158
2957	3159
1603	3160
1665	3161
1055	3162
1924	3163
4308	3164
6176	3165
2677	3166
922	3167
5083	3168
3746	3169
162	3170
1773	3171
753	3172
921	3173
5738	3174
5104	3175
1497	3176
5290	3177
257	3178
1548	3179
2352	3180
5205	3181
303	3182
4219	3183
179	3184
3975	3185
2024	3186
3998	3187
36	3188
1127	3189
5501	3190
1770	3191
177	3192
1892	3193
990	3194
2422	3195
570	3196
3053	3197
4755	3198
1967	3199
1664	3200
161	3201
4026	3202
247	3203
178	3204
1105	3205
4680	3206
724	3207
5542	3208
1145	3209
5989	3210
113	3211
4462	3212
3311	3213
640	3214
5930	3215
1795	3216
1557	3217
5629	3218
773	3219
1722	3220
4108	3221
2628	3222
1719	3223
2708	3224
2824	3225
3208	3226
5814	3227
5909	3228
835	3229
5847	3230
2637	3231
2372	3232
1159	3233
1211	3234
2475	3235
4505	3236
5346	3237
1297	3238
1099	3239
1463	3240
238	3241
721	3242
1554	3243
1106	3244
417	3245
1505	3246
512	3247
5860	3248
3376	3249
4760	3250
4952	3251
138	3252
1594	3253
4285	3254
1104	3255
361	3256
4828	3257
3668	3258
1785	3259
3800	3260
3765	3261
193	3262
668	3263
49	3264
3971	3265
715	3266
1042	3267
2165	3268
1265	3269
76	3270
4840	3271
2274	3272
1130	3273
1840	3274
5271	3275
4478	3276
2890	3277
1128	3278
3085	3279
2826	3280
6030	3281
172	3282
5256	3283
228	3284
3215	3285
3842	3286
127	3287
802	3288
5441	3289
2953	3290
147	3291
228	3292
205	3293
182	3294
3934	3295
2244	3296
5702	3297
5191	3298
1550	3299
74	3300
397	3301
168	3302
3900	3303
2807	3304
4411	3305
3573	3306
6289	3307
3814	3308
410	3309
5002	3310
1913	3311
2047	3312
437	3313
3967	3314
2242	3315
2533	3316
2871	3317
954	3318
193	3319
4474	3320
41	3321
9	3322
5350	3323
1597	3324
2610	3325
5473	3326
1414	3327
1258	3328
4961	3329
2176	3330
3559	3331
2986	3332
2897	3333
1051	3334
658	3335
3150	3336
386	3337
2587	3338
391	3339
864	3340
961	3341
1837	3342
4688	3343
4805	3344
536	3345
4154	3346
2833	3347
1434	3348
37	3349
75	3350
2948	3351
2310	3352
23	3353
5349	3354
4444	3355
144	3356
2118	3357
2059	3358
3097	3359
1230	3360
1768	3361
3143	3362
1504	3363
1742	3364
8	3365
92	3366
3655	3367
1683	3368
1358	3369
3	3370
102	3371
4498	3372
4294	3373
6034	3374
106	3375
1819	3376
5499	3377
8	3378
16	3379
3487	3380
38	3381
3242	3382
636	3383
1905	3384
3642	3385
407	3386
301	3387
3876	3388
1844	3389
837	3390
6	3391
1032	3392
567	3393
3609	3394
421	3395
3874	3396
928	3397
172	3398
5511	3399
518	3400
5841	3401
1755	3402
4057	3403
4623	3404
1054	3405
4812	3406
3993	3407
639	3408
29	3409
6131	3410
1597	3411
244	3412
719	3413
198	3414
559	3415
5152	3416
3651	3417
447	3418
1308	3419
6264	3420
338	3421
696	3422
5765	3423
26	3424
197	3425
740	3426
5517	3427
2998	3428
1055	3429
3653	3430
366	3431
92	3432
212	3433
4	3434
37	3435
4185	3436
124	3437
4977	3438
1871	3439
335	3440
2562	3441
696	3442
5810	3443
1575	3444
1371	3445
1333	3446
4695	3447
1264	3448
5576	3449
1576	3450
2070	3451
745	3452
4822	3453
6247	3454
384	3455
1817	3456
241	3457
2639	3458
5630	3459
5474	3460
48	3461
4417	3462
3044	3463
3705	3464
534	3465
3101	3466
969	3467
2267	3468
63	3469
413	3470
140	3471
1686	3472
2599	3473
35	3474
939	3475
1740	3476
1785	3477
4593	3478
3593	3479
1088	3480
711	3481
2603	3482
3781	3483
1527	3484
700	3485
4787	3486
935	3487
5089	3488
1500	3489
4441	3490
3265	3491
787	3492
2383	3493
2810	3494
1958	3495
89	3496
3083	3497
3665	3498
1698	3499
4709	3500
5622	3501
2447	3502
1229	3503
4160	3504
1296	3505
2459	3506
1	3507
47	3508
5477	3509
129	3510
155	3511
25	3512
144	3513
1632	3514
760	3515
357	3516
2814	3517
277	3518
761	3519
599	3520
1574	3521
1079	3522
3211	3523
2675	3524
2830	3525
142	3526
4063	3527
4639	3528
413	3529
900	3530
1906	3531
146	3532
1894	3533
57	3534
4279	3535
3314	3536
546	3537
5794	3538
4113	3539
890	3540
312	3541
4914	3542
1592	3543
6281	3544
4323	3545
3233	3546
100	3547
768	3548
5697	3549
130	3550
5239	3551
1252	3552
1727	3553
765	3554
172	3555
1157	3556
1084	3557
2114	3558
493	3559
2718	3560
3630	3561
4371	3562
6134	3563
5245	3564
6221	3565
5066	3566
726	3567
5208	3568
444	3569
4955	3570
5443	3571
1739	3572
1263	3573
346	3574
2060	3575
3272	3576
330	3577
1945	3578
332	3579
5231	3580
777	3581
1427	3582
691	3583
1430	3584
1471	3585
4561	3586
1173	3587
1173	3588
830	3589
2656	3590
4636	3591
8	3592
3581	3593
3450	3594
2306	3595
5947	3596
4990	3597
5831	3598
4084	3599
5034	3600
4359	3601
422	3602
4801	3603
2416	3604
5582	3605
74	3606
5840	3607
5442	3608
5021	3609
10	3610
2014	3611
1111	3612
165	3613
4701	3614
5710	3615
4609	3616
3548	3617
276	3618
3029	3619
5743	3620
4553	3621
10	3622
1697	3623
430	3624
5175	3625
5056	3626
4453	3627
5768	3628
610	3629
421	3630
2980	3631
5493	3632
2463	3633
6084	3634
600	3635
3930	3636
4809	3637
4065	3638
1649	3639
736	3640
5675	3641
5615	3642
259	3643
232	3644
3293	3645
1685	3646
4316	3647
4539	3648
5970	3649
1453	3650
5059	3651
1192	3652
2083	3653
4342	3654
593	3655
2688	3656
1473	3657
3621	3658
1678	3659
324	3660
596	3661
4960	3662
1683	3663
1830	3664
2883	3665
76	3666
76	3667
15	3668
4988	3669
300	3670
3094	3671
2705	3672
973	3673
1490	3674
1565	3675
893	3676
5072	3677
6092	3678
3296	3679
5997	3680
1459	3681
3931	3682
847	3683
3925	3684
5981	3685
1448	3686
609	3687
4660	3688
4475	3689
191	3690
5959	3691
5108	3692
2099	3693
3104	3694
528	3695
5770	3696
218	3697
2581	3698
672	3699
276	3700
2408	3701
3149	3702
6052	3703
25	3704
425	3705
3883	3706
3241	3707
1506	3708
5645	3709
640	3710
1965	3711
6220	3712
1805	3713
4507	3714
6214	3715
709	3716
5223	3717
2696	3718
1619	3719
64	3720
1185	3721
1082	3722
3118	3723
2433	3724
502	3725
5654	3726
1881	3727
666	3728
1181	3729
4326	3730
2893	3731
6058	3732
3724	3733
5401	3734
5657	3735
1143	3736
4450	3737
5323	3738
5178	3739
6076	3740
2007	3741
6177	3742
5048	3743
1690	3744
476	3745
476	3746
2381	3747
6279	3748
389	3749
1670	3750
3374	3751
3182	3752
1523	3753
1372	3754
235	3755
846	3756
1546	3757
4711	3758
1083	3759
1187	3760
4740	3761
28	3762
4247	3763
109	3764
1996	3765
946	3766
1117	3767
10	3768
6069	3769
147	3770
1270	3771
343	3772
276	3773
112	3774
10	3775
752	3776
3592	3777
3344	3778
4529	3779
36	3780
2038	3781
1313	3782
6089	3783
881	3784
5952	3785
2340	3786
115	3787
10	3788
1952	3789
3808	3790
3966	3791
1703	3792
2802	3793
10	3794
943	3795
1243	3796
2455	3797
276	3798
1079	3799
87	3800
1243	3801
108	3802
549	3803
5955	3804
169	3805
70	3806
3268	3807
1726	3808
3079	3809
4331	3810
1775	3811
405	3812
1395	3813
5211	3814
4770	3815
169	3816
3156	3817
1711	3818
5584	3819
2726	3820
349	3821
468	3822
1922	3823
1337	3824
39	3825
4869	3826
3520	3827
425	3828
1606	3829
4881	3830
5771	3831
5216	3832
1861	3833
679	3834
4322	3835
5042	3836
317	3837
776	3838
2108	3839
591	3840
3330	3841
370	3842
2498	3843
230	3844
5448	3845
5087	3846
3403	3847
758	3848
2398	3849
4647	3850
1002	3851
448	3852
2848	3853
154	3854
6048	3855
1391	3856
2356	3857
3448	3858
1857	3859
6072	3860
1784	3861
5616	3862
2323	3863
198	3864
358	3865
106	3866
1254	3867
4644	3868
693	3869
5844	3870
1288	3871
2486	3872
510	3873
1298	3874
2858	3875
795	3876
35	3877
141	3878
330	3879
1864	3880
831	3881
759	3882
1545	3883
1964	3884
4940	3885
1728	3886
4796	3887
2364	3888
2763	3889
1569	3890
1478	3891
605	3892
185	3893
3134	3894
367	3895
1059	3896
5064	3897
6291	3898
490	3899
814	3900
760	3901
1708	3902
4227	3903
4830	3904
2650	3905
4473	3906
6046	3907
4981	3908
6097	3909
1991	3910
230	3911
2845	3912
5130	3913
548	3914
354	3915
1910	3916
2875	3917
219	3918
4794	3919
232	3920
3913	3921
1422	3922
216	3923
952	3924
949	3925
1129	3926
4783	3927
2227	3928
1422	3929
2153	3930
5796	3931
2837	3932
1262	3933
2554	3934
611	3935
1978	3936
2054	3937
3455	3938
2200	3939
2313	3940
732	3941
2755	3942
839	3943
6244	3944
1937	3945
844	3946
1933	3947
6255	3948
1220	3949
1100	3950
780	3951
300	3952
2257	3953
4086	3954
5805	3955
177	3956
440	3957
1242	3958
3728	3959
2774	3960
296	3961
800	3962
341	3963
3692	3964
4545	3965
5142	3966
8	3967
8	3968
772	3969
728	3970
1168	3971
1168	3972
6038	3973
565	3974
5776	3975
11	3976
330	3977
4341	3978
84	3979
2214	3980
137	3981
475	3982
70	3983
66	3984
1582	3985
1487	3986
197	3987
6284	3988
1707	3989
4573	3990
282	3991
119	3992
4692	3993
5291	3994
4861	3995
236	3996
2	3997
4510	3998
122	3999
3841	4000
4246	4001
1154	4002
5371	4003
284	4004
3915	4005
5	4006
5	4007
5	4008
5	4009
3682	4010
1341	4011
890	4012
5213	4013
3809	4014
3095	4015
863	4016
46	4017
5100	4018
2346	4019
632	4020
624	4021
763	4022
265	4023
3003	4024
5303	4025
794	4026
96	4027
794	4028
4730	4029
970	4030
96	4031
4357	4032
2785	4033
671	4034
4274	4035
3303	4036
6215	4037
234	4038
582	4039
1865	4040
4855	4041
1787	4042
317	4043
2404	4044
5870	4045
1818	4046
6213	4047
4754	4048
3317	4049
3576	4050
536	4051
5	4052
324	4053
4	4054
4578	4055
4020	4056
37	4057
2502	4058
717	4059
1538	4060
696	4061
1684	4062
2071	4063
204	4064
5566	4065
1271	4066
1998	4067
66	4068
5348	4069
2524	4070
3388	4071
5274	4072
585	4073
4284	4074
299	4075
124	4076
143	4077
1107	4078
463	4079
755	4080
5261	4081
275	4082
102	4083
402	4084
55	4085
1766	4086
7	4087
44	4088
4571	4089
779	4090
2231	4091
5941	4092
1282	4093
4040	4094
1976	4095
86	4096
122	4097
44	4098
66	4099
2022	4100
4	4101
3	4102
2	4103
4936	4104
1376	4105
2425	4106
2	4107
4780	4108
434	4109
3977	4110
69	4111
4158	4112
5262	4113
1804	4114
4537	4115
141	4116
4	4117
222	4118
1073	4119
6075	4120
628	4121
2725	4122
21	4123
25	4124
89	4125
4425	4126
161	4127
3574	4128
708	4129
5724	4130
2449	4131
812	4132
1426	4133
1653	4134
1537	4135
77	4136
1689	4137
4346	4138
60	4139
2311	4140
7	4141
4703	4142
34	4143
5006	4144
3	4145
56	4146
20	4147
1402	4148
5120	4149
722	4150
1460	4151
2823	4152
2265	4153
633	4154
371	4155
2671	4156
547	4157
3540	4158
760	4159
6157	4160
1080	4161
2458	4162
2103	4163
1017	4164
1450	4165
4210	4166
373	4167
1977	4168
327	4169
1810	4170
2374	4171
1530	4172
773	4173
1732	4174
9	4175
684	4176
2224	4177
4885	4178
3287	4179
849	4180
3433	4181
2667	4182
977	4183
4245	4184
5228	4185
51	4186
1095	4187
4035	4188
330	4189
1239	4190
1331	4191
79	4192
1436	4193
4242	4194
445	4195
4428	4196
2740	4197
2654	4198
2797	4199
2757	4200
2996	4201
4611	4202
3556	4203
6261	4204
4517	4205
3080	4206
3064	4207
2331	4208
1478	4209
3585	4210
2960	4211
524	4212
884	4213
5462	4214
3026	4215
3351	4216
163	4217
3370	4218
5567	4219
125	4220
2560	4221
1763	4222
5096	4223
5	4224
1186	4225
4950	4226
1204	4227
2721	4228
47	4229
3950	4230
3332	4231
6210	4232
3068	4233
1720	4234
4912	4235
1276	4236
1047	4237
5258	4238
3733	4239
3812	4240
4563	4241
825	4242
4486	4243
5354	4244
4	4245
2	4246
1542	4247
680	4248
1064	4249
3039	4250
378	4251
5678	4252
2625	4253
2632	4254
1622	4255
122	4256
6184	4257
5896	4258
1651	4259
493	4260
2304	4261
4203	4262
156	4263
6019	4264
1369	4265
856	4266
4234	4267
78	4268
264	4269
1651	4270
4782	4271
3028	4272
5594	4273
1380	4274
714	4275
78	4276
2328	4277
1508	4278
2314	4279
6	4280
399	4281
3789	4282
4412	4283
1533	4284
1539	4285
65	4286
2542	4287
5507	4288
432	4289
903	4290
2228	4291
588	4292
3346	4293
1738	4294
209	4295
662	4296
3735	4297
139	4298
4824	4299
1215	4300
3461	4301
1626	4302
39	4303
22	4304
1832	4305
3613	4306
1126	4307
1151	4308
238	4309
1310	4310
3853	4311
70	4312
2898	4313
365	4314
714	4315
6158	4316
1182	4317
4072	4318
2254	4319
1154	4320
3815	4321
381	4322
2386	4323
3830	4324
3767	4325
583	4326
1521	4327
2920	4328
988	4329
217	4330
4762	4331
3495	4332
5058	4333
2657	4334
3799	4335
1415	4336
4012	4337
3390	4338
3120	4339
6045	4340
2978	4341
2159	4342
58	4343
779	4344
1880	4345
2956	4346
878	4347
142	4348
73	4349
353	4350
111	4351
553	4352
1146	4353
3210	4354
3189	4355
3986	4356
3174	4357
5189	4358
4540	4359
334	4360
5417	4361
3604	4362
5531	4363
344	4364
1138	4365
1661	4366
229	4367
7	4368
5380	4369
685	4370
256	4371
586	4372
799	4373
2616	4374
1577	4375
1805	4376
151	4377
768	4378
1221	4379
30	4380
4502	4381
5251	4382
630	4383
1968	4384
5400	4385
1369	4386
1164	4387
840	4388
1851	4389
1	4390
2147	4391
4392	4392
720	4393
35	4394
8	4395
551	4396
595	4397
1749	4398
140	4399
3359	4400
261	4401
5820	4402
3261	4403
5	4404
5923	4405
5497	4406
2949	4407
123	4408
4892	4409
745	4410
3437	4411
257	4412
6073	4413
614	4414
190	4415
4208	4416
359	4417
1847	4418
5299	4419
125	4420
3228	4421
1360	4422
1152	4423
91	4424
698	4425
4262	4426
316	4427
1533	4428
3248	4429
1741	4430
208	4431
4252	4432
3788	4433
1034	4434
395	4435
5339	4436
454	4437
5334	4438
4704	4439
5725	4440
5586	4441
95	4442
1891	4443
3253	4444
4954	4445
4052	4446
710	4447
6120	4448
5858	4449
4223	4450
1392	4451
1020	4452
2703	4453
2778	4454
2951	4455
2863	4456
2033	4457
625	4458
4907	4459
261	4460
4536	4461
3277	4462
3595	4463
3611	4464
148	4465
4995	4466
142	4467
6171	4468
3177	4469
289	4470
751	4471
4297	4472
386	4473
2053	4474
45	4475
1186	4476
588	4477
1753	4478
2196	4479
5680	4480
5438	4481
1257	4482
1195	4483
5374	4484
513	4485
5718	4486
421	4487
777	4488
1069	4489
5061	4490
380	4491
1219	4492
2578	4493
3300	4494
916	4495
483	4496
2000	4497
612	4498
4643	4499
5838	4500
1816	4501
1760	4502
2594	4503
5353	4504
143	4505
100	4506
1488	4507
1488	4508
2001	4509
1065	4510
5053	4511
43	4512
163	4513
3249	4514
250	4515
319	4516
427	4517
23	4518
4440	4519
4766	4520
5906	4521
3829	4522
43	4523
1912	4524
5822	4525
2080	4526
183	4527
726	4528
885	4529
153	4530
4398	4531
290	4532
4426	4533
554	4534
24	4535
4947	4536
911	4537
3963	4538
4935	4539
1066	4540
412	4541
598	4542
155	4543
602	4544
1480	4545
948	4546
5452	4547
94	4548
1155	4549
3088	4550
2606	4551
653	4552
207	4553
6174	4554
147	4555
4093	4556
3345	4557
1922	4558
2305	4559
3847	4560
43	4561
1485	4562
326	4563
5219	4564
1	4565
1713	4566
4	4567
15	4568
3050	4569
3172	4570
1373	4571
4487	4572
717	4573
1	4574
141	4575
1357	4576
4951	4577
146	4578
3269	4579
2	4580
1376	4581
6161	4582
394	4583
5907	4584
5751	4585
3672	4586
507	4587
3179	4588
755	4589
2471	4590
5478	4591
6096	4592
1510	4593
208	4594
22	4595
63	4596
255	4597
686	4598
5125	4599
5267	4600
2776	4601
6201	4602
40	4603
181	4604
1793	4605
231	4606
253	4607
10	4608
1624	4609
1122	4610
354	4611
858	4612
1769	4613
5885	4614
5523	4615
5123	4616
4608	4617
4804	4618
2685	4619
1078	4620
2135	4621
1514	4622
1305	4623
5672	4624
695	4625
6	4626
5795	4627
2660	4628
6250	4629
88	4630
2635	4631
1338	4632
6137	4633
6017	4634
811	4635
2621	4636
4630	4637
1234	4638
4115	4639
1921	4640
150	4641
1095	4642
14	4643
1526	4644
5384	4645
3	4646
1971	4647
6062	4648
569	4649
472	4650
55	4651
6263	4652
6268	4653
557	4654
658	4655
3205	4656
6055	4657
4199	4658
3904	4659
3792	4660
1479	4661
1059	4662
5383	4663
905	4664
617	4665
543	4666
859	4667
4490	4668
95	4669
724	4670
1101	4671
3563	4672
555	4673
1365	4674
4415	4675
805	4676
289	4677
2937	4678
26	4679
3778	4680
121	4681
904	4682
550	4683
702	4684
108	4685
642	4686
1137	4687
853	4688
5854	4689
5169	4690
1864	4691
1315	4692
868	4693
5449	4694
4278	4695
5842	4696
2971	4697
23	4698
544	4699
4391	4700
6129	4701
3782	4702
48	4703
56	4704
273	4705
336	4706
3943	4707
266	4708
4579	4709
1745	4710
599	4711
1652	4712
9	4713
1978	4714
22	4715
1123	4716
684	4717
1958	4718
691	4719
1413	4720
1347	4721
1848	4722
90	4723
1	4724
1	4725
154	4726
4	4727
46	4728
4167	4729
3734	4730
657	4731
3708	4732
1827	4733
1677	4734
1384	4735
1894	4736
318	4737
3995	4738
3869	4739
4789	4740
4523	4741
1402	4742
3062	4743
3356	4744
537	4745
3110	4746
3275	4747
1575	4748
6202	4749
1039	4750
4131	4751
2692	4752
1885	4753
3659	4754
3153	4755
894	4756
1388	4757
1775	4758
237	4759
3727	4760
1654	4761
667	4762
5030	4763
5180	4764
2173	4765
2312	4766
4353	4767
516	4768
1373	4769
5578	4770
3640	4771
4404	4772
1418	4773
1113	4774
1163	4775
2906	4776
791	4777
2780	4778
1947	4779
1309	4780
395	4781
2025	4782
2668	4783
91	4784
4216	4785
4432	4786
471	4787
4328	4788
396	4789
277	4790
1852	4791
666	4792
597	4793
1908	4794
743	4795
3203	4796
284	4797
3948	4798
558	4799
199	4800
575	4801
223	4802
892	4803
2400	4804
602	4805
291	4806
2126	4807
5917	4808
5232	4809
5905	4810
1159	4811
129	4812
1362	4813
4069	4814
3638	4815
4356	4816
283	4817
3742	4818
295	4819
229	4820
1719	4821
1953	4822
564	4823
3066	4824
614	4825
1721	4826
2366	4827
41	4828
5827	4829
31	4830
635	4831
926	4832
78	4833
86	4834
880	4835
4101	4836
5728	4837
4902	4838
524	4839
416	4840
6243	4841
1698	4842
694	4843
120	4844
460	4845
695	4846
1985	4847
4034	4848
3565	4849
341	4850
1867	4851
615	4852
1524	4853
3389	4854
566	4855
390	4856
6270	4857
1757	4858
1997	4859
4717	4860
1061	4861
86	4862
4776	4863
1187	4864
352	4865
5145	4866
4927	4867
3643	4868
5040	4869
852	4870
621	4871
1618	4872
5541	4873
4463	4874
3697	4875
4416	4876
2844	4877
575	4878
77	4879
4906	4880
453	4881
2	4882
2065	4883
870	4884
3007	4885
1590	4886
3074	4887
3451	4888
3	4889
5901	4890
132	4891
4183	4892
82	4893
453	4894
453	4895
2695	4896
3	4897
1601	4898
120	4899
3	4900
4403	4901
52	4902
430	4903
4973	4904
1640	4905
2923	4906
1833	4907
5559	4908
1603	4909
5862	4910
5597	4911
342	4912
5874	4913
166	4914
5074	4915
2491	4916
4	4917
1654	4918
4946	4919
404	4920
4253	4921
4926	4922
6183	4923
313	4924
4764	4925
6088	4926
2853	4927
2250	4928
6094	4929
1236	4930
567	4931
3335	4932
2550	4933
6164	4934
877	4935
3237	4936
6226	4937
3069	4938
3247	4939
4089	4940
18	4941
154	4942
4669	4943
1538	4944
1238	4945
1417	4946
2743	4947
1283	4948
626	4949
338	4950
5407	4951
1203	4952
243	4953
4320	4954
5904	4955
4145	4956
2042	4957
1808	4958
5027	4959
2787	4960
4165	4961
4808	4962
1783	4963
1511	4964
279	4965
675	4966
1474	4967
5937	4968
4018	4969
4484	4970
3864	4971
4716	4972
1667	4973
3352	4974
5057	4975
5583	4976
2238	4977
1724	4978
190	4979
1993	4980
351	4981
4814	4982
4534	4983
649	4984
2082	4985
1078	4986
3968	4987
575	4988
4933	4989
365	4990
2576	4991
743	4992
2199	4993
333	4994
1374	4995
305	4996
5823	4997
2167	4998
1901	4999
1754	5000
1868	5001
739	5002
2376	5003
5995	5004
3674	5005
291	5006
343	5007
4996	5008
1198	5009
877	5010
3167	5011
828	5012
2136	5013
1241	5014
2477	5015
5221	5016
1110	5017
1041	5018
2069	5019
4389	5020
554	5021
297	5022
4670	5023
1306	5024
2832	5025
4321	5026
274	5027
265	5028
4868	5029
4077	5030
42	5031
868	5032
3886	5033
638	5034
2557	5035
5696	5036
2296	5037
3442	5038
741	5039
4169	5040
25	5041
685	5042
891	5043
150	5044
5781	5045
1795	5046
3514	5047
3260	5048
1321	5049
115	5050
5238	5051
963	5052
4277	5053
2192	5054
1161	5055
2728	5056
659	5057
3148	5058
5928	5059
1729	5060
145	5061
61	5062
322	5063
626	5064
803	5065
3597	5066
3766	5067
1771	5068
1837	5069
5731	5070
236	5071
5685	5072
1293	5073
1782	5074
5934	5075
736	5076
4580	5077
987	5078
35	5079
5092	5080
36	5081
1863	5082
442	5083
2066	5084
2360	5085
1437	5086
908	5087
2665	5088
4361	5089
3806	5090
2630	5091
6265	5092
2514	5093
1946	5094
1445	5095
1495	5096
2320	5097
3132	5098
1068	5099
1878	5100
775	5101
438	5102
5015	5103
1437	5104
1859	5105
39	5106
3254	5107
5944	5108
884	5109
4614	5110
5786	5111
3274	5112
120	5113
2407	5114
6081	5115
108	5116
108	5117
2452	5118
635	5119
6117	5120
1269	5121
240	5122
3343	5123
4724	5124
5639	5125
1705	5126
1931	5127
5628	5128
4962	5129
5509	5130
3059	5131
11	5132
80	5133
835	5134
319	5135
511	5136
498	5137
6168	5138
6207	5139
3355	5140
143	5141
321	5142
274	5143
14	5144
4866	5145
1858	5146
144	5147
5023	5148
4520	5149
5610	5150
2248	5151
2854	5152
2469	5153
1301	5154
24	5155
3471	5156
2806	5157
3058	5158
216	5159
1841	5160
5835	5161
27	5162
1771	5163
3529	5164
833	5165
809	5166
3533	5167
648	5168
3649	5169
4549	5170
4816	5171
2293	5172
2450	5173
1564	5174
1911	5175
4733	5176
3515	5177
4384	5178
136	5179
29	5180
5470	5181
2382	5182
477	5183
1232	5184
2525	5185
308	5186
2579	5187
1122	5188
4929	5189
1372	5190
934	5191
5281	5192
251	5193
2679	5194
1401	5195
116	5196
6121	5197
1643	5198
980	5199
4882	5200
2686	5201
2387	5202
1332	5203
597	5204
6	5205
3200	5206
5288	5207
3860	5208
5553	5209
2928	5210
4791	5211
1917	5212
3881	5213
8	5214
4681	5215
3472	5216
679	5217
5055	5218
4207	5219
5750	5220
1028	5221
5116	5222
2342	5223
2496	5224
484	5225
2739	5226
5359	5227
3290	5228
777	5229
3235	5230
526	5231
3616	5232
4355	5233
108	5234
4276	5235
2541	5236
229	5237
4066	5238
2975	5239
3550	5240
4256	5241
2428	5242
3391	5243
5007	5244
3076	5245
227	5246
5679	5247
5737	5248
3561	5249
5939	5250
1118	5251
1360	5252
3564	5253
5733	5254
1981	5255
5756	5256
1165	5257
642	5258
5335	5259
5154	5260
659	5261
4472	5262
3084	5263
832	5264
263	5265
5652	5266
2106	5267
83	5268
643	5269
18	5270
2396	5271
1470	5272
509	5273
128	5274
4980	5275
1851	5276
1623	5277
5233	5278
1907	5279
2494	5280
4544	5281
5047	5282
5398	5283
1752	5284
1058	5285
2043	5286
4916	5287
347	5288
3176	5289
4424	5290
4843	5291
701	5292
461	5293
735	5294
19	5295
173	5296
790	5297
289	5298
1136	5299
1285	5300
1983	5301
4036	5302
3382	5303
3401	5304
5387	5305
1845	5306
1067	5307
1570	5308
2499	5309
2212	5310
1483	5311
1383	5312
2759	5313
1367	5314
1285	5315
1067	5316
1792	5317
186	5318
5117	5319
1998	5320
1026	5321
5422	5322
1810	5323
3164	5324
5703	5325
1962	5326
1872	5327
4656	5328
15	5329
9	5330
4963	5331
200	5332
726	5333
4032	5334
293	5335
1306	5336
771	5337
165	5338
27	5339
2157	5340
838	5341
5045	5342
5612	5343
5389	5344
2707	5345
1898	5346
991	5347
5663	5348
1469	5349
3715	5350
737	5351
4905	5352
592	5353
5564	5354
944	5355
1657	5356
2627	5357
1473	5358
1495	5359
5416	5360
5482	5361
1689	5362
3906	5363
239	5364
32	5365
331	5366
4920	5367
874	5368
291	5369
5971	5370
6059	5371
4792	5372
75	5373
2722	5374
5016	5375
51	5376
128	5377
4178	5378
1339	5379
5067	5380
311	5381
5994	5382
1943	5383
4422	5384
1566	5385
2989	5386
2294	5387
28	5388
57	5389
340	5390
6256	5391
703	5392
1790	5393
3266	5394
5044	5395
1089	5396
4662	5397
2485	5398
2012	5399
631	5400
697	5401
3501	5402
1023	5403
5471	5404
145	5405
6275	5406
1594	5407
5714	5408
774	5409
6160	5410
1620	5411
1454	5412
2287	5413
28	5414
881	5415
3575	5416
1519	5417
2954	5418
1744	5419
489	5420
497	5421
3280	5422
1914	5423
1914	5424
218	5425
147	5426
2596	5427
6224	5428
1081	5429
52	5430
1587	5431
5278	5432
3801	5433
1986	5434
739	5435
2028	5436
4671	5437
813	5438
1884	5439
2378	5440
2649	5441
1035	5442
444	5443
1614	5444
857	5445
2715	5446
439	5447
5224	5448
5244	5449
1979	5450
1317	5451
6082	5452
2146	5453
4286	5454
285	5455
739	5456
152	5457
94	5458
1423	5459
1020	5460
3416	5461
494	5462
1761	5463
1935	5464
5283	5465
479	5466
581	5467
4524	5468
240	5469
504	5470
1783	5471
4767	5472
2663	5473
5621	5474
4685	5475
1299	5476
4759	5477
792	5478
2443	5479
258	5480
34	5481
1128	5482
65	5483
506	5484
3903	5485
169	5486
2547	5487
4031	5488
3927	5489
191	5490
1806	5491
1060	5492
4567	5493
110	5494
5526	5495
145	5496
4121	5497
1368	5498
1786	5499
1601	5500
4028	5501
3992	5502
2577	5503
124	5504
259	5505
941	5506
1850	5507
4653	5508
1936	5509
1106	5510
4846	5511
1385	5512
172	5513
2102	5514
1584	5515
1202	5516
1251	5517
1266	5518
428	5519
3725	5520
1858	5521
748	5522
5173	5523
6228	5524
4340	5525
5602	5526
900	5527
4015	5528
1962	5529
3339	5530
2209	5531
4512	5532
1198	5533
5992	5534
1038	5535
5196	5536
128	5537
428	5538
6043	5539
3509	5540
1518	5541
5352	5542
1984	5543
790	5544
5984	5545
13	5546
1605	5547
1171	5548
1442	5549
1560	5550
1093	5551
6254	5552
2488	5553
3045	5554
11	5555
1759	5556
5206	5557
1801	5558
18	5559
4176	5560
711	5561
381	5562
3972	5563
2453	5564
142	5565
2145	5566
242	5567
337	5568
1813	5569
5235	5570
5237	5571
2530	5572
483	5573
5775	5574
5272	5575
655	5576
327	5577
4569	5578
508	5579
4761	5580
5556	5581
417	5582
6035	5583
302	5584
513	5585
6135	5586
5376	5587
4976	5588
3596	5589
715	5590
199	5591
3294	5592
5415	5593
549	5594
4445	5595
6007	5596
5107	5597
5653	5598
4455	5599
2134	5600
573	5601
179	5602
136	5603
216	5604
3601	5605
1836	5606
1446	5607
1167	5608
4237	5609
1695	5610
60	5611
1208	5612
3598	5613
1833	5614
4265	5615
2281	5616
2462	5617
3831	5618
429	5619
268	5620
4170	5621
1925	5622
5998	5623
526	5624
5300	5625
1444	5626
644	5627
2526	5628
29	5629
3	5630
352	5631
2908	5632
423	5633
4073	5634
1681	5635
2640	5636
1647	5637
1534	5638
481	5639
5476	5640
131	5641
47	5642
1434	5643
3935	5644
1825	5645
527	5646
371	5647
1492	5648
1201	5649
133	5650
429	5651
403	5652
320	5653
603	5654
88	5655
11	5656
1337	5657
1003	5658
1248	5659
730	5660
3969	5661
1857	5662
17	5663
1191	5664
1169	5665
4528	5666
5362	5667
2	5668
852	5669
1046	5670
600	5671
5631	5672
1503	5673
1314	5674
188	5675
767	5676
1239	5677
1600	5678
3505	5679
46	5680
4465	5681
82	5682
5528	5683
594	5684
3634	5685
1273	5686
5296	5687
373	5688
117	5689
122	5690
4779	5691
1350	5692
268	5693
1052	5694
3218	5695
4895	5696
101	5697
405	5698
1029	5699
482	5700
386	5701
919	5702
500	5703
1604	5704
1056	5705
3204	5706
3427	5707
2460	5708
1412	5709
268	5710
3709	5711
3004	5712
252	5713
758	5714
612	5715
61	5716
1921	5717
1256	5718
3910	5719
5865	5720
461	5721
1493	5722
5832	5723
3511	5724
5800	5725
1934	5726
5366	5727
5603	5728
5972	5729
4616	5730
1457	5731
2271	5732
2090	5733
3364	5734
1247	5735
3712	5736
345	5737
2185	5738
1481	5739
3958	5740
3424	5741
2107	5742
1988	5743
4313	5744
6290	5745
1029	5746
1734	5747
707	5748
5480	5749
4369	5750
3420	5751
1433	5752
1002	5753
63	5754
314	5755
358	5756
4535	5757
246	5758
2611	5759
1897	5760
1510	5761
114	5762
5382	5763
1442	5764
1354	5765
5876	5766
28	5767
6028	5768
1061	5769
28	5770
235	5771
707	5772
136	5773
4858	5774
703	5775
1552	5776
256	5777
1870	5778
3543	5779
1295	5780
1561	5781
48	5782
6070	5783
3707	5784
646	5785
4368	5786
845	5787
1517	5788
3542	5789
339	5790
49	5791
5897	5792
6180	5793
94	5794
1063	5795
4741	5796
176	5797
4222	5798
389	5799
323	5800
4217	5801
3478	5802
1703	5803
2148	5804
5655	5805
5466	5806
6044	5807
3240	5808
5136	5809
2321	5810
3546	5811
5418	5812
379	5813
899	5814
2754	5815
533	5816
4823	5817
1245	5818
3711	5819
1790	5820
5953	5821
514	5822
514	5823
4267	5824
2290	5825
5406	5826
4430	5827
5329	5828
6218	5829
4525	5830
4757	5831
3405	5832
2669	5833
4056	5834
613	5835
4870	5836
2166	5837
1617	5838
5159	5839
727	5840
4631	5841
2351	5842
2791	5843
3560	5844
5310	5845
24	5846
2074	5847
148	5848
56	5849
1017	5850
5437	5851
101	5852
988	5853
506	5854
3170	5855
1280	5856
329	5857
137	5858
1043	5859
2876	5860
4942	5861
4288	5862
3011	5863
1200	5864
1200	5865
4049	5866
720	5867
158	5868
2004	5869
204	5870
2914	5871
348	5872
3075	5873
1008	5874
58	5875
2300	5876
2348	5877
4266	5878
3723	5879
1536	5880
260	5881
5375	5882
3867	5883
288	5884
5893	5885
1961	5886
382	5887
1174	5888
5666	5889
2877	5890
1612	5891
994	5892
3158	5893
5569	5894
1374	5895
5623	5896
5428	5897
745	5898
1747	5899
2451	5900
446	5901
569	5902
2593	5903
2512	5904
1288	5905
1123	5906
1	5907
718	5908
5051	5909
4447	5910
1072	5911
4568	5912
2233	5913
135	5914
87	5915
273	5916
5715	5917
5929	5918
1256	5919
3032	5920
5333	5921
621	5922
4769	5923
1133	5924
2465	5925
3824	5926
3926	5927
4595	5928
80	5929
6086	5930
1472	5931
436	5932
127	5933
1641	5934
3863	5935
3263	5936
4722	5937
72	5938
804	5939
1272	5940
1244	5941
2704	5942
73	5943
658	5944
287	5945
81	5946
1746	5947
435	5948
6170	5949
2539	5950
786	5951
246	5952
3430	5953
113	5954
2128	5955
169	5956
220	5957
245	5958
2925	5959
384	5960
5554	5961
68	5962
4586	5963
1835	5964
3739	5965
841	5966
2298	5967
4151	5968
355	5969
960	5970
1030	5971
3760	5972
2155	5973
500	5974
1749	5975
593	5976
5447	5977
3145	5978
1267	5979
1853	5980
1010	5981
743	5982
3441	5983
1214	5984
2742	5985
584	5986
43	5987
1870	5988
3717	5989
898	5990
3745	5991
1074	5992
413	5993
770	5994
245	5995
713	5996
798	5997
286	5998
764	5999
5872	6000
3508	6001
2026	6002
1270	6003
589	6004
447	6005
285	6006
5819	6007
8	6008
6015	6009
10	6010
550	6011
301	6012
2410	6013
409	6014
1101	6015
913	6016
2023	6017
520	6018
764	6019
5533	6020
4460	6021
964	6022
1411	6023
2158	6024
5365	6025
6212	6026
5866	6027
164	6028
2760	6029
1465	6030
529	6031
1223	6032
861	6033
1042	6034
6159	6035
1390	6036
180	6037
4915	6038
5588	6039
4713	6040
5595	6041
956	6042
1893	6043
195	6044
5207	6045
83	6046
1839	6047
1238	6048
858	6049
4466	6050
2132	6051
1682	6052
403	6053
3394	6054
636	6055
1215	6056
1675	6057
2017	6058
5753	6059
2820	6060
3902	6061
3073	6062
1440	6063
117	6064
6126	6065
1063	6066
4123	6067
2613	6068
3498	6069
533	6070
5458	6071
1096	6072
4574	6073
3114	6074
3996	6075
1571	6076
2333	6077
5950	6078
662	6079
1475	6080
5692	6081
4971	6082
3363	6083
8	6084
5128	6085
4461	6086
3492	6087
1051	6088
530	6089
357	6090
5599	6091
284	6092
4175	6093
5828	6094
610	6095
3612	6096
617	6097
1408	6098
3384	6099
1448	6100
2098	6101
3225	6102
1031	6103
4904	6104
1707	6105
2261	6106
4897	6107
2419	6108
958	6109
3236	6110
4594	6111
3485	6112
3710	6113
1189	6114
3447	6115
5580	6116
542	6117
542	6118
305	6119
3402	6120
352	6121
1961	6122
3367	6123
1592	6124
2544	6125
156	6126
6193	6127
1375	6128
1682	6129
13	6130
1439	6131
532	6132
874	6133
4163	6134
3055	6135
1311	6136
3449	6137
302	6138
2701	6139
5079	6140
4753	6141
34	6142
1970	6143
339	6144
308	6145
5105	6146
54	6147
329	6148
4771	6149
310	6150
747	6151
178	6152
3719	6153
3013	6154
772	6155
3466	6156
49	6157
3180	6158
197	6159
4041	6160
1174	6161
6078	6162
13	6163
1283	6164
4810	6165
5357	6166
5158	6167
3918	6168
2418	6169
326	6170
4200	6171
5708	6172
5135	6173
3921	6174
3201	6175
3036	6176
1457	6177
3706	6178
838	6179
1438	6180
5830	6181
5808	6182
1788	6183
1438	6184
1643	6185
981	6186
2794	6187
1529	6188
5562	6189
3637	6190
3885	6191
2263	6192
3105	6193
4488	6194
960	6195
4483	6196
1826	6197
4128	6198
5891	6199
1529	6200
1608	6201
3092	6202
2357	6203
1259	6204
326	6205
6040	6206
6258	6207
5472	6208
39	6209
1918	6210
192	6211
2645	6212
3807	6213
6053	6214
1015	6215
3549	6216
1250	6217
2474	6218
5802	6219
76	6220
2589	6221
4459	6222
3924	6223
4684	6224
6257	6225
4255	6226
1226	6227
166	6228
422	6229
5325	6230
5292	6231
3165	6232
131	6233
1655	6234
494	6235
3603	6236
2720	6237
6074	6238
4096	6239
512	6240
5525	6241
5985	6242
51	6243
4120	6244
1010	6245
2232	6246
3677	6247
4244	6248
2843	6249
4231	6250
101	6251
101	6252
5513	6253
1012	6254
5188	6255
1564	6256
5269	6257
912	6258
93	6259
4551	6260
98	6261
3551	6262
1696	6263
1021	6264
3901	6265
1854	6266
6260	6267
5164	6268
104	6269
1327	6270
6	6271
1629	6272
61	6273
1263	6274
293	6275
201	6276
1690	6277
4886	6278
6023	6279
587	6280
808	6281
33	6282
1388	6283
2201	6284
4373	6285
3506	6286
1824	6287
3119	6288
3178	6289
4305	6290
1902	6291
4027	6292
1939	6293
133	6294
559	6295
335	6296
3683	6297
292	6298
171	6299
2864	6300
2402	6301
940	6302
401	6303
85	6304
4150	6305
925	6306
3217	6307
1938	6308
274	6309
897	6310
1277	6311
4374	6312
670	6313
1764	6314
1687	6315
1344	6316
2403	6317
1139	6318
4136	6319
361	6320
2702	6321
164	6322
26	6323
1343	6324
2592	6325
4756	6326
918	6327
1175	6328
111	6329
1345	6330
530	6331
1787	6332
2379	6333
171	6334
220	6335
5220	6336
94	6337
2935	6338
2368	6339
4739	6340
2204	6341
2493	6342
4062	6343
27	6344
3620	6345
159	6346
9	6347
4548	6348
220	6349
400	6350
1155	6351
1942	6352
4659	6353
1581	6354
555	6355
983	6356
5681	6357
537	6358
5093	6359
4263	6360
2561	6361
42	6362
909	6363
411	6364
210	6365
5225	6366
1170	6367
2981	6368
4758	6369
4565	6370
5060	6371
5241	6372
962	6373
3657	6374
2973	6375
5420	6376
1216	6377
2652	6378
5240	6379
3663	6380
2950	6381
3579	6382
2330	6383
3273	6384
1107	6385
6056	6386
2152	6387
1431	6388
1949	6389
2004	6390
1	6391
3572	6392
590	6393
3213	6394
883	6395
4646	6396
5545	6397
439	6398
4686	6399
1305	6400
3440	6401
1985	6402
1267	6403
2297	6404
2489	6405
1335	6406
1184	6407
2790	6408
47	6409
2186	6410
2738	6411
4074	6412
3128	6413
2302	6414
3295	6415
1040	6416
247	6417
1513	6418
19	6419
179	6420
4719	6421
1394	6422
3102	6423
833	6424
3866	6425
3905	6426
4053	6427
978	6428
6188	6429
3843	6430
1194	6431
1355	6432
71	6433
5988	6434
1636	6435
799	6436
1530	6437
6031	6438
581	6439
411	6440
2558	6441
1595	6442
2995	6443
2623	6444
6020	6445
1994	6446
977	6447
1220	6448
789	6449
5711	6450
1571	6451
5043	6452
341	6453
6166	6454
669	6455
1011	6456
72	6457
1699	6458
50	6459
5446	6460
3231	6461
4998	6462
648	6463
642	6464
342	6465
1005	6466
545	6467
659	6468
1399	6469
1579	6470
136	6471
1222	6472
718	6473
5150	6474
4889	6475
673	6476
5726	6477
5727	6478
496	6479
1156	6480
4546	6481
149	6482
51	6483
5549	6484
104	6485
747	6486
5735	6487
518	6488
86	6489
758	6490
2392	6491
1131	6492
1384	6493
883	6494
4838	6495
3762	6496
89	6497
788	6498
2	6499
29	6500
600	6501
6139	6502
1124	6503
4007	6504
4909	6505
1653	6506
3067	6507
186	6508
2773	6509
842	6510
664	6511
1474	6512
5255	6513
5880	6514
661	6515
3892	6516
3774	6517
702	6518
1242	6519
4239	6520
480	6521
3507	6522
4122	6523
3238	6524
3695	6525
1927	6526
1501	6527
4312	6528
6080	6529
1791	6530
2282	6531
824	6532
4987	6533
2124	6534
428	6535
878	6536
1008	6537
1320	6538
5265	6539
3536	6540
217	6541
3014	6542
4590	6543
422	6544
4900	6545
3338	6546
2056	6547
6181	6548
2808	6549
2255	6550
1435	6551
697	6552
1882	6553
5332	6554
2733	6555
4431	6556
909	6557
6179	6558
1975	6559
3889	6560
808	6561
1688	6562
98	6563
264	6564
543	6565
1233	6566
5317	6567
54	6568
3192	6569
3521	6570
244	6571
703	6572
1890	6573
347	6574
5921	6575
2771	6576
1349	6577
1147	6578
738	6579
5341	6580
128	6581
1352	6582
1323	6583
32	6584
3413	6585
1226	6586
2912	6587
3796	6588
6237	6589
1	6590
563	6591
1039	6592
2309	6593
3976	6594
1064	6595
1148	6596
854	6597
1893	6598
2010	6599
1386	6600
5166	6601
5774	6602
1697	6603
1873	6604
42	6605
3071	6606
4209	6607
1334	6608
2503	6609
1409	6610
2600	6611
4148	6612
5849	6613
3304	6614
1802	6615
426	6616
5924	6617
3378	6618
5427	6619
970	6620
6288	6621
1908	6622
1668	6623
1300	6624
1125	6625
3870	6626
3001	6627
860	6628
12	6629
2517	6630
350	6631
3534	6632
2736	6633
5608	6634
187	6635
4697	6636
1967	6637
4240	6638
5009	6639
1666	6640
1108	6641
5911	6642
1972	6643
3465	6644
1926	6645
2171	6646
2521	6647
841	6648
3696	6649
360	6650
2765	6651
1899	6652
1700	6653
1990	6654
246	6655
1716	6656
3569	6657
496	6658
6104	6659
521	6660
2903	6661
986	6662
46	6663
1399	6664
327	6665
234	6666
3953	6667
68	6668
925	6669
1120	6670
4575	6671
1633	6672
830	6673
3532	6674
631	6675
712	6676
1214	6677
1942	6678
517	6679
368	6680
1770	6681
257	6682
1599	6683
1767	6684
41	6685
367	6686
5853	6687
3644	6688
3340	6689
829	6690
1150	6691
623	6692
3890	6693
3086	6694
630	6695
211	6696
875	6697
354	6698
4856	6699
4530	6700
671	6701
2359	6702
576	6703
4884	6704
3994	6705
1312	6706
5131	6707
2768	6708
837	6709
394	6710
2394	6711
6162	6712
903	6713
1462	6714
3426	6715
1156	6716
4388	6717
1993	6718
3484	6719
6102	6720
6225	6721
1750	6722
2131	6723
5614	6724
5836	6725
347	6726
2240	6727
5351	6728
553	6729
3216	6730
2505	6731
4429	6732
901	6733
4017	6734
699	6735
5183	6736
2784	6737
2901	6738
4338	6739
1030	6740
5521	6741
117	6742
6191	6743
1522	6744
5434	6745
1578	6746
199	6747
184	6748
3106	6749
148	6750
3347	6751
5855	6752
114	6753
661	6754
5163	6755
3933	6756
4399	6757
4251	6758
523	6759
283	6760
3518	6761
6085	6762
2821	6763
4298	6764
4943	6765
2976	6766
1301	6767
4125	6768
6091	6769
1396	6770
3232	6771
1490	6772
208	6773
6004	6774
974	6775
3116	6776
3891	6777
5816	6778
329	6779
1456	6780
2598	6781
3570	6782
53	6783
4418	6784
366	6785
1706	6786
1989	6787
3383	6788
965	6789
174	6790
2235	6791
5818	6792
4668	6793
5081	6794
3206	6795
1019	6796
225	6797
68	6798
261	6799
6277	6800
408	6801
5633	6802
442	6803
116	6804
3468	6805
2116	6806
1261	6807
1732	6808
42	6809
1054	6810
189	6811
5259	6812
1546	6813
650	6814
1119	6815
431	6816
3539	6817
4844	6818
54	6819
1647	6820
681	6821
3209	6822
6047	6823
3973	6824
1091	6825
6123	6826
30	6827
5961	6828
1957	6829
688	6830
1297	6831
4334	6832
1715	6833
6232	6834
482	6835
2343	6836
60	6837
2962	6838
5285	6839
3648	6840
3136	6841
1212	6842
6241	6843
4118	6844
4215	6845
1467	6846
5882	6847
3880	6848
5340	6849
4715	6850
5468	6851
4112	6852
3946	6853
4016	6854
3628	6855
1520	6856
1049	6857
2272	6858
127	6859
5491	6860
1566	6861
5298	6862
3938	6863
2836	6864
6219	6865
1656	6866
5495	6867
2057	6868
1455	6869
569	6870
2608	6871
303	6872
824	6873
4137	6874
16	6875
985	6876
757	6877
561	6878
2197	6879
1736	6880
997	6881
419	6882
3009	6883
789	6884
4533	6885
4442	6886
4264	6887
225	6888
5845	6889
1100	6890
2208	6891
1715	6892
116	6893
5684	6894
346	6895
5873	6896
3783	6897
1692	6898
6138	6899
3721	6900
5214	6901
1227	6902
523	6903
2110	6904
1380	6905
1558	6906
5148	6907
747	6908
1247	6909
6292	6910
4375	6911
2183	6912
1190	6913
112	6914
5925	6915
1192	6916
3255	6917
2880	6918
1126	6919
1712	6920
451	6921
4562	6922
4005	6923
5035	6924
1232	6925
5644	6926
1939	6927
4024	6928
124	6929
3438	6930
209	6931
361	6932
1890	6933
113	6934
1970	6935
281	6936
682	6937
88	6938
645	6939
2789	6940
3408	6941
2580	6942
5249	6943
5618	6944
158	6945
3348	6946
465	6947
674	6948
1090	6949
1630	6950
4556	6951
721	6952
1916	6953
3823	6954
4628	6955
6182	6956
950	6957
1792	6958
130	6959
559	6960
3357	6961
1326	6962
4192	6963
456	6964
959	6965
4592	6966
483	6967
5433	6968
5414	6969
5411	6970
1607	6971
3138	6972
1841	6973
5665	6974
2268	6975
3731	6976
1426	6977
214	6978
2299	6979
4975	6980
3262	6981
479	6982
2991	6983
556	6984
287	6985
629	6986
505	6987
728	6988
2882	6989
80	6990
1436	6991
2013	6992
26	6993
5690	6994
1848	6995
3784	6996
1534	6997
2361	6998
6107	6999
2397	7000
1352	7001
3732	7002
4596	7003
686	7004
2911	7005
478	7006
5379	7007
11	7008
3223	7009
885	7010
5263	7011
917	7012
5	7013
954	7014
2750	7015
325	7016
3759	7017
727	7018
36	7019
4531	7020
194	7021
3315	7022
4054	7023
6014	7024
93	7025
4254	7026
4735	7027
1669	7028
1563	7029
1458	7030
1869	7031
611	7032
1583	7033
1520	7034
1587	7035
610	7036
1451	7037
3453	7038
1957	7039
287	7040
85	7041
1265	7042
2295	7043
480	7044
52	7045
110	7046
4911	7047
1027	7048
1678	7049
263	7050
5869	7051
2965	7052
3694	7053
15	7054
5577	7055
1177	7056
1206	7057
2315	7058
3838	7059
1137	7060
309	7061
4849	7062
2006	7063
3301	7064
70	7065
97	7066
371	7067
201	7068
3462	7069
1353	7070
1794	7071
4296	7072
1121	7073
1573	7074
57	7075
1084	7076
2388	7077
376	7078
12	7079
283	7080
5419	7081
3554	7082
223	7083
4700	7084
415	7085
3664	7086
1605	7087
3685	7088
875	7089
6	7090
145	7091
4002	7092
735	7093
125	7094
2044	7095
1581	7096
3154	7097
5494	7098
3224	7099
360	7100
4598	7101
279	7102
1615	7103
1484	7104
33	7105
262	7106
5646	7107
5301	7108
97	7109
39	7110
1225	7111
6051	7112
1046	7113
472	7114
2440	7115
237	7116
3714	7117
5385	7118
3489	7119
2	7120
553	7121
5052	7122
1350	7123
3429	7124
249	7125
3299	7126
5036	7127
5958	7128
35	7129
434	7130
5412	7131
551	7132
2195	7133
5254	7134
154	7135
5160	7136
3615	7137
746	7138
3858	7139
4407	7140
100	7141
6103	7142
332	7143
1745	7144
5268	7145
1722	7146
5857	7147
5167	7148
2815	7149
2005	7150
468	7151
3817	7152
4075	7153
5005	7154
1240	7155
450	7156
450	7157
1672	7158
3713	7159
716	7160
4743	7161
2769	7162
2005	7163
409	7164
665	7165
471	7166
2182	7167
4047	7168
941	7169
1346	7170
3848	7171
6248	7172
1977	7173
3871	7174
1496	7175
171	7176
1774	7177
625	7178
4315	7179
5080	7180
3089	7181
5392	7182
2829	7183
3285	7184
20	7185
20	7186
1975	7187
349	7188
5945	7189
2484	7190
5381	7191
4270	7192
3035	7193
2050	7194
4438	7195
3328	7196
5328	7197
180	7198
1467	7199
681	7200
6276	7201
230	7202
2221	7203
1589	7204
1822	7205
5772	7206
915	7207
632	7208
3753	7209
1197	7210
44	7211
62	7212
304	7213
2930	7214
1228	7215
2401	7216
1196	7217
1509	7218
1929	7219
4827	7220
424	7221
2226	7222
74	7223
123	7224
2564	7225
1909	7226
1714	7227
1723	7228
4910	7229
910	7230
754	7231
126	7232
754	7233
5829	7234
1702	7235
2566	7236
2332	7237
3385	7238
5370	7239
90	7240
4250	7241
15	7242
204	7243
3197	7244
3152	7245
6204	7246
4994	7247
3168	7248
364	7249
2289	7250
3568	7251
5660	7252
4696	7253
4557	7254
1162	7255
746	7256
3024	7257
2	7258
3896	7259
286	7260
4311	7261
1274	7262
212	7263
3108	7264
2932	7265
60	7266
1916	7267
3103	7268
1486	7269
1917	7270
564	7271
5316	7272
5591	7273
5095	7274
1856	7275
951	7276
1398	7277
5974	7278
6285	7279
886	7280
589	7281
2659	7282
863	7283
1385	7284
4376	7285
518	7286
5682	7287
498	7288
1044	7289
1044	7290
5410	7291
5754	7292
667	7293
776	7294
2326	7295
1838	7296
652	7297
5686	7298
851	7299
211	7300
2466	7301
1886	7302
6003	7303
76	7304
872	7305
6150	7306
753	7307
25	7308
3040	7309
1572	7310
374	7311
508	7312
203	7313
383	7314
1458	7315
267	7316
97	7317
1172	7318
1535	7319
3832	7320
1633	7321
1941	7322
65	7323
266	7324
307	7325
873	7326
1832	7327
791	7328
955	7329
1080	7330
566	7331
5965	7332
5834	7333
1694	7334
780	7335
1088	7336
3503	7337
6286	7338
5463	7339
2349	7340
4845	7341
2406	7342
5983	7343
5787	7344
1668	7345
6234	7346
3589	7347
5209	7348
1623	7349
3425	7350
4637	7351
2077	7352
2710	7353
2753	7354
1907	7355
1658	7356
995	7357
5347	7358
660	7359
4	7360
3	7361
5890	7362
1717	7363
1397	7364
1621	7365
1	7366
3504	7367
3159	7368
5192	7369
16	7370
271	7371
5367	7372
1743	7373
202	7374
200	7375
303	7376
4070	7377
914	7378
4965	7379
709	7380
245	7381
926	7382
5432	7383
136	7384
592	7385
4917	7386
1006	7387
164	7388
316	7389
1959	7390
296	7391
585	7392
1960	7393
1330	7394
2724	7395
5712	7396
369	7397
1108	7398
2122	7399
4784	7400
350	7401
730	7402
783	7403
343	7404
396	7405
5773	7406
2583	7407
1	7408
5399	7409
103	7410
357	7411
5964	7412
764	7413
826	7414
26	7415
3964	7416
5590	7417
1515	7418
1742	7419
5757	7420
2591	7421
1503	7422
469	7423
56	7424
39	7425
2405	7426
477	7427
4737	7428
3979	7429
1	7430
3482	7431
2127	7432
1972	7433
1640	7434
4241	7435
125	7436
2034	7437
6147	7438
1802	7439
419	7440
2000	7441
305	7442
5460	7443
1284	7444
927	7445
4204	7446
378	7447
429	7448
81	7449
1461	7450
770	7451
2947	7452
2184	7453
1289	7454
18	7455
2941	7456
3656	7457
2253	7458
1428	7459
261	7460
4691	7461
17	7462
5461	7463
1356	7464
1728	7465
220	7466
146	7467
5895	7468
430	7469
1920	7470
933	7471
30	7472
844	7473
5688	7474
348	7475
1211	7476
694	7477
4597	7478
406	7479
4306	7480
515	7481
1166	7482
23	7483
1590	7484
3331	7485
1199	7486
1586	7487
2129	7488
5330	7489
1883	7490
3679	7491
536	7492
5793	7493
4559	7494
4515	7495
1016	7496
5766	7497
3392	7498
1070	7499
3222	7500
1291	7501
5565	7502
2922	7503
3899	7504
584	7505
3929	7506
3984	7507
1877	7508
177	7509
3464	7510
1831	7511
5884	7512
2590	7513
1911	7514
4587	7515
73	7516
4503	7517
1794	7518
3139	7519
2194	7520
492	7521
2052	7522
1416	7523
5485	7524
50	7525
5041	7526
920	7527
151	7528
66	7529
2	7530
1638	7531
418	7532
1548	7533
89	7534
2916	7535
1629	7536
769	7537
8	7538
255	7539
797	7540
5927	7541
3	7542
2234	7543
5963	7544
2507	7545
3794	7546
1178	7547
1508	7548
5313	7549
139	7550
300	7551
82	7552
2	7553
1981	7554
1905	7555
69	7556
6049	7557
193	7558
2	7559
930	7560
3627	7561
1363	7562
54	7563
3857	7564
367	7565
5194	7566
604	7567
2919	7568
58	7569
119	7570
161	7571
1132	7572
5752	7573
4257	7574
887	7575
4875	7576
527	7577
203	7578
4667	7579
93	7580
5197	7581
397	7582
1926	7583
4599	7584
902	7585
1103	7586
4693	7587
3470	7588
265	7589
252	7590
5899	7591
3135	7592
5	7593
3047	7594
4676	7595
82	7596
568	7597
563	7598
4337	7599
1611	7600
1417	7601
2840	7602
4025	7603
5019	7604
1525	7605
1178	7606
15	7607
226	7608
4433	7609
3284	7610
678	7611
10	7612
12	7613
3056	7614
222	7615
2817	7616
647	7617
1193	7618
5146	7619
3893	7620
5799	7621
400	7622
3063	7623
50	7624
5190	7625
3025	7626
571	7627
2655	7628
2917	7629
1031	7630
168	7631
275	7632
6033	7633
550	7634
4768	7635
1644	7636
1765	7637
1224	7638
2	7639
33	7640
1830	7641
1463	7642
2045	7643
4938	7644
860	7645
162	7646
975	7647
2972	7648
383	7649
1476	7650
3444	7651
82	7652
4479	7653
4127	7654
1918	7655
322	7656
953	7657
11	7658
3100	7659
5342	7660
2857	7661
5423	7662
1930	7663
183	7664
1363	7665
1624	7666
32	7667
54	7668
3776	7669
2161	7670
889	7671
5077	7672
3737	7673
3122	7674
4468	7675
3849	7676
1824	7677
1341	7678
75	7679
3112	7680
5138	7681
821	7682
5662	7683
571	7684
1504	7685
478	7686
2926	7687
713	7688
653	7689
5975	7690
6271	7691
1717	7692
99	7693
2222	7694
1050	7695
631	7696
1293	7697
2595	7698
1073	7699
2464	7700
1850	7701
9	7702
337	7703
12	7704
4144	7705
4774	7706
29	7707
1852	7708
462	7709
2620	7710
1974	7711
861	7712
4583	7713
5650	7714
6143	7715
30	7716
1404	7717
4476	7718
19	7719
1884	7720
171	7721
1838	7722
2913	7723
4409	7724
4923	7725
968	7726
1825	7727
595	7728
706	7729
997	7730
1663	7731
3428	7732
1241	7733
1803	7734
5326	7735
1599	7736
1086	7737
2967	7738
1764	7739
1475	7740
2301	7741
5151	7742
2193	7743
5327	7744
277	7745
4435	7746
471	7747
1537	7748
5700	7749
3137	7750
968	7751
4232	7752
3082	7753
1136	7754
1494	7755
4519	7756
4888	7757
1731	7758
4029	7759
2770	7760
817	7761
695	7762
1813	7763
1625	7764
6165	7765
223	7766
1176	7767
2427	7768
622	7769
385	7770
5114	7771
5321	7772
3473	7773
1251	7774
547	7775
258	7776
3313	7777
1744	7778
1822	7779
1193	7780
260	7781
1815	7782
1213	7783
3878	7784
111	7785
5529	7786
3	7787
593	7788
1378	7789
894	7790
247	7791
5388	7792
773	7793
4421	7794
292	7795
616	7796
528	7797
4275	7798
115	7799
74	7800
4763	7801
4552	7802
644	7803
1469	7804
541	7805
5475	7806
414	7807
41	7808
1180	7809
620	7810
4999	7811
4674	7812
476	7813
3051	7814
1801	7815
2839	7816
4048	7817
812	7818
3744	7819
1735	7820
3281	7821
6113	7822
2415	7823
41	7824
1316	7825
1639	7826
1260	7827
629	7828
482	7829
6259	7830
359	7831
1750	7832
3397	7833
1524	7834
3999	7835
2885	7836
4604	7837
148	7838
2119	7839
6125	7840
4378	7841
796	7842
1559	7843
191	7844
3960	7845
4480	7846
6149	7847
1726	7848
194	7849
4434	7850
2481	7851
2338	7852
2246	7853
1225	7854
2435	7855
1180	7856
4236	7857
363	7858
1662	7859
5171	7860
1982	7861
2751	7862
203	7863
5668	7864
1583	7865
5073	7866
2279	7867
1160	7868
2008	7869
3327	7870
119	7871
4959	7872
507	7873
1692	7874
3523	7875
1037	7876
4835	7877
337	7878
3562	7879
2513	7880
205	7881
4464	7882
479	7883
3990	7884
3932	7885
2245	7886
5606	7887
53	7888
4966	7889
5999	7890
292	7891
4821	7892
1311	7893
278	7894
5155	7895
1	7896
253	7897
3017	7898
2174	7899
5425	7900
301	7901
1018	7902
5978	7903
1056	7904
285	7905
1278	7906
312	7907
29	7908
501	7909
557	7910
5803	7911
967	7912
6027	7913
620	7914
4168	7915
3852	7916
240	7917
4622	7918
1387	7919
2624	7920
126	7921
5851	7922
6008	7923
601	7924
85	7925
9	7926
710	7927
135	7928
1001	7929
207	7930
4010	7931
774	7932
6233	7933
1413	7934
185	7935
2318	7936
4218	7937
5257	7938
3	7939
2111	7940
1390	7941
4633	7942
333	7943
509	7944
1607	7945
52	7946
5068	7947
1160	7948
4514	7949
714	7950
126	7951
126	7952
1828	7953
5762	7954
296	7955
31	7956
11	7957
1	7958
1491	7959
7	7960
5	7961
2	7962
1874	7963
689	7964
447	7965
1237	7966
704	7967
1271	7968
6178	7969
4689	7970
3130	7971
5791	7972
2758	7973
1087	7974
4067	7975
4401	7976
504	7977
4555	7978
3360	7979
317	7980
37	7981
306	7982
1589	7983
2288	7984
652	7985
401	7986
1791	7987
1175	7988
3748	7989
1835	7990
286	7991
1506	7992
95	7993
5782	7994
88	7995
4554	7996
392	7997
1184	7998
3955	7999
5484	8000
2468	8001
38	8002
571	8003
2852	8004
79	8005
21	8006
741	8007
1004	8008
3944	8009
6140	8010
552	8011
23	8012
342	8013
231	8014
282	8015
3699	8016
752	8017
23	8018
1923	8019
5062	8020
91	8021
570	8022
969	8023
3	8024
501	8025
2112	8026
4470	8027
31	8028
238	8029
998	8030
4541	8031
899	8032
181	8033
1119	8034
1482	8035
1679	8036
1954	8037
441	8038
221	8039
579	8040
214	8041
1326	8042
1987	8043
89	8044
1549	8045
488	8046
1014	8047
18	8048
573	8049
6037	8050
2444	8051
5620	8052
4	8053
5977	8054
227	8055
2902	8056
2588	8057
807	8058
4953	8059
5617	8060
2151	8061
5674	8062
761	8063
1862	8064
5201	8065
150	8066
5671	8067
1516	8068
1780	8069
2730	8070
20	8071
110	8072
288	8073
1829	8074
2	8075
114	8076
192	8077
1150	8078
708	8079
1412	8080
4817	8081
6231	8082
64	8083
3099	8084
37	8085
381	8086
212	8087
1628	8088
636	8089
20	8090
295	8091
253	8092
4281	8093
673	8094
5581	8095
2516	8096
2373	8097
1953	8098
20	8099
5172	8100
1083	8101
1507	8102
855	8103
1569	8104
3667	8105
2835	8106
317	8107
51	8108
50	8109
1379	8110
5289	8111
769	8112
5085	8113
5273	8114
2851	8115
722	8116
210	8117
1322	8118
826	8119
2540	8120
134	8121
615	8122
538	8123
3528	8124
142	8125
267	8126
4853	8127
722	8128
327	8129
1680	8130
28	8131
611	8132
77	8133
749	8134
2	8135
424	8136
90	8137
4159	8138
4386	8139
129	8140
2684	8141
99	8142
207	8143
473	8144
1147	8145
2519	8146
3605	8147
313	8148
167	8149
3851	8150
292	8151
106	8152
138	8153
5063	8154
626	8155
1585	8156
80	8157
4088	8158
6036	8159
41	8160
822	8161
159	8162
458	8163
2395	8164
1164	8165
3666	8166
6	8167
893	8168
5069	8169
3054	8170
935	8171
477	8172
431	8173
36	8174
6108	8175
1308	8176
1222	8177
5343	8178
204	8179
1	8180
7	8181
1421	8182
20	8183
766	8184
269	8185
9	8186
55	8187
828	8188
1004	8189
1403	8190
1688	8191
40	8192
1691	8193
796	8194
4134	8195
474	8196
4836	8197
5677	8198
888	8199
85	8200
72	8201
1329	8202
72	8203
1451	8204
4290	8205
4825	8206
1588	8207
3038	8208
646	8209
1693	8210
1418	8211
5010	8212
5222	8213
3553	8214
1648	8215
1440	8216
283	8217
3481	8218
5217	8219
1913	8220
1163	8221
182	8222
1157	8223
2605	8224
54	8225
470	8226
1262	8227
4177	8228
1513	8229
656	8230
4522	8231
1389	8232
3502	8233
4986	8234
2504	8235
5687	8236
1861	8237
806	8238
4732	8239
254	8240
3588	8241
407	8242
264	8243
140	8244
298	8245
6251	8246
87	8247
87	8248
1531	8249
1782	8250
532	8251
3476	8252
5991	8253
1710	8254
4155	8255
414	8256
3527	8257
18	8258
98	8259
466	8260
1047	8261
4291	8262
5315	8263
4896	8264
4456	8265
4738	8266
3239	8267
1779	8268
92	8269
3545	8270
923	8271
1	8272
5954	8273
1904	8274
20	8275
487	8276
678	8277
4224	8278
6026	8279
1465	8280
2862	8281
138	8282
606	8283
605	8284
5976	8285
3920	8286
5	8287
5515	8288
1777	8289
109	8290
867	8291
52	8292
5863	8293
1234	8294
1353	8295
3639	8296
4043	8297
712	8298
5355	8299
1550	8300
1471	8301
17	8302
97	8303
1472	8304
2988	8305
5568	8306
295	8307
5127	8308
374	8309
3608	8310
3005	8311
333	8312
206	8313
5275	8314
3161	8315
633	8316
221	8317
5445	8318
3302	8319
4852	8320
3033	8321
1517	8322
11	8323
22	8324
910	8325
4130	8326
1339	8327
13	8328
91	8329
256	8330
4934	8331
315	8332
3418	8333
1210	8334
2924	8335
398	8336
4847	8337
1231	8338
3377	8339
5815	8340
933	8341
3982	8342
67	8343
208	8344
2943	8345
1183	8346
5344	8347
4400	8348
4658	8349
6151	8350
3974	8351
2719	8352
5889	8353
5570	8354
1115	8355
688	8356
1494	8357
4045	8358
140	8359
1881	8360
918	8361
4080	8362
464	8363
3908	8364
2958	8365
228	8366
2799	8367
5843	8368
4318	8369
4454	8370
4497	8371
4393	8372
309	8373
2892	8374
1992	8375
574	8376
1983	8377
4402	8378
3626	8379
233	8380
3297	8381
3691	8382
1906	8383
4350	8384
1036	8385
3718	8386
2121	8387
5479	8388
5440	8389
2783	8390
458	8391
931	8392
1049	8393
2093	8394
4001	8395
3452	8396
3716	8397
5218	8398
4712	8399
2036	8400
49	8401
254	8402
1909	8403
591	8404
591	8405
3207	8406
3365	8407
1444	8408
562	8409
3577	8410
404	8411
5609	8412
778	8413
2828	8414
3459	8415
1656	8416
1842	8417
4147	8418
1610	8419
4600	8420
3	8421
3467	8422
1614	8423
159	8424
2	8425
4233	8426
392	8427
2661	8428
5182	8429
135	8430
1	8431
12	8432
161	8433
64	8434
290	8435
1677	8436
1762	8437
956	8438
6209	8439
1249	8440
1826	8441
5747	8442
937	8443
118	8444
18	8445
1254	8446
3567	8447
5024	8448
79	8449
77	8450
1102	8451
733	8452
598	8453
5886	8454
304	8455
262	8456
5721	8457
1365	8458
344	8459
32	8460
2607	8461
1003	8462
3614	8463
12	8464
321	8465
198	8466
71	8467
1821	8468
368	8469
375	8470
6146	8471
5518	8472
3229	8473
38	8474
320	8475
598	8476
2963	8477
1468	8478
3194	8479
226	8480
53	8481
503	8482
2929	8483
231	8484
1452	8485
174	8486
376	8487
1630	8488
1725	8489
73	8490
2347	8491
114	8492
3790	8493
1219	8494
456	8495
2062	8496
71	8497
1329	8498
916	8499
1000	8500
1660	8501
1081	8502
4937	8503
1817	8504
3816	8505
399	8506
3373	8507
613	8508
5486	8509
278	8510
802	8511
4327	8512
135	8513
349	8514
902	8515
1033	8516
4310	8517
2697	8518
1895	8519
2446	8520
32	8521
1842	8522
6148	8523
917	8524
6208	8525
5435	8526
1580	8527
866	8528
28	8529
304	8530
6229	8531
138	8532
4471	8533
407	8534
445	8535
1549	8536
1140	8537
497	8538
2483	8539
4678	8540
4344	8541
215	8542
1853	8543
2	8544
563	8545
628	8546
9	8547
3049	8548
561	8549
5345	8550
993	8551
4166	8552
1496	8553
4958	8554
3091	8555
53	8556
272	8557
2068	8558
4726	8559
576	8560
590	8561
2520	8562
4394	8563
3412	8564
6156	8565
1598	8566
1559	8567
508	8568
1781	8569
528	8570
272	8571
5879	8572
505	8573
1737	8574
30	8575
316	8576
3680	8577
1377	8578
3021	8579
3703	8580
1149	8581
5396	8582
34	8583
78	8584
1135	8585
638	8586
742	8587
5229	8588
3911	8589
4037	8590
3907	8591
4307	8592
13	8593
4854	8594
1134	8595
114	8596
1593	8597
5409	8598
586	8599
1955	8600
1099	8601
6189	8602
3443	8603
5600	8604
3190	8605
4887	8606
4343	8607
3368	8608
5969	8609
5394	8610
107	8611
325	8612
190	8613
4589	8614
5806	8615
280	8616
300	8617
3123	8618
3	8619
310	8620
48	8621
1204	8622
68	8623
1615	8624
457	8625
500	8626
1109	8627
2582	8628
984	8629
967	8630
2762	8631
2966	8632
3768	8633
724	8634
2	8635
6079	8636
4153	8637
2345	8638
3970	8639
104	8640
120	8641
3358	8642
2055	8643
6217	8644
2269	8645
6200	8646
1065	8647
2	8648
731	8649
462	8650
462	8651
1956	8652
24	8653
1138	8654
3873	8655
749	8656
5500	8657
738	8658
87	8659
452	8660
2846	8661
1	8662
950	8663
1300	8664
2429	8665
5540	8666
5253	8667
1038	8668
1313	8669
4518	8670
1797	8671
3526	8672
1948	8673
2500	8674
271	8675
928	8676
4803	8677
12	8678
685	8679
5519	8680
748	8681
174	8682
465	8683
565	8684
1969	8685
5276	8686
4090	8687
1358	8688
1141	8689
5935	8690
1191	8691
876	8692
27	8693
813	8694
241	8695
389	8696
989	8697
5294	8698
127	8699
87	8700
4436	8701
1361	8702
5949	8703
459	8704
5	8705
1577	8706
280	8707
5106	8708
3625	8709
119	8710
4413	8711
5867	8712
5336	8713
5812	8714
3121	8715
529	8716
5243	8717
566	8718
3877	8719
160	8720
5121	8721
5504	8722
523	8723
2646	8724
4890	8725
346	8726
959	8727
1849	8728
979	8729
1980	8730
1393	8731
725	8732
307	8733
1733	8734
4908	8735
5744	8736
1142	8737
52	8738
1	8739
55	8740
818	8741
4948	8742
1553	8743
5161	8744
2878	8745
645	8746
1386	8747
3258	8748
2037	8749
2518	8750
5028	8751
280	8752
3804	8753
607	8754
5304	8755
538	8756
5372	8757
5745	8758
2266	8759
391	8760
6249	8761
2896	8762
6242	8763
4289	8764
17	8765
1	8766
1	8767
3	8768
24	8769
1097	8770
135	8771
1584	8772
309	8773
270	8774
18	8775
11	8776
226	8777
2881	8778
4	8779
19	8780
650	8781
6050	8782
787	8783
57	8784
265	8785
719	8786
118	8787
4106	8788
102	8789
4867	8790
3010	8791
3793	8792
945	8793
10	8794
83	8795
3512	8796
99	8797
170	8798
236	8799
1507	8800
1	8801
1	8802
1144	8803
3246	8804
4727	8805
31	8806
942	8807
12	8808
3	8809
5	8810
1292	8811
707	8812
4848	8813
271	8814
30	8815
5739	8816
1897	8817
1642	8818
67	8819
3037	8820
1040	8821
1259	8822
1528	8823
895	8824
1956	8825
467	8826
3557	8827
146	8828
40	8829
30	8830
1397	8831
1616	8832
3124	8833
256	8834
4085	8835
687	8836
1433	8837
60	8838
11	8839
17	8840
1543	8841
170	8842
3113	8843
362	8844
495	8845
2887	8846
48	8847
4	8848
2	8849
2041	8850
1	8851
14	8852
198	8853
331	8854
4	8855
2	8856
1809	8857
3	8858
306	8859
3	8860
184	8861
243	8862
579	8863
6192	8864
1	8865
1718	8866
1622	8867
652	8868
733	8869
67	8870
592	8871
751	8872
1644	8873
15	8874
2904	8875
5202	8876
873	8877
10	8878
72	8879
3271	8880
2	8881
662	8882
248	8883
4	8884
1613	8885
4013	8886
1344	8887
6001	8888
200	8889
3322	8890
176	8891
633	8892
49	8893
1331	8894
457	8895
3541	8896
927	8897
4358	8898
2180	8899
774	8900
4164	8901
704	8902
267	8903
12	8904
6144	8905
1497	8906
4974	8907
5481	8908
5311	8909
4141	8910
2178	8911
5017	8912
597	8913
488	8914
5940	8915
855	8916
736	8917
2744	8918
5960	8919
4156	8920
4	8921
2291	8922
448	8923
231	8924
786	8925
6239	8926
2559	8927
4516	8928
957	8929
746	8930
725	8931
2399	8932
674	8933
2767	8934
1540	8935
4841	8936
5302	8937
2339	8938
2522	8939
4439	8940
5227	8941
678	8942
2568	8943
1518	8944
2143	8945
1492	8946
871	8947
5817	8948
5522	8949
3431	8950
2188	8951
4626	8952
1199	8953
244	8954
1765	8955
1383	8956
5676	8957
2040	8958
43	8959
103	8960
5014	8961
5277	8962
4605	8963
991	8964
1680	8965
1509	8966
3587	8967
4899	8968
1600	8969
1221	8970
587	8971
922	8972
4772	8973
3183	8974
5247	8975
953	8976
619	8977
608	8978
4184	8979
115	8980
255	8981
982	8982
2805	8983
1944	8984
2510	8985
527	8986
4492	8987
214	8988
5701	8989
232	8990
1610	8991
2075	8992
2861	8993
101	8994
1227	8995
901	8996
5902	8997
6245	8998
5200	8999
1702	9000
1027	9001
5337	9002
13	9003
2051	9004
1087	9005
3400	9006
4513	9007
2545	9008
5111	9009
5723	9010
302	9011
913	9012
40	9013
4572	9014
61	9015
1708	9016
942	9017
4566	9018
1730	9019
944	9020
466	9021
776	9022
1319	9023
3015	9024
3434	9025
2018	9026
834	9027
521	9028
184	9029
242	9030
2888	9031
898	9032
4663	9033
1891	9034
307	9035
21	9036
1276	9037
5986	9038
103	9039
10	9040
5046	9041
278	9042
121	9043
5404	9044
404	9045
3140	9046
4485	9047
1704	9048
2	9049
734	9050
1033	9051
118	9052
7	9053
3146	9054
1900	9055
2879	9056
2	9057
418	9058
804	9059
3318	9060
676	9061
1389	9062
17	9063
1248	9064
4119	9065
2872	9066
748	9067
4014	9068
531	9069
3181	9070
2210	9071
4744	9072
3756	9073
2895	9074
39	9075
444	9076
1934	9077
4508	9078
5695	9079
2813	9080
6010	9081
3270	9082
14	9083
4500	9084
3740	9085
3820	9086
2218	9087
2803	9088
1933	9089
445	9090
5875	9091
6	9092
556	9093
63	9094
83	9095
596	9096
5	9097
9	9098
1432	9099
3	9100
22	9101
23	9102
9	9103
687	9104
4	9105
932	9106
1367	9107
7	9108
325	9109
1859	9110
805	9111
82	9112
40	9113
1034	9114
763	9115
4991	9116
2213	9117
4581	9118
3	9119
11	9120
2847	9121
5210	9122
1903	9123
60	9124
937	9125
5467	9126
1491	9127
258	9128
467	9129
3590	9130
249	9131
4865	9132
1	9133
955	9134
1562	9135
1646	9136
3840	9137
2207	9138
6	9139
531	9140
869	9141
4815	9142
5099	9143
1407	9144
717	9145
4419	9146
1334	9147
554	9148
333	9149
3837	9150
3191	9151
3169	9152
2390	9153
5510	9154
1555	9155
1466	9156
5153	9157
3292	9158
871	9159
5075	9160
929	9161
2585	9162
5716	9163
311	9164
639	9165
4949	9166
435	9167
6054	9168
3688	9169
648	9170
3846	9171
2454	9172
2927	9173
1289	9174
1121	9175
5170	9176
5098	9177
4833	9178
3736	9179
4687	9180
3704	9181
3500	9182
2073	9183
3751	9184
3676	9185
5931	9186
780	9187
5932	9188
548	9189
484	9190
3937	9191
2990	9192
3775	9193
1512	9194
6002	9195
2812	9196
3173	9197
3917	9198
2472	9199
1671	9200
1272	9201
5054	9202
4226	9203
1342	9204
4871	9205
3016	9206
4642	9207
156	9208
839	9209
5204	9210
318	9211
2884	9212
995	9213
73	9214
200	9215
109	9216
676	9217
1	9218
90	9219
2	9220
5029	9221
268	9222
5489	9223
2277	9224
8	9225
3770	9226
1432	9227
7	9228
1284	9229
32	9230
5734	9231
7	9232
1487	9233
24	9234
3320	9235
4725	9236
2549	9237
7	9238
1307	9239
441	9240
4832	9241
328	9242
2788	9243
1895	9244
1941	9245
1929	9246
2006	9247
1613	9248
669	9249
36	9250
1693	9251
196	9252
395	9253
219	9254
32	9255
225	9256
319	9257
728	9258
3475	9259
2480	9260
3329	9261
5883	9262
372	9263
882	9264
13	9265
1347	9266
234	9267
5778	9268
526	9269
6098	9270
1812	9271
146	9272
691	9273
5071	9274
4129	9275
2745	9276
3422	9277
5993	9278
387	9279
2934	9280
5122	9281
1499	9282
619	9283
624	9284
1756	9285
3631	9286
373	9287
12	9288
377	9289
388	9290
1441	9291
1995	9292
315	9293
1362	9294
2907	9295
965	9296
6068	9297
2918	9298
5286	9299
1773	9300
709	9301
1114	9302
133	9303
5837	9304
2584	9305
382	9306
1560	9307
4749	9308
3386	9309
5436	9310
2515	9311
1410	9312
291	9313
1466	9314
512	9315
1611	9316
486	9317
2870	9318
1266	9319
11	9320
996	9321
4925	9322
68	9323
59	9324
5488	9325
503	9326
392	9327
2553	9328
5705	9329
915	9330
228	9331
993	9332
511	9333
651	9334
1635	9335
80	9336
105	9337
3962	9338
2749	9339
1511	9340
4273	9341
782	9342
5561	9343
4826	9344
6032	9345
632	9346
541	9347
86	9348
12	9349
2457	9350
2534	9351
3633	9352
6269	9353
6063	9354
2322	9355
5086	9356
5110	9357
1482	9358
3057	9359
2467	9360
1709	9361
2336	9362
637	9363
756	9364
4831	9365
5373	9366
1361	9367
2997	9368
2509	9369
2723	9370
2727	9371
1205	9372
4395	9373
2804	9374
115	9375
312	9376
95	9377
2285	9378
38	9379
294	9380
181	9381
4918	9382
5026	9383
3070	9384
929	9385
4261	9386
5670	9387
3951	9388
1167	9389
3286	9390
3764	9391
5575	9392
443	9393
3923	9394
1627	9395
2838	9396
269	9397
64	9398
5593	9399
5297	9400
130	9401
1006	9402
866	9403
180	9404
2974	9405
1217	9406
2104	9407
134	9408
3127	9409
1217	9410
1694	9411
819	9412
1349	9413
165	9414
3617	9415
489	9416
549	9417
3949	9418
2140	9419
3221	9420
5957	9421
1544	9422
4039	9423
2048	9424
710	9425
4690	9426
5530	9427
393	9428
622	9429
4863	9430
4100	9431
3474	9432
1923	9433
6216	9434
4550	9435
1013	9436
1960	9437
1320	9438
4795	9439
412	9440
562	9441
1140	9442
5	9443
5	9444
269	9445
49	9446
731	9447
2894	9448
785	9449
905	9450
3729	9451
5980	9452
1302	9453
1400	9454
3802	9455
634	9456
4941	9457
5942	9458
3175	9459
2437	9460
1188	9461
5784	9462
3395	9463
793	9464
1312	9465
551	9466
3661	9467
1021	9468
5421	9469
4420	9470
4179	9471
634	9472
2873	9473
4610	9474
4993	9475
4196	9476
5287	9477
3547	9478
578	9479
5456	9480
2658	9481
4102	9482
4482	9483
5613	9484
3997	9485
80	9486
5453	9487
168	9488
1023	9489
981	9490
4149	9491
2575	9492
414	9493
1162	9494
4750	9495
262	9496
134	9497
45	9498
2535	9499
5103	9500
3531	9501
131	9502
2619	9503
6064	9504
5502	9505
5	9506
1987	9507
618	9508
1077	9509
423	9510
310	9511
434	9512
1419	9513
5305	9514
1406	9515
1996	9516
1260	9517
4064	9518
12	9519
1281	9520
2303	9521
887	9522
2385	9523
266	9524
1398	9525
982	9526
2	9527
4097	9528
254	9529
1414	9530
189	9531
2	9532
4851	9533
157	9534
4	9535
4437	9536
306	9537
4879	9538
819	9539
134	9540
4939	9541
3991	9542
1565	9543
3583	9544
4225	9545
3600	9546
2910	9547
3087	9548
1041	9549
4930	9550
3635	9551
149	9552
1547	9553
1281	9554
809	9555
3264	9556
3151	9557
6006	9558
1563	9559
4187	9560
5013	9561
1235	9562
3803	9563
33	9564
2569	9565
33	9566
4924	9567
263	9568
1676	9569
1075	9570
4452	9571
3879	9572
606	9573
322	9574
641	9575
1727	9576
1307	9577
772	9578
5918	9579
334	9580
426	9581
1829	9582
55	9583
6185	9584
7	9585
1	9586
2308	9587
2286	9588
7	9589
5689	9590
4095	9591
992	9592
1421	9593
163	9594
3185	9595
5926	9596
472	9597
2779	9598
6067	9599
337	9600
4773	9601
1395	9602
2746	9603
616	9604
672	9605
4383	9606
827	9607
3243	9608
5246	9609
1674	9610
44	9611
784	9612
1261	9613
19	9614
5769	9615
45	9616
5598	9617
684	9618
116	9619
6222	9620
4601	9621
4786	9622
2552	9623
4	9624
3	9625
3978	9626
1102	9627
3	9628
3212	9629
561	9630
673	9631
9	9632
1236	9633
924	9634
17	9635
924	9636
3	9637
6173	9638
1828	9639
5572	9640
62	9641
62	9642
288	9643
3	9644
5149	9645
48	9646
3	9647
3310	9648
3	9649
607	9650
663	9651
1910	9652
2	9653
225	9654
5109	9655
641	9656
9	9657
11	9658
321	9659
1834	9660
2216	9661
1230	9662
506	9663
1781	9664
3369	9665
2187	9666
406	9667
433	9668
3251	9669
1176	9670
4000	9671
144	9672
1166	9673
163	9674
432	9675
2945	9676
5643	9677
4818	9678
4898	9679
1684	9680
223	9681
775	9682
1484	9683
3599	9684
880	9685
440	9686
1364	9687
2977	9688
5813	9689
2612	9690
671	9691
3214	9692
2325	9693
7	9694
4283	9695
2841	9696
5426	9697
116	9698
1869	9699
4370	9700
58	9701
4172	9702
681	9703
3	9704
2061	9705
2940	9706
8	9707
318	9708
3077	9709
5147	9710
134	9711
1819	9712
437	9713
5527	9714
1561	9715
2138	9716
641	9717
16	9718
1761	9719
363	9720
1806	9721
1216	9722
376	9723
1868	9724
1066	9725
2809	9726
4532	9727
4873	9728
2206	9729
5395	9730
4603	9731
1233	9732
3052	9733
173	9734
1778	9735
558	9736
417	9737
2747	9738
1074	9739
951	9740
2886	9741
716	9742
2241	9743
1778	9744
3779	9745
5560	9746
643	9747
432	9748
857	9749
973	9750
6083	9751
3	9752
914	9753
189	9754
1257	9755
1519	9756
4736	9757
2	9758
224	9759
16	9760
4708	9761
1170	9762
889	9763
940	9764
173	9765
219	9766
716	9767
1381	9768
16	9769
1875	9770
3821	9771
16	9772
1641	9773
2169	9774
5516	9775
235	9776
4258	9777
1887	9778
3454	9779
1741	9780
1098	9781
1098	9782
2001	9783
987	9784
2409	9785
334	9786
4509	9787
640	9788
5320	9789
1275	9790
3687	9791
3353	9792
1097	9793
315	9794
410	9795
1823	9796
3941	9797
817	9798
948	9799
463	9800
5312	9801
279	9802
5946	9803
3289	9804
5444	9805
6283	9806
1839	9807
1743	9808
3496	9809
589	9810
1381	9811
1940	9812
55	9813
5001	9814
1351	9815
5881	9816
6236	9817
811	9818
845	9819
1545	9820
5038	9821
1212	9822
5648	9823
814	9824
8	9825
3954	9826
2869	9827
3371	9828
251	9829
161	9830
2548	9831
5011	9832
4104	9833
489	9834
4059	9835
831	9836
869	9837
767	9838
2470	9839
3486	9840
6203	9841
2741	9842
2292	9843
1979	9844
4785	9845
467	9846
870	9847
1999	9848
3757	9849
7	9850
109	9851
486	9852
125	9853
3580	9854
7	9855
4190	9856
21	9857
21	9858
105	9859
1111	9860
13	9861
270	9862
1724	9863
182	9864
2377	9865
4335	9866
1516	9867
2109	9868
729	9869
1429	9870
93	9871
461	9872
69	9873
4723	9874
1477	9875
4969	9876
621	9877
6132	9878
5264	9879
2709	9880
2123	9881
1336	9882
1820	9883
5741	9884
2970	9885
3065	9886
1205	9887
3497	9888
3862	9889
454	9890
3419	9891
2831	9892
449	9893
2944	9894
1082	9895
2275	9896
864	9897
4714	9898
2638	9899
2764	9900
3686	9901
174	9902
1245	9903
5368	9904
1951	9905
5868	9906
1368	9907
356	9908
4650	9909
2798	9910
5807	9911
69	9912
4181	9913
609	9914
364	9915
2217	9916
607	9917
473	9918
215	9919
3865	9920
1485	9921
1480	9922
4314	9923
3594	9924
2921	9925
4	9926
876	9927
5226	9928
1952	9929
657	9930
1889	9931
2063	9932
3375	9933
3897	9934
269	9935
4742	9936
2717	9937
1279	9938
750	9939
1767	9940
525	9941
525	9942
164	9943
3093	9944
5833	9945
4877	9946
5129	9947
657	9948
6190	9949
1963	9950
6109	9951
729	9952
1991	9953
6000	9954
5759	9955
6205	9956
1915	9957
1424	9958
2572	9959
3250	9960
1327	9961
107	9962
57	9963
5647	9964
241	9965
3681	9966
241	9967
384	9968
185	9969
3133	9970
8	9971
6066	9972
1759	9973
2078	9974
2019	9975
1966	9976
2529	9977
972	9978
297	9979
2142	9980
1279	9981
1443	9982
5539	9983
4110	9984
113	9985
1207	9986
464	9987
390	9988
2445	9989
507	9990
6133	9991
6114	9992
2225	9993
5512	9994
481	9995
1153	9996
3510	9997
3606	9998
1060	9999
1675	10000
