1775	14	3	6.2
8	4267	3	28.48
2020	107	6	49.82
98	3028	4	15.87
131	122	3	4.83
12	743	4	4.36
3228	12	4	15.76
173	4891	3	38.56
105	122	9	7.44
105	222	3	4.4
98	5919	3	17.47
574	233	5	51.2
102	3409	3	16.36
213	102	6	7.89
818	14	4	4.93
98	1455	7	25.01
2616	1282	3	48.03
109	545	3	11.89
101	812	3	7.45
443	157	5	40.87
2087	116	4	33.43
430	101	6	16.06
98	6124	3	17.47
7002	914	3	55.56
5320	170	3	38.35
103	179	6	4.98
2899	12	3	8.27
102	4353	3	17.91
104	926	13	88.93
700	14	6	10.27
118	785	19	208.5
145	2342	3	29.89
2	210	5	9.53
109	1496	4	26.28
2	312	37	282.7
4613	4440	3	63.14
103	688	4	12.37
102	532	12	57.6
126	485	7	52.94
158	111	5	10.15
680	175	4	35.95
102	448	13	59.37
108	4363	3	24.09
361	107	3	9.08
98	869	19	110.64
1686	12	3	5.4
104	346	6	16.08
183	5258	3	39.28
101	7596	3	24.01
153	2050	3	30.45
234	101	11	26.8
2	2104	5	34.23
486	12	11	22.89
3582	16	3	31.52
3470	12	3	9.4
12	4895	3	13
2377	244	3	36.53
98	3614	5	29.11
108	1847	3	18.66
163	427	12	122.98
7915	14	3	17.66
1306	14	3	4.3
1024	414	4	49.54
12	2	584	1308.35
12	159	19	9.07
490	102	6	18.41
108	3320	5	45.94
102	5879	3	24.58
104	1440	4	18.07
101	409	16	75.16
111	1324	6	45.16
290	3722	4	59.91
1741	107	3	17.82
120	1749	3	23.5
98	4435	3	13.08
289	117	4	17.51
98	4647	3	13.08
1572	102	3	11.38
116	1738	5	42.1
3020	2134	3	52.36
1271	14	4	7.87
451	12	6	5.48
105	2127	3	17.56
98	4662	3	13.08
98	2565	5	20.96
145	202	5	28.41
98	4482	4	23.29
98	4558	4	23.29
199	101	8	11.68
115	152	4	8.15
3257	104	6	50.78
1898	14	4	10.73
206	124	5	23.25
98	1979	8	40.41
414	102	4	8.15
101	203	6	6.46
2015	14	3	6.85
390	151	5	39.09
2414	12	3	7.36
209	647	3	27.19
106	286	4	11.04
176	104	6	5.22
662	12	5	6.22
102	483	27	184.04
104	566	4	11.31
101	1526	4	17.03
104	395	3	5.03
102	2844	3	15.15
103	128	18	19.73
107	825	3	13.91
745	110	3	14.51
102	1044	4	14.66
331	122	3	14.51
2111	12	6	23.65
1824	163	4	43.12
5322	820	3	50.41
2082	12	6	23.65
109	190	3	4.6
98	1147	15	87.34
109	338	4	14.26
1197	12	6	15.6
98	6087	3	17.47
98	6139	3	17.47
489	162	4	31.84
907	102	3	8.54
12	1091	13	60.23
599	14	7	11.98
1720	14	3	5.63
225	1643	3	33.51
1186	1706	4	62.06
98	1606	11	64.05
166	122	3	8.04
903	12	5	8.66
173	506	4	33.1
252	12	12	11.98
2	348	12	58.96
1466	1610	5	83.66
2493	101	4	21.07
3670	1616	3	52.51
387	14	7	7.14
103	379	4	8.14
102	686	10	49.81
116	1329	3	19.84
98	1344	3	4.54
875	509	3	35.46
1761	162	4	42.97
98	6222	3	17.47
1629	874	5	78.06
105	510	6	27
277	400	4	38.16
103	207	6	8.37
826	491	5	64.23
276	114	3	10.38
1255	12	3	4.08
310	103	4	6.66
98	6259	3	17.47
165	136	72	752.32
98	251	66	354.42
102	2388	5	30.48
98	3022	6	34.93
103	6587	3	25.03
108	223	6	19.57
131	212	7	41.6
778	1196	3	39.9
259	113	5	20.81
1526	14	3	5.14
103	1171	5	22.93
156	200	15	127.03
138	744	5	42.85
105	314	3	6.78
163	771	10	112.77
572	162	5	43.93
102	2026	3	13.32
112	116	10	12.39
106	344	4	12.63
12	197	13	7.93
4239	12	3	10.88
505	12	9	16.2
2326	14	7	35.28
101	450	3	4.44
167	468	5	41.98
107	4034	3	23.91
9	99	52	17.28
1041	133	5	44.79
249	648	3	28.7
104	193	7	10.9
1182	14	5	11.42
98	710	21	108.93
5431	102	3	20.11
2238	101	3	13.61
98	4477	4	23.29
98	2560	7	40.76
3335	1321	3	49.27
102	6614	3	24.58
1423	1722	3	45.2
119	2148	3	23.72
1612	3581	5	99.96
98	915	5	8.78
884	14	4	5.61
101	198	12	25.93
125	110	8	11.71
120	648	4	26.25
98	1782	9	46.01
2495	102	3	14.16
855	14	4	5.26
12	447	32	156.75
106	243	8	29.23
116	732	3	16.64
176	118	3	6.77
1156	118	9	84.69
1394	12	3	4.47
120	675	8	65.76
12	4896	4	23.18
104	1138	4	16.77
1	99	53	275.3
1911	14	3	6.2
921	14	5	9.57
98	3563	5	29.11
110	2758	3	22.32
137	121	18	93.29
102	1221	12	83.43
103	665	5	17.32
211	101	6	7.04
114	2696	5	48.15
141	118	5	11.07
432	12	6	5.25
98	1002	16	85.67
869	13	18	211.69
717	105	3	11.43
1383	160	3	28.19
103	2133	5	29.48
12	3795	3	10.88
119	4669	3	30.65
114	254	3	9.6
98	4632	4	23.29
145	111	4	4.92
103	861	4	13.85
114	203	4	12.59
1013	111	4	24.37
1120	14	4	6.85
1075	14	4	6.85
114	1482	4	29.98
119	1923	3	22.96
98	8210	3	17.47
98	1945	3	6.68
172	125	4	13.96
1496	12	3	4.91
101	537	3	5.33
110	143	5	7.17
870	651	9	136.8
98	5918	3	17.47
147	5443	3	36.16
12	2590	7	40.56
104	724	3	8.16
104	800	8	40.18
185	1105	10	126.19
224	107	4	9.81
113	407	5	26.33
98	3057	4	15.87
341	2930	3	40
113	154	7	21.39
150	551	7	64.02
107	628	3	12.07
107	680	3	12.78
2258	12	3	7.36
3420	984	3	47.6
246	1643	5	63.65
98	354	43	234.36
1153	543	4	52.92
3290	102	3	16.36
688	501	3	33.95
116	274	5	22.83
12	993	4	6.1
102	7796	3	24.58
430	9	10	73.97
105	553	4	15.43
98	6173	3	17.47
152	1199	3	26.63
922	451	6	80.24
98	1005	16	85.67
104	362	4	8.05
941	241	4	43.81
108	1038	6	39.66
111	5777	3	27.6
1768	14	3	6.2
153	3251	3	33.58
12	1309	3	4.08
549	157	4	32.56
113	749	7	51.32
1366	14	4	8.47
98	3630	4	18.4
104	4129	4	28.88
106	151	7	12.24
209	735	4	39.82
102	1338	5	23.91
102	1278	12	86.92
98	1776	9	46.01
2163	12	3	6.61
110	460	4	17.66
101	122	22	20.8
125	139	5	14.72
12	4699	4	23.18
110	580	3	12.81
5592	12	3	13
237	401	4	36.24
133	229	4	20.63
301	107	5	18.31
137	480	3	19.34
1551	14	3	5.14
12	217	10	4.61
104	3798	5	42.31
8	430	10	73.82
98	4527	3	13.08
219	115	3	8.51
102	6471	3	24.58
204	681	3	27.37
5	829	3	28.42
2284	12	3	7.36
175	12	14	4.4
1557	431	3	37.65
104	280	4	6.1
2500	12	3	7.36
530	12	8	13.56
114	722	3	16.23
98	2968	6	34.93
98	242	69	371.57
7177	226	3	46.47
1957	110	6	52.28
217	157	10	78.61
12	2523	7	34.64
2	1142	6	35.81
480	103	3	5.55
5774	9	3	30.75
98	3679	3	10.96
2469	12	4	12.54
106	660	3	11.49
12	938	16	80.39
98	5988	3	17.47
98	6160	3	17.47
282	248	5	44.56
825	175	5	49.5
2613	108	3	21.28
228	14	16	20.71
2195	14	3	6.85
146	110	24	107.61
98	496	6	6.66
878	14	5	9.04
773	12	6	11.34
127	192	5	22.67
103	245	5	7.37
103	295	9	27.19
229	1009	5	56.99
990	225	3	30.19
362	2084	3	38.64
457	103	3	5.4
173	1617	3	30.18
104	2227	5	31.82
107	630	3	12.3
113	257	20	142.6
204	595	3	26.39
105	575	3	10.05
103	1489	8	51.61
356	363	6	65.58
4600	1006	4	75.33
2168	14	3	6.85
137	630	3	21.2
98	1231	12	58.61
408	12	6	4.81
551	378	3	31.03
3622	107	3	23.91
1227	9	3	20.76
98	5900	3	17.47
104	3331	3	17.16
149	117	4	8.36
285	110	3	8.78
98	3015	5	23.82
98	3059	6	34.93
8	7051	3	35.2
119	281	10	63.48
1162	14	3	3.94
481	175	4	32.72
6250	105	3	28.92
1521	12	3	4.91
140	176	5	23.87
120	1270	3	21.85
1320	107	4	24.19
12	1409	5	12.56
98	4466	4	23.29
254	105	3	5.24
128	1670	4	36.08
98	4618	4	23.29
98	2549	7	40.76
104	275	4	5.88
1586	14	3	5.14
294	184	10	94.02
1692	244	3	34.22
5093	14	3	13.27
528	438	5	58.14
730	101	3	6.94
1788	118	9	98.35
119	1893	3	22.96
98	3577	5	29.11
98	3645	4	18.4
8193	820	3	54.91
6934	107	3	30.61
150	5552	3	36.83
104	1352	3	11.63
125	298	3	14.35
164	113	13	57.69
447	117	3	13.99
2625	14	4	14.31
1830	14	3	6.2
102	551	3	5.98
3190	12	3	9.4
2200	12	3	6.61
2166	426	3	39.53
104	1530	5	26.22
824	14	7	15.98
1750	14	3	5.63
110	115	9	7.17
98	1978	9	52.4
109	888	3	14.7
1232	113	4	28.29
126	1534	3	24.16
12	145	134	496.8
106	435	4	14.28
3030	12	3	9.4
1426	104	3	11.63
168	105	4	3.96
1264	12	3	4.08
395	1772	5	70.85
98	2576	6	29.3
98	4597	4	23.29
4551	103	3	20.56
142	1137	6	60.19
111	1338	3	18.14
164	155	5	25.97
104	459	3	5.7
104	400	3	5.03
141	144	3	8.66
109	2059	4	29.15
152	1269	3	27.09
2303	12	4	12.54
130	114	8	18.67
436	583	3	32.09
12	567	25	122.08
968	107	4	21.92
106	114	13	9.88
106	285	6	21.23
102	1240	9	55.67
1767	101	5	26.34
662	109	5	27.04
4050	12	3	10.88
98	3596	5	29.11
433	157	7	62
573	14	5	5.37
927	102	4	14.17
128	341	3	15.45
128	193	14	95.53
98	6130	3	17.47
531	103	3	6.19
120	199	4	15.34
373	105	3	7.81
2853	12	5	20.82
104	1012	3	9.95
266	124	3	13.04
110	3496	3	23.55
113	187	3	6.65
364	102	3	4.05
131	124	4	8.46
1331	14	6	18.13
108	305	5	18.78
98	3006	6	34.93
1371	2835	3	48.53
324	514	3	29.42
463	503	3	31.39
126	650	3	19.11
149	1428	3	27.14
1577	107	5	34.82
2	486	14	83.61
102	4653	4	32.77
104	713	3	8.16
1192	101	5	21.29
102	4501	3	20.11
102	2404	6	40.23
98	1465	8	31.75
98	5873	3	17.47
12	717	19	89.31
864	14	4	5.26
120	359	6	37.58
3033	14	3	9.66
485	252	5	50.41
124	121	4	6.23
194	110	3	5.71
2178	109	3	19.7
460	12	7	8.38
119	1477	3	21.7
105	183	5	8.1
105	112	18	14.5
8	1837	4	33.51
128	472	14	130.07
105	284	3	6.11
2818	107	3	21.1
98	2989	4	15.87
2	6661	3	27.91
1261	14	5	12.15
12	5655	3	13
98	541	27	138.08
155	133	4	14.85
295	110	4	14.16
102	894	4	13.72
3372	1206	5	90.61
1967	392	6	90.36
1311	750	9	148.61
98	6189	3	17.47
138	896	4	33.57
98	6113	3	17.47
1649	12	5	14.49
153	254	12	104.18
6121	2820	3	62.57
5341	102	3	20.11
160	14	75	226.48
328	110	4	15.04
108	1676	5	36.24
122	128	4	7.35
515	14	7	10.29
128	800	3	20.69
12	349	22	65.37
102	1153	8	45.06
12	2655	7	40.56
486	304	5	53.3
229	383	5	46.95
6146	4522	3	67.64
402	757	16	250.53
101	1520	3	10.85
2365	12	3	7.36
1215	1085	4	58.49
6447	561	3	52.63
150	940	5	47.68
130	126	8	27.7
271	102	4	5.05
102	441	6	17.4
130	273	3	14.68
215	113	6	24.39
98	4444	4	23.29
98	2579	7	40.76
106	1146	3	14.68
6094	14	3	17.66
7365	111	3	32.09
721	287	3	30.72
403	104	4	8.72
102	2933	4	23.31
971	116	5	36.03
98	1961	9	52.4
682	2542	3	44.49
4186	2682	3	55.84
110	276	3	8.49
138	6448	3	39.81
182	113	4	10.21
103	1820	4	20.1
394	14	6	4.97
115	222	6	25.41
12	119	40	3.91
2180	12	3	6.61
1263	12	4	7.56
2404	163	5	60.17
339	12	7	5.14
6525	3858	3	65.4
427	14	8	11.22
788	14	5	8.11
301	108	9	44.3
1113	102	4	15.18
154	102	7	4.35
104	178	7	7.85
104	228	23	99.83
98	4570	4	23.29
114	315	5	23.92
107	360	4	14.32
104	5019	3	20.92
171	103	18	45.42
105	1841	3	16.82
1163	103	6	30.15
326	105	4	11.43
130	150	6	24.47
1214	114	3	18.97
104	4694	3	20.92
2875	111	4	33.26
98	1004	13	57.59
98	1777	3	6.03
2387	14	4	12.89
1680	14	3	5.63
7003	14	3	17.66
5138	14	3	13.27
535	6456	3	52.42
5849	5	3	45.31
12	546	5	4.77
101	729	3	6.94
609	103	4	11.44
12	4187	3	10.88
120	238	7	38.48
388	107	4	14.87
909	101	3	8.03
231	6529	3	46.55
163	921	3	26.21
648	108	14	108.1
98	6159	3	17.47
2389	123	3	26.48
889	157	6	60.51
204	427	4	35.08
12	1650	3	5.4
107	614	3	12.07
397	2506	5	74.13
105	1119	6	36.85
655	12	5	5.9
12	5416	4	23.18
1444	12	3	4.47
132	1295	4	35.31
478	799	3	34.44
98	6250	3	17.47
1486	108	3	17.4
7515	233	3	46.63
103	347	3	4.08
337	421	4	40.39
2512	758	8	147.83
6617	421	3	50.98
105	110	66	178.51
98	3680	5	29.11
363	12	14	29.49
101	880	3	8.03
1191	101	3	9.44
112	132	5	6.84
2722	12	4	13.96
727	12	4	4.08
103	1277	9	57.01
105	320	3	6.88
460	136	3	18.91
1910	104	3	13.37
1417	12	12	62.6
12	851	7	16.14
1427	378	3	36.48
123	322	3	14.43
300	559	9	111.33
101	949	3	8.34
1884	14	4	10.73
8	11	3	30.7
121	781	4	28.62
104	839	7	33.73
1101	157	3	26.62
102	4575	4	32.77
2192	104	4	21.63
131	202	4	18.72
3629	12	3	10.88
1386	12	4	8.15
215	966	3	29.83
596	103	3	6.74
1105	104	9	54.45
2	180	26	112.39
108	4691	3	26.31
1067	14	7	20.25
2926	14	3	8.53
111	850	3	15.35
102	3634	5	40.96
98	6156	3	17.47
98	6208	3	17.47
102	1696	5	26.01
101	269	5	7.23
121	1215	4	31.65
910	3428	3	47.24
3509	2803	5	101.33
111	338	4	15.51
625	14	5	5.94
106	155	6	9.53
12	593	5	5.3
98	3578	5	29.11
98	3646	5	29.11
108	7772	3	30.79
1380	121	4	32.99
298	115	3	11.04
315	252	6	57.84
103	652	4	11.73
102	2791	4	23.31
4988	101	3	19.55
3411	1148	3	48.81
4098	788	4	68.42
240	12	9	4.6
1586	101	3	10.85
229	246	3	21.59
129	2831	3	28.73
103	974	8	42.34
1449	14	3	4.69
181	113	3	5.94
114	298	4	16.89
98	4679	4	23.29
365	341	3	27.68
12	264	8	4.19
16	59	3	13.45
730	14	7	14.67
12	131	281	1563.14
1844	14	3	6.2
2358	588	5	78.26
16	164	4	14.26
358	14	6	4.2
220	161	11	89.99
1482	14	4	9.13
110	105	30	39.94
3172	12	3	9.4
1617	101	5	25.08
195	539	3	25.38
172	288	5	37.95
261	246	3	22.65
2237	634	4	60.46
104	2811	6	45.07
102	366	12	47.85
102	545	3	5.98
7119	14	3	17.66
164	154	3	12.49
1152	107	3	15.75
3220	12	3	9.4
1249	12	3	4.08
3063	103	6	50.06
117	1665	4	31.77
307	103	4	6.53
573	101	3	5.68
997	1972	4	62.96
106	113	68	241.4
176	102	8	8.73
98	3595	5	29.11
590	14	6	8.6
490	147	3	20.44
12	312	9	9.11
1278	102	3	10.4
105	843	7	41.82
142	470	8	69.65
3231	105	4	30.96
113	2319	3	23.17
104	324	3	3.97
102	2917	4	23.31
57	12	12	6.58
57	167	3	15.92
2	7187	3	27.91
145	314	5	34.67
956	2708	4	65.25
21	99	288	1555.19
12	5386	4	23.18
103	444	5	13.41
98	3005	5	23.82
104	4687	4	33.85
1326	2623	6	111.09
105	272	3	5.85
128	385	3	16.38
356	160	21	235.83
12	716	23	133.3
12	768	4	4.36
1694	12	4	9.55
1489	107	6	44.68
14	99	9360	66349.7
98	1616	3	5.47
98	1464	3	4.98
531	102	7	25.04
1336	5793	3	53.59
2302	2629	3	51.99
153	305	3	18.93
98	6205	3	17.47
346	188	5	42
128	132	5	14.04
116	169	4	9.84
524	105	4	15.16
1121	118	13	136.12
1006	711	4	54.08
745	12	5	7.32
102	6991	3	24.58
1963	14	8	40.92
914	14	5	9.04
102	4399	3	17.91
513	137	5	38.59
119	398	23	214.17
113	221	3	8.49
119	457	3	14.68
755	430	3	33.63
107	746	4	20.18
180	110	60	457.07
102	955	10	57.48
103	219	13	37.71
119	2814	4	37.32
497	1063	6	82.59
98	542	7	10.73
103	3095	3	16.8
2	146	6	5.2
111	2028	3	20.69
98	1236	13	68.6
3487	789	4	65.79
98	6114	3	17.47
103	1394	4	17.6
313	157	13	124.54
183	450	3	23
105	182	5	7.91
2228	1831	5	90.67
192	135	3	12.21
105	224	4	7.86
302	345	4	38.18
12	2401	8	46.35
101	855	3	7.73
1518	12	3	4.91
140	143	9	44.67
102	4549	3	20.11
467	107	14	95.15
184	158	3	13.97
275	599	5	54.09
3528	12	3	9.4
98	6227	3	17.47
98	220	77	396.68
102	850	3	8.24
98	2990	6	34.93
3001	117	4	38.52
98	3042	6	34.93
121	303	4	20.85
256	102	5	7.23
104	309	7	19.22
1342	981	3	41.87
104	161	34	124.9
134	128	3	6.05
98	4445	3	13.08
98	2580	7	40.76
102	190	10	17.66
102	338	22	113.85
1326	2970	6	116.83
107	355	4	14.32
119	1938	3	22.96
106	527	4	15.91
115	5082	3	29.47
102	3857	5	40.96
775	14	6	11.81
3692	14	5	29.43
105	2335	3	18.42
109	789	3	14.07
143	937	4	34.53
986	102	3	8.86
148	105	10	20.37
12	348	12	20.11
102	1152	7	36.89
1854	109	4	28.07
98	2219	4	12.65
406	143	4	27.65
463	817	3	34.26
119	1014	5	38.06
633	110	6	35.81
4952	14	3	13.27
3302	588	3	44.75
129	240	10	69.13
105	475	4	14.19
1298	108	8	63.1
6016	14	3	17.66
98	5971	3	17.47
146	122	10	43.89
117	362	3	12.82
1291	12	3	4.08
98	539	6	7.27
102	1040	14	99
103	279	5	9.01
103	115	26	18.53
108	570	3	11.81
1224	436	15	261.41
108	314	4	13.43
299	102	7	17.28
1636	14	4	9.88
923	493	3	35.63
1164	103	5	22.93
12	3159	6	34.76
108	5191	3	26.31
120	373	5	29.87
574	104	3	6.86
143	116	6	14.58
4790	12	3	13
300	440	3	27.99
536	14	31	182.53
12	742	9	23.86
2125	173	3	31.61
163	681	7	70.19
111	485	3	11.92
110	133	10	23.3
170	3407	4	49.52
5550	101	3	19.55
122	596	4	26.5
12	232	67	322.64
490	103	3	5.7
504	12	5	4.08
98	4434	4	23.29
2498	12	3	7.36
2892	12	5	20.82
150	684	6	55.79
103	2159	4	21.16
403	102	3	4.39
4097	14	4	18.65
98	868	18	97.1
102	2824	6	43.45
1146	484	13	216.5
98	2218	8	46.58
238	495	24	341.28
4265	610	4	66.22
1380	150	6	64.81
106	134	10	17.32
12	486	6	5.99
1941	14	3	6.2
251	300	3	24.23
101	110	61	72.39
1323	14	3	4.3
12	4894	4	23.18
106	121	7	4.04
106	171	5	7.75
102	1126	6	28.32
106	221	6	17.09
124	2309	3	26.53
102	4128	4	27.8
102	6120	3	24.58
125	112	8	13.61
104	1157	3	10.73
125	183	4	14.93
1422	12	3	4.47
632	122	3	18.51
1134	101	4	14.46
801	136	8	77.53
102	4844	3	20.11
102	432	3	4.76
130	121	3	4.42
98	2233	8	46.58
2541	3965	3	55.84
114	359	6	32.75
137	1334	3	25.71
2261	14	5	19.17
137	1230	3	25.21
107	572	4	17.86
1608	8	5	43.56
98	4663	3	13.08
98	2566	7	40.76
98	4483	4	23.29
98	4559	3	13.08
1641	12	3	5.4
3884	12	3	10.88
104	260	6	11.85
7949	104	3	25.39
5227	12	3	13
110	218	3	6.64
104	1488	3	12.15
112	666	4	21.85
1674	12	3	5.4
2	1620	3	15.17
98	8177	3	17.47
1524	12	3	4.91
9	13	10	25.29
666	103	5	17.32
98	1980	9	52.4
2292	14	3	7.61
104	5747	4	33.85
199	14	15	12.96
1737	14	3	5.63
616	14	6	8.98
103	4177	3	18.36
124	200	16	111.13
109	441	4	16.49
1591	14	3	5.14
603	168	3	23.62
143	128	3	6.7
1108	114	4	27.29
123	190	6	27.57
149	103	22	51.82
114	615	5	30.79
98	3000	5	23.82
103	445	4	9.05
116	1176	3	19.39
397	1048	5	64.12
103	2894	5	33.4
716	117	3	16.92
3667	14	3	11.14
331	123	26	253.52
2	164	18	58.42
108	493	19	148.82
127	105	13	20.25
8	822	4	26.58
103	327	5	10.61
602	340	5	56.56
98	6088	3	17.47
103	7617	3	25.03
98	6140	3	17.47
105	592	3	10.26
12	1090	9	31.01
273	200	6	51.32
108	3937	4	36.07
896	126	12	125.82
12	2180	3	6.61
128	1274	4	33.76
7495	2037	3	60.68
98	3021	6	34.93
2268	107	3	20.09
1238	12	3	4.08
98	6260	3	17.47
98	319	42	198.14
2664	14	4	14.31
813	14	4	4.93
2	1309	4	20.65
3226	108	3	22.51
4401	99	4	23.29
846	14	6	12.4
112	178	9	33.09
1396	104	3	11.63
4174	12	3	10.88
105	139	19	54.09
122	859	4	29.41
192	107	3	4.39
98	5966	3	17.47
163	770	9	98.91
98	6145	3	17.47
98	6069	3	17.47
98	6009	3	17.47
111	702	4	21.36
409	1087	4	49.88
231	2848	3	36.99
5192	14	3	13.27
1569	111	4	27.59
383	121	3	15.3
98	402	15	36.4
5163	162	4	56.42
684	978	3	37.83
5013	4960	3	63.14
104	4297	3	18.72
1152	170	3	27.85
2860	103	3	15.59
103	2438	5	31.23
121	590	4	26.14
130	168	3	9.51
102	485	8	28.83
238	437	20	264.85
171	147	4	17.94
500	108	3	11.04
257	157	9	73.11
854	905	3	38.66
651	103	3	7.15
101	272	7	14.35
747	105	3	11.7
98	1783	7	28.87
101	585	3	5.87
1437	12	3	4.47
104	1547	3	12.15
314	5289	4	65.67
107	3957	3	23.91
610	105	3	10.47
322	405	7	78.58
16	2	39	132.88
12	129	125	325.62
226	2995	6	93.18
138	110	9	20.91
659	1939	3	41.57
102	233	6	9.14
114	110	35	106.24
159	814	3	25.03
98	2559	7	40.76
114	305	3	11.19
104	340	9	30.61
98	2544	7	40.76
181	134	4	16.94
701	105	4	17.26
98	4513	3	13.08
102	247	24	106.72
415	12	8	10.29
118	6721	3	34.92
108	4494	3	26.31
104	177	8	10.51
2145	14	3	6.85
1272	14	4	7.87
103	3417	4	25.8
189	307	4	30.92
588	102	4	10.61
101	478	6	17.03
851	12	5	8.18
115	112	38	132.87
2563	103	3	15.59
1594	222	12	186.68
12	181	128	694.78
16	146	5	17.16
1623	12	3	5.4
290	380	5	50.59
142	2949	3	31.83
98	3624	5	29.11
119	1667	3	22.3
106	258	4	9.76
111	281	5	19.6
109	805	6	37.25
694	552	3	34.55
4023	14	3	11.14
101	182	11	17.21
167	168	3	13.28
211	14	13	10.53
1137	14	5	11.42
98	1003	17	98.99
98	1071	15	79.98
5731	14	3	13.27
8	292	15	111.48
2334	741	7	122.9
102	502	12	55.78
228	234	5	40.37
102	2359	3	14.16
98	490	32	171.4
4742	12	3	13
102	971	6	26.65
2482	14	5	19.17
139	237	4	21.93
359	233	6	58.18
1684	14	3	5.63
114	1676	3	21.06
98	6174	3	17.47
517	14	5	4.61
12	2334	8	46.35
2	1409	3	14.05
391	125	3	16.12
2	1204	8	53.85
2	1288	3	13.57
678	371	3	32.04
123	59	6	32.94
123	102	17	12.38
258	108	3	6.89
173	2728	3	33.5
105	298	3	6.48
1440	14	4	8.47
98	3669	4	18.4
755	14	7	15.3
98	3058	6	34.93
2360	240	4	51.56
3409	403	3	42.35
98	302	49	257.57
1443	387	5	67.13
1433	104	3	11.63
617	101	3	6.06
113	166	12	51.63
1448	14	3	4.69
12	1820	4	10.4
103	102	105	54.63
103	296	5	9.6
1702	330	3	36.55
270	353	3	25.86
241	12	20	36.19
3206	12	3	9.4
526	101	3	5.33
3332	107	4	33.21
462	405	3	30.19
142	770	6	55.26
485	525	7	88.31
109	234	3	6.44
109	308	4	13.65
635	233	3	28.05
1483	14	3	5.14
106	760	3	12.27
98	5989	3	17.47
731	14	4	4.35
1845	14	5	16.11
248	446	4	37.77
12	621	26	142.26
1601	14	3	5.63
2162	863	3	43.77
105	237	3	4.77
1324	102	3	10.4
7529	126	3	37.62
6138	117	3	34.61
2083	12	5	17.06
1034	12	4	6.1
236	105	3	4.77
1384	700	5	73.23
1592	104	3	12.15
885	105	3	12.61
617	104	4	11.87
3324	12	3	9.4
5709	12	4	23.18
102	823	16	108.26
509	14	6	6.95
1066	14	6	15.23
104	281	4	6.1
701	103	6	23.63
181	125	5	20.22
1120	104	4	16.21
2820	12	3	8.27
595	103	4	11.15
111	177	4	7.91
98	1779	8	36.79
12	2839	3	8.27
5843	99	3	17.47
101	121	22	19.39
1267	14	3	4.3
4075	111	3	25.38
115	474	3	13.71
106	152	5	6.07
106	202	6	15.48
98	2200	5	17.19
130	152	3	8.57
2555	103	4	23.91
1296	14	3	4.3
104	365	4	8.21
104	432	14	69.21
326	147	3	18.07
128	1924	3	25.66
4015	121	3	30.02
98	2247	8	46.58
118	295	3	11.83
6368	782	3	54.91
117	7933	3	34.61
343	103	5	11.17
1014	101	3	8.68
101	267	10	26.57
101	334	4	5.97
781	355	4	46.44
106	239	3	5.38
12	6603	3	17.38
102	1184	3	9.97
106	110	21	19.91
278	14	20	45.69
5521	14	3	13.27
3271	1162	3	48.81
98	3644	5	29.11
479	102	4	8.93
108	1813	3	18.66
12	266	58	292.72
3111	589	3	44.75
138	300	7	51.46
115	135	21	94.34
163	2949	3	34.1
104	1474	5	26.22
4201	12	3	10.88
111	385	3	10.85
997	2194	4	62.96
129	438	3	17.41
525	103	3	6.19
126	193	4	16.72
98	4465	4	23.29
98	138	230	1244.01
366	457	11	142.12
103	396	4	8.31
98	3062	6	34.93
131	150	3	8.53
2612	118	3	25.38
1896	107	3	18.48
442	101	4	7.89
1598	9	3	22.4
109	2692	7	72.58
150	1427	6	64.81
647	612	5	63.79
2	1244	3	13.57
987	8	3	19.06
4630	1473	4	78.6
102	5216	3	20.11
1535	14	4	9.13
120	252	4	18.12
428	14	12	26.05
752	111	4	22.1
1262	12	11	49.53
979	103	3	9.28
98	6210	3	17.47
98	6006	3	17.47
466	104	3	5.7
1167	107	6	41.16
2053	440	6	91.35
183	236	3	18.53
103	262	6	11.56
1293	12	4	7.56
3272	12	3	9.4
596	101	3	5.87
925	12	6	13.21
386	786	5	61.41
2156	4915	4	81.51
1382	14	3	4.69
102	2279	6	40.23
1693	142	3	27.27
877	12	5	8.66
12	718	20	98.44
149	105	11	24.55
102	1955	4	20.57
150	1548	9	110.77
1144	3061	6	115.76
98	1618	11	64.05
104	1990	4	21.63
217	200	3	19.24
250	1050	3	31.53
119	4969	3	30.65
117	191	3	7.7
222	155	3	16.3
3145	12	3	9.4
159	122	5	17.69
98	3003	6	34.93
259	12	10	7.53
1310	12	3	4.08
104	2436	5	31.82
102	725	19	134.63
2227	12	3	7.36
547	392	13	182.19
127	103	41	101.25
103	130	17	19.97
103	263	13	44.65
101	3390	3	15.8
911	764	4	53.46
4128	429	3	44.42
108	2717	6	55.87
117	593	4	23.33
124	439	3	16.25
3797	14	3	11.14
104	1734	5	27.33
98	6083	3	17.47
983	12	7	17.75
2104	12	3	6.61
105	587	3	10.26
98	6203	3	17.47
98	6127	3	17.47
784	380	6	76.38
130	2070	3	27.08
1457	2996	3	50.32
119	1258	4	30.17
183	114	3	6.41
125	170	3	8.71
2	2091	6	44.42
111	260	4	12.87
4496	4676	4	93.88
704	12	5	6.56
2285	14	3	7.61
98	3521	5	23.82
122	117	4	4.02
98	3597	5	29.11
107	254	3	6.66
3996	14	3	11.14
667	126	4	28.27
1127	14	9	31.8
151	117	9	33.5
104	502	6	20.28
102	2660	6	43.45
1666	12	3	5.4
281	1295	3	33.77
879	9	11	103.58
410	12	6	4.81
104	204	7	11.71
1398	12	3	4.47
98	777	21	122.29
973	14	7	18.34
126	142	31	210.15
98	2577	7	40.76
98	4598	4	23.29
215	124	4	17.36
3049	14	3	9.66
12	208	19	24.68
182	124	4	14.32
815	108	4	20.81
290	162	8	66.88
1944	321	3	37.86
110	282	5	19.21
104	1477	4	18.81
322	438	6	65.87
98	1975	9	52.4
1655	105	3	16.16
182	112	4	9.06
12	245	9	4.89
1319	109	3	16.67
12	101	235	13.22
98	1960	6	23.81
1344	14	3	4.69
111	414	3	11.28
311	117	4	18.24
690	397	3	32.59
3729	12	4	18.29
98	2530	3	8.35
102	132	11	6.52
7801	984	3	55.91
103	684	3	7.6
151	329	3	19.01
1618	12	3	5.4
104	2646	7	59.25
740	102	4	12.51
2	756	16	123.29
216	124	3	11.34
103	5213	3	20.56
4638	2961	4	86.24
379	102	11	42.88
101	168	8	6.66
986	14	5	9.57
125	135	6	18.9
6943	14	3	17.66
4309	107	3	23.91
3415	103	6	50.06
106	125	8	7.16
2038	12	3	6.61
102	1868	8	55.61
183	126	3	9.73
707	14	4	4.08
98	6112	3	17.47
98	5976	3	17.47
137	1944	3	28.29
103	217	9	19.65
2410	14	4	12.89
201	12	16	14.79
146	285	7	52.4
2	206	9	26.22
1248	12	3	4.08
101	1828	3	12.05
184	105	4	5.07
366	431	3	29.26
140	313	6	42.86
98	6229	3	17.47
4916	12	3	13
8	999	6	48.42
1403	14	3	4.69
131	113	13	42.26
98	3040	5	23.82
104	5229	3	20.92
12	2535	3	8.27
287	12	11	12.73
173	493	6	54.59
102	3397	3	16.36
213	105	4	7.23
4127	3617	3	58.67
109	429	3	10.5
365	104	6	16.84
98	4508	3	13.08
98	4644	4	23.29
114	274	4	15.95
158	479	3	21.69
415	13	12	98.15
5007	8199	3	67.64
403	14	8	10.19
206	113	17	103.54
133	102	12	8.85
4960	14	3	13.27
104	7528	3	25.39
115	107	10	6.71
2252	12	3	7.36
106	524	3	10.22
1954	16	6	65.09
841	204	7	80.43
1093	114	4	27.29
5568	107	3	26.13
148	103	39	134.67
106	269	4	10.43
12	353	8	8.16
163	470	12	125.37
5665	12	3	13
264	102	4	4.67
2907	505	3	42.47
109	2008	5	39.51
482	104	4	9.88
8	165	4	10.55
98	2216	8	46.58
119	907	5	36.77
1214	12	4	7.03
150	876	3	24.78
283	101	5	7.77
164	766	6	59.26
3788	107	3	23.91
101	3368	5	34.65
114	960	3	17.78
1477	863	3	41.73
116	254	6	28.14
98	6125	3	17.47
803	102	3	7.96
128	281	4	21.29
98	6041	3	17.47
2398	12	7	34.64
1060	104	3	9.95
1654	103	3	12.39
1645	353	7	102.8
1077	125	3	22.04
784	175	5	48.95
129	3487	4	43.42
1252	14	5	12.15
332	14	8	7.67
102	787	3	7.96
1287	14	4	7.87
245	117	3	10.02
467	12	6	5.73
102	2431	6	40.23
3604	103	3	18.36
5989	12	3	17.38
2	565	3	9.12
770	12	5	7.73
131	134	11	52.07
98	3002	6	34.93
425	201	3	24.19
12	2107	8	40.19
98	271	54	267.85
235	14	12	11.03
354	627	3	31.27
101	1678	3	11.42
1332	99	3	4.54
104	769	4	13.51
102	4505	3	20.11
1322	14	3	4.3
998	110	4	24.04
4063	14	3	11.14
101	7028	3	24.01
192	112	3	6.12
527	355	5	56.34
98	6142	3	17.47
98	6194	3	17.47
104	3469	4	26.27
109	193	46	337.71
102	3540	4	25.2
104	1024	8	44.47
6936	14	3	17.66
102	4386	4	27.8
146	135	5	19.04
649	12	5	5.9
266	134	3	15.26
649	241	5	53.22
201	829	5	53.14
5141	104	3	20.92
12	4043	5	28.97
2061	12	5	17.06
2	603	18	131.29
682	3649	4	67.25
107	314	3	8.27
12	1275	3	4.08
681	14	7	14.07
104	3979	4	28.88
98	3660	4	18.4
125	227	3	12.08
195	12	14	9.52
4673	12	4	23.18
1932	107	3	18.48
111	249	4	12.65
229	1305	3	31.93
108	3629	3	24.09
2	2090	7	55.64
1633	109	3	18.29
98	8179	3	17.47
1544	905	3	42.07
1236	103	4	16.93
98	1982	9	52.4
111	504	3	12.27
12	149	192	1093.77
126	1530	4	34.93
429	14	7	8.25
12	1598	3	5.4
98	4481	4	23.29
2919	102	3	15.15
98	4557	4	23.29
134	119	3	3.87
102	4951	3	20.11
699	101	4	11.13
98	631	26	151.43
1024	339	10	143.75
102	1327	3	10.4
6242	147	3	40.66
98	3641	5	29.11
111	2945	3	23.8
212	119	3	9.33
8	5774	3	30.7
98	1781	10	58.23
3148	12	3	9.4
1958	12	3	6.61
104	594	7	28.37
269	103	4	5.41
350	14	6	4.02
280	123	4	20.25
754	14	4	4.63
1868	14	3	6.2
102	161	27	79.58
102	309	29	165.61
1718	14	3	5.63
254	102	5	7.12
98	2561	7	40.76
114	237	3	9.07
98	4682	3	13.08
104	190	5	4.46
544	431	6	72.79
98	709	22	120.01
2963	12	5	23.68
118	1174	12	124.87
185	1188	4	41.35
9	12	96	107.95
1655	176	4	43.2
2850	2931	7	156.45
866	1433	3	41.18
106	418	3	8.89
518	14	7	10.29
12	194	96	506.68
12	128	29	5.38
152	693	3	23.57
109	462	3	10.81
881	432	3	34.58
142	921	7	69.75
2044	14	3	6.85
449	102	3	4.89
375	2564	4	57.9
1829	707	3	41.83
127	364	4	23.7
765	1536	3	41.12
215	766	4	40.58
2782	12	4	13.96
420	102	5	12.23
98	153	170	970.84
140	117	12	44.92
117	205	3	8.54
102	2601	6	43.45
104	699	3	7.92
155	159	5	25.6
2	120	20	32.18
4041	625	3	46.57
2	293	6	18.65
310	14	12	18.78
146	140	3	8.99
796	103	5	19.16
12	1654	8	33.8
288	104	4	6.43
98	6067	3	17.47
98	6007	3	17.47
958	109	3	15.04
408	108	3	9.92
109	142	21	79.79
443	200	4	35.06
107	3190	3	22.33
6049	2243	3	61.55
2917	142	3	30.59
103	7693	3	25.03
780	12	7	15.41
102	3586	4	27.8
352	136	4	25.57
13	334	3	14.12
2195	104	3	14.1
190	959	3	28.19
472	822	3	34.44
113	110	19	35.66
111	3283	3	23.8
8	879	16	171.57
98	3056	4	15.87
98	2972	5	23.82
129	1049	3	22.48
1723	12	7	26.59
117	104	15	4.32
402	518	9	115.46
492	241	3	26.84
2881	12	4	13.96
2342	14	3	7.61
98	8209	3	17.47
588	14	5	5.64
1509	14	4	9.13
101	480	5	12.42
3666	1145	4	71.48
318	105	3	6.88
2905	12	3	8.27
2047	12	5	17.06
1054	12	5	9.74
98	2546	7	40.76
289	105	5	15.17
98	4515	4	23.29
1421	101	3	10.33
436	101	3	4.31
102	249	19	75
168	130	6	27.01
3446	111	3	23.8
98	609	26	142.98
1047	108	8	58.75
98	1001	15	75.25
98	1069	16	93.17
1404	14	5	12.97
1089	102	3	9.57
129	113	5	7.16
1853	462	3	39.27
104	425	4	9.08
2	2574	3	18.42
171	105	8	17.45
114	506	18	158.43
493	112	4	19.28
102	504	5	13.83
326	103	8	24.09
1268	12	4	7.56
805	104	6	26.09
148	216	3	15.15
98	3626	5	29.11
106	213	3	4.49
107	7580	3	30.61
121	1315	4	32.29
4699	113	4	44.97
1302	12	3	4.08
101	236	6	8.5
152	2654	3	32.07
202	115	4	12.67
792	111	3	15.04
193	113	6	22.41
2582	14	7	41.2
98	2215	7	34.84
119	906	3	18.66
163	1137	3	27.42
12	1123	11	44.43
3596	109	3	24.39
98	871	17	86.43
223	12	12	9.2
164	139	3	10.59
270	682	3	29.94
320	813	4	45.39
1332	824	3	40.87
219	102	5	5.53
98	4585	4	23.29
98	4645	4	23.29
255	2300	3	36.78
102	6281	3	24.58
102	275	4	5.05
115	155	4	8.54
469	99	30	146.58
16	326	3	15.7
12	106	1303	7358.93
372	101	4	6.84
1344	105	3	15.04
110	130	7	10.74
5797	12	3	13
104	1578	4	18.81
1020	12	5	9.74
101	558	4	9.41
104	1442	9	60.25
102	2062	4	20.57
12	666	12	36.39
224	1452	3	32.91
2413	12	5	18.73
499	114	5	28.64
555	12	9	17.88
98	5869	3	17.47
138	705	3	21.78
890	142	3	23.6
12	2465	3	7.36
98	1453	10	47.64
3988	14	3	11.14
249	287	6	56.28
104	602	4	11.59
113	433	13	97.69
119	260	12	77.33
102	635	3	6.75
5051	16	4	51
565	103	5	15.8
1625	12	5	14.49
1511	12	3	4.91
2007	104	4	21.63
586	12	5	5.3
1663	160	3	29.34
102	959	9	49.1
845	12	6	11.92
102	891	10	55.96
103	118	23	17.45
146	171	5	24.63
2	208	48	321.2
738	175	5	48.42
5968	3607	3	65.4
532	863	4	50.03
1237	14	6	17.06
102	3512	4	25.2
2174	14	3	6.85
1899	14	3	6.2
98	6126	3	17.47
1649	107	3	17.82
332	497	4	41.64
98	6178	3	17.47
109	132	9	16.95
2973	757	4	65.38
6965	101	3	24.01
3721	12	3	10.88
227	104	11	30.8
101	660	3	6.48
98	6141	3	17.47
907	14	5	9.04
3150	14	3	9.66
139	124	3	5.82
2240	14	3	7.61
116	110	8	5.77
103	196	17	52.96
103	328	4	6.93
113	198	3	7.48
3195	14	3	9.66
102	1046	13	88.12
5523	304	4	65.52
98	374	34	158.04
155	282	3	18.25
152	1846	3	29.42
104	1025	3	9.95
129	660	3	20.01
108	3120	3	22.51
494	108	5	23.28
98	2941	7	40.76
98	3001	4	15.87
203	1383	3	31.4
98	5886	3	17.47
105	135	13	26.33
102	2073	5	28.73
1132	1193	12	222.26
572	175	3	23.89
98	1604	11	64.05
2255	101	3	13.61
115	2508	3	23.41
2845	12	4	13.96
1716	12	3	5.4
112	104	41	47.07
12	148	145	620.46
107	1229	3	16.2
199	103	10	21.23
116	864	5	34.82
3991	12	3	10.88
3071	651	3	45.22
528	405	4	44.04
208	12	16	16.33
104	7680	3	25.39
552	14	12	32.2
2109	123	3	25.61
98	1981	5	17.19
154	128	3	8.22
102	5018	4	32.77
699	14	4	4.08
98	632	24	125.89
2046	12	5	17.06
98	2563	7	40.76
393	118	14	110.74
523	461	8	103.13
102	429	19	103.7
170	1045	3	27.02
326	130	3	15.97
98	2232	7	34.84
103	836	11	64.56
1259	876	3	41.01
669	157	3	23.73
2	604	3	9.53
1740	611	4	56.81
1329	436	7	100.74
102	6045	3	24.58
414	14	13	29.69
212	102	5	5.19
106	288	3	6.8
459	109	3	10.81
1240	12	3	4.08
115	454	3	13.38
1687	625	6	92.19
134	102	18	24.77
98	657	25	145.6
1320	12	5	11.74
173	3659	3	36.33
254	103	4	4.76
98	2562	6	29.3
106	342	3	7.73
409	321	5	52.28
172	113	4	9.48
651	14	5	6.25
2317	573	6	97.39
98	1780	10	58.23
102	1326	6	30.31
116	615	7	49.35
500	109	4	17.41
2330	12	3	7.36
98	3642	3	10.96
98	3582	5	29.11
122	103	15	9.86
2126	12	4	11.38
158	150	5	24.38
102	488	4	8.93
4228	104	4	28.88
151	103	22	54.89
283	697	3	30.34
656	356	3	31.76
1735	14	3	5.63
103	323	4	6.79
103	205	8	14.56
127	117	9	22.78
116	1385	3	20.34
12	1655	11	63.74
180	135	3	11.08
630	175	3	24.58
710	188	6	62.24
1668	12	5	14.49
98	456	33	171.9
569	136	7	60.21
146	258	4	23.83
4694	1719	3	54.75
160	21	3	9.05
713	12	4	4.08
104	1719	3	12.73
574	378	4	44.2
693	103	5	17.75
12	2312	8	46.35
98	6220	3	17.47
489	175	4	32.97
162	14	31	38.83
98	6068	3	17.47
106	676	4	17.68
105	214	4	7.38
136	171	3	10.65
192	157	3	14.7
98	5963	3	17.47
102	1889	7	45.24
3660	108	4	36.07
104	3192	3	17.16
2	1310	3	13.57
1757	241	5	64.8
2044	101	3	12.78
667	3525	3	45.47
98	1603	8	34.02
1395	12	8	29.6
2643	12	4	13.96
6237	12	3	17.38
431	12	10	17.32
4320	1525	5	98.82
119	177	9	39.84
104	726	4	13.15
1946	14	3	6.85
103	4714	3	20.56
1317	14	3	4.3
617	102	3	6.54
104	2584	3	15.94
98	3055	6	34.93
790	114	4	24.87
1359	104	8	50.54
103	411	3	4.87
159	253	3	17.57
123	245	4	18.68
2839	107	3	21.1
98	3668	5	29.11
332	9	6	34.08
108	1617	4	26.72
153	589	5	43.65
101	944	3	8.34
106	4211	3	22.82
138	2507	4	42.01
652	102	3	6.75
124	110	8	11
109	414	3	10.35
98	6051	3	17.47
98	5991	3	17.47
1817	16	3	26.05
1588	12	4	8.81
103	158	9	10.01
103	104	73	20.59
103	306	4	6.53
155	248	5	33.95
1712	108	3	18
1477	432	3	37.65
98	4381	5	29.11
2	2497	3	17.42
827	110	6	39.41
2	773	3	11.03
211	103	6	8.59
121	544	6	43.61
98	1000	10	35.97
108	4239	4	36.07
98	1068	4	6.64
102	2768	3	15.15
3513	104	3	17.16
2922	12	3	8.27
101	185	9	12.09
167	12	26	25.11
98	3565	3	10.96
1390	14	3	4.69
1889	108	6	48.19
718	124	4	28.29
1760	14	3	6.2
12	115	389	1436.46
13	3655	3	29.76
111	429	4	17.54
226	179	7	53.84
101	435	4	7.7
190	1396	7	85.89
110	262	5	18.13
311	103	4	6.66
105	3306	3	20.65
4540	12	3	13
104	290	4	6.43
102	3023	4	25.2
98	4634	3	13.08
128	1686	4	36.08
98	4566	4	23.29
98	4514	4	23.29
145	113	7	18.34
436	14	6	5.63
196	102	5	4.38
4958	14	3	13.27
1191	102	3	9.97
1015	102	3	9.2
144	1150	3	25.31
840	176	3	26.3
123	105	13	17.8
105	236	4	8.3
4074	12	3	10.88
119	195	4	13.67
5574	12	3	13
1474	908	5	76.92
2199	12	5	17.06
98	3046	4	15.87
1433	14	6	18.13
102	2191	8	59.3
101	1903	3	12.05
98	343	40	194.23
2	326	6	19.97
475	109	8	45.63
1943	107	3	18.48
119	581	17	160.32
2353	12	3	7.36
118	2447	3	24.36
984	12	4	5.7
183	150	3	13.22
98	5990	3	17.47
98	6058	3	17.47
262	102	8	18.52
142	771	5	43.93
909	102	4	13.72
495	14	9	16.38
109	235	3	6.57
148	117	4	8.26
137	111	29	134.65
3055	110	6	63.71
102	4162	3	17.91
237	204	5	38.89
1630	12	3	5.4
717	103	4	12.71
2644	107	4	31.3
164	125	5	18.7
5204	12	3	13
102	2809	3	15.15
104	431	3	5.42
5631	14	3	13.27
98	4569	4	23.29
98	4629	4	23.29
1634	102	4	18.58
119	704	6	43.43
102	310	7	17.77
102	142	11	9.12
311	158	3	19.26
1370	12	3	4.47
129	371	5	33.04
905	405	10	145.1
206	243	8	71.72
108	3254	6	61.6
1250	14	3	4.3
318	14	12	19.21
102	1533	5	24.9
102	1413	3	10.87
908	14	4	5.61
102	3814	4	27.8
1950	99	3	6.68
1727	102	3	11.95
1232	110	4	25.81
105	2611	3	19.43
2717	103	3	15.59
3586	12	3	10.88
102	1516	4	17.76
3597	103	5	41.72
126	132	3	5.54
380	12	9	12.25
4590	101	3	19.55
102	163	116	772.94
129	2834	4	41.5
298	431	3	27.88
128	1848	3	25.66
98	4616	4	23.29
104	277	5	9.36
104	328	4	7.32
372	1473	5	67.91
2232	341	3	38.98
98	827	16	73.6
981	14	5	9.57
108	4257	3	24.09
1221	14	3	3.94
597	108	16	126.32
248	1895	4	49.64
119	1047	5	38.06
123	1681	3	24.19
8	197	6	25.57
203	1009	3	29.61
462	2137	3	40.03
248	687	5	54.4
278	101	4	4.69
500	12	10	20.07
106	156	8	16.67
2470	12	3	7.36
98	3643	5	29.11
479	103	3	5.55
1954	101	3	12.78
111	3083	6	64.2
101	135	22	34.47
120	830	4	28.54
125	168	5	19.01
111	193	5	14.42
142	14	20	4.56
98	6157	3	17.47
111	2573	3	22.57
103	1415	5	24.64
12	893	4	5.32
180	1403	3	29.38
109	249	6	21.81
188	103	6	6.18
433	792	3	33.93
101	847	3	7.73
227	119	3	9.92
276	122	3	13.33
98	390	41	238.84
155	297	6	46.22
664	104	3	7.68
1158	12	4	7.03
103	144	9	6.29
113	212	20	130.48
702	162	5	46.02
288	102	4	5.58
103	397	3	4.75
98	3017	6	34.93
250	916	4	43.67
497	775	7	95.62
12	3345	3	9.4
292	12	7	3.92
1276	12	6	16.55
104	784	4	13.9
101	950	3	8.34
112	119	9	11.57
2525	14	3	7.61
412	14	7	7.68
359	514	3	30.19
106	865	5	26.93
804	14	5	8.11
102	2029	3	13.32
1327	12	3	4.08
822	9	4	26.65
113	5004	3	29.23
104	1090	3	10.32
103	191	6	6.64
98	6084	3	17.47
98	6204	3	17.47
136	489	3	19.26
12	1078	16	92.72
395	14	6	4.97
3207	12	3	9.4
6232	576	3	52.84
98	1619	11	64.05
2119	12	4	11.38
112	165	3	4.36
474	104	4	9.88
274	628	4	41.58
138	627	3	21.03
285	113	6	29.27
516	14	6	7.24
103	593	3	6.74
121	2613	3	27.2
98	3004	4	15.87
481	162	5	41.9
113	591	8	56.63
2451	14	4	12.89
12	2045	5	17.06
103	2754	3	15.59
140	103	41	129.95
113	2680	3	24.19
1556	104	3	12.15
3024	12	3	9.4
2549	107	7	71.46
98	2578	7	40.76
98	4599	4	23.29
315	525	4	41.85
98	4547	4	23.29
1110	14	5	10.74
104	248	4	5.03
98	776	17	78.99
101	512	9	34.26
142	427	6	47.28
455	102	5	12.73
1061	14	4	6.4
1936	101	3	12.05
815	107	3	13.61
4295	12	5	28.97
577	12	6	7.81
2419	12	3	7.36
208	304	4	32.66
2414	107	3	20.09
1754	12	3	5.4
278	9	8	47.23
105	961	7	43.62
98	3598	4	18.4
104	1169	3	10.73
111	310	4	15.05
111	142	23	98.95
935	410	3	34.61
104	398	7	22.76
2	740	4	16.69
2	605	6	27.62
102	428	23	138.09
406	103	8	27.72
130	112	5	6.2
105	1724	3	16.16
103	6860	3	25.03
98	2237	8	46.58
754	116	3	16.92
121	409	3	15.59
118	132	6	13.61
1481	12	4	8.81
234	104	5	7.2
200	112	3	6.67
121	2799	3	27.2
138	1285	4	36.37
4464	14	4	23.54
107	110	20	22.77
130	124	3	4.7
107	305	3	8.17
101	169	18	38.92
264	104	6	12.32
98	1959	7	31.44
109	875	7	47.71
4229	12	3	10.88
133	104	10	6.75
104	1377	5	25.23
114	1404	4	29.22
108	1994	3	19.41
115	168	3	5.51
107	1255	4	24.19
562	175	3	23.89
103	7204	3	25.03
98	4582	4	23.29
102	193	9	15.83
130	586	6	48.06
3291	14	3	9.66
2369	14	3	7.61
103	4398	3	18.36
322	1192	3	34.31
6211	103	3	25.03
104	232	4	4.39
3541	107	3	22.33
915	101	3	8.03
102	5180	3	20.11
102	638	17	106.1
98	2987	5	23.82
103	546	3	6.36
5252	14	3	13.27
543	14	7	11.09
1536	14	5	13.89
3913	14	4	18.65
104	2026	3	14.1
104	1943	4	20.57
102	2123	3	13.32
116	213	4	13.6
203	383	13	146.37
139	222	3	14.28
572	380	3	31.24
1600	700	5	75.4
98	5975	3	17.47
101	598	3	5.87
794	14	5	8.11
12	1622	10	51.36
113	122	6	8.34
144	213	30	292.33
103	216	5	5.99
2262	105	3	18.42
108	506	4	17.03
103	119	16	6.06
2675	104	3	15.94
101	2753	5	31.72
12	189	13	5.88
462	817	4	48.32
104	1554	4	18.81
110	154	5	9.5
104	274	6	12.99
104	127	12	7.29
879	12	6	12.54
2523	9	7	76.27
5571	12	3	13
380	14	7	7.14
103	900	9	49.13
98	4673	3	13.08
105	2110	4	26.28
119	870	4	27.39
1582	14	3	5.14
119	1050	9	82.06
103	6910	3	25.03
8	332	5	26.43
2106	12	4	11.38
981	12	4	5.7
1351	107	5	33.81
111	188	4	9
142	241	10	75.93
1049	698	7	104.45
16	343	5	32.05
102	1180	6	29.27
6424	14	3	17.66
912	102	3	8.54
108	7766	3	30.79
109	254	5	16.54
98	1336	13	75.7
98	1232	12	58.61
692	103	6	23.63
1550	12	3	4.91
98	6002	3	17.47
98	6078	3	17.47
12	948	6	13.21
671	12	7	12.95
280	687	5	56.14
197	109	3	5.24
425	383	6	68.03
102	1007	16	123.57
6519	104	3	25.39
113	143	13	48.04
2124	283	3	36.96
3708	1491	3	51.91
12	3402	6	34.76
120	1221	3	21.39
1276	14	4	7.87
538	1016	3	36.58
98	3014	6	34.93
442	12	7	8.07
102	675	14	80.81
102	1883	6	35.83
804	12	6	11.34
123	253	3	12.56
142	1066	10	112.95
975	14	4	5.99
1374	108	3	16.87
102	3167	3	16.36
4119	99	5	29.11
119	5786	3	30.65
112	171	24	133.42
112	121	5	4.12
12	796	19	97.13
98	5910	3	17.47
103	1114	3	9.99
98	3678	5	29.11
217	158	3	16.16
1860	12	7	28.68
2733	12	3	8.27
12	2582	4	13.96
112	334	3	10.56
103	4140	3	18.36
777	12	5	7.73
2945	3093	3	55.5
901	762	3	38.04
163	1946	5	58.39
102	648	11	55.22
790	8	3	18.07
98	2965	5	23.82
106	1988	3	18.15
103	168	12	20.53
169	283	4	27.83
119	2821	4	37.32
8042	12	3	17.38
146	158	4	16.89
275	878	3	31.55
284	1037	3	32.58
2266	431	4	57.22
98	497	5	4.17
526	12	5	4.53
1726	12	5	14.49
1227	387	3	35.98
2473	12	4	12.54
1243	1767	3	45.37
118	2102	3	23.49
2	1400	8	57.21
104	5531	3	20.92
221	110	7	27.07
98	5985	3	17.47
105	410	3	8.21
1019	14	4	6.4
111	223	6	22
212	200	5	36.98
108	3454	4	33.45
473	111	4	18.21
102	6073	3	24.58
1058	108	5	30.88
102	4089	3	17.91
193	103	5	4.76
5213	104	3	20.92
98	4371	4	18.4
107	229	10	42.42
107	280	8	35.18
158	165	6	33.65
2910	12	3	8.27
372	1248	4	50.52
102	2806	3	15.15
98	604	17	64.52
437	14	15	39.81
12	3683	5	28.97
624	2837	4	61.67
98	4624	3	13.08
1104	107	3	15.33
215	105	27	153.92
103	853	3	8.65
12	1451	4	8.81
102	315	6	13.51
107	481	4	16.32
441	495	3	31.03
1250	12	3	4.08
138	145	3	8.69
318	12	10	12.12
182	105	6	11.31
103	1692	6	35.06
137	481	4	28.2
12	122	84	116.94
12	172	140	784.15
108	3257	5	45.94
111	543	7	42.53
121	1561	4	33.76
399	158	3	20.71
667	231	3	28.22
98	2225	7	34.84
995	107	13	114.27
2610	162	6	78.96
361	14	6	4.2
104	557	4	11.05
104	489	3	6
762	14	5	7.69
101	59	5	6.07
125	264	4	19.99
109	2591	4	31.94
2980	16	6	76.54
138	190	3	12.35
12	167	28	30.25
1211	12	4	7.03
98	1956	3	6.68
152	161	4	18.26
210	2065	3	34.38
1010	108	3	15.12
104	237	4	4.54
102	3088	4	25.2
145	103	22	47.13
98	4443	4	23.29
114	190	5	16.23
852	105	3	12.29
98	4655	4	23.29
98	2526	8	46.58
98	4579	4	23.29
4618	12	4	23.18
12	1368	4	8.15
3507	12	3	9.4
564	103	9	39.8
126	600	3	18.65
102	693	17	110.6
12	2033	4	11.38
103	473	3	5.55
345	568	6	70.49
1115	14	6	15.23
131	117	10	30.27
12	811	4	4.66
98	5775	4	23.29
2273	14	3	7.61
108	1424	5	34.1
120	483	5	32.04
3478	12	3	9.4
6096	12	3	17.38
723	12	6	10.29
112	392	3	11.6
2578	12	3	8.27
98	1242	14	81.52
233	958	3	30.42
98	6184	3	17.47
232	117	3	9.57
2748	899	4	64.76
6790	14	3	17.66
1887	14	3	6.2
103	221	15	48.88
103	121	19	17.28
3236	14	3	9.66
201	101	6	6.28
1418	12	9	36.56
112	1163	4	26.35
901	2174	3	44.1
98	369	40	211.59
744	975	8	123.1
103	134	15	18.1
103	334	4	7.06
162	1384	3	28.27
126	1023	7	64.87
276	14	10	9.95
693	113	3	15.79
98	6027	3	17.47
122	613	3	18.28
98	6131	3	17.47
1447	241	4	46.83
139	132	3	7.47
12	979	4	5.7
102	1749	8	52.76
1874	107	5	37.23
104	5376	3	20.92
194	205	3	18.47
263	110	9	43.57
98	1614	11	64.05
557	175	3	23.68
1206	14	5	11.42
120	532	4	24.76
102	3294	5	35.59
120	448	8	58.53
448	252	20	270.22
117	187	3	7.41
2090	14	3	6.85
2019	857	3	43.77
147	2467	3	30.08
1744	12	3	5.4
327	112	6	29.18
98	3007	4	15.87
114	6736	3	33.9
109	6090	3	31.09
2	2852	3	18.42
1234	109	9	75.14
4199	12	3	10.88
3449	12	4	15.76
284	107	8	35.46
98	773	18	87.93
1094	12	4	6.54
2095	114	4	32.87
107	459	4	16.1
104	5043	3	20.92
102	223	16	52.4
4422	233	3	42.13
336	102	6	14.17
103	1035	5	21.49
98	4670	4	23.29
98	4594	4	23.29
1662	99	6	20.33
2419	14	3	7.61
156	719	9	95.57
101	396	8	24.78
1664	2153	5	87.59
161	12	75	220.04
1674	104	3	12.73
172	103	17	41.51
98	1971	3	6.68
307	12	8	6.48
167	16	3	9.15
5465	108	3	26.31
157	102	8	6.59
12	510	10	20.07
102	1239	12	86.92
12	391	39	210.34
122	113	5	5.58
12	1332	3	4.47
130	115	6	11.13
1114	102	3	9.57
12	1228	4	7.56
98	2242	4	12.65
2540	162	3	32.74
1548	101	3	10.85
340	12	7	5.14
164	105	37	187.99
146	701	3	22.62
741	1067	5	71.66
128	127	3	4.71
2790	118	4	37.02
98	6138	3	17.47
98	6198	3	17.47
98	1140	15	87.34
102	3612	4	27.8
383	14	9	12.9
117	377	3	13.23
190	917	4	39.68
1837	14	10	58.86
3115	12	6	34.76
108	551	3	11.61
127	236	3	12.68
503	101	3	5.01
116	1431	3	20.34
159	116	4	9.25
187	324	3	21.47
203	1386	3	31.4
102	691	7	28.95
103	2896	3	15.59
98	326	41	192.71
2514	14	4	12.89
102	2592	3	15.15
102	2516	6	40.23
120	1153	4	31.13
117	126	7	14.33
104	765	5	19.23
98	1609	10	51.64
334	184	5	40.81
875	339	7	91.26
222	1519	12	186.68
603	14	6	8.6
136	103	11	8.59
102	2018	3	13.32
104	1486	4	18.81
101	458	4	8.08
161	304	3	19.25
104	7751	3	25.39
98	8175	3	17.47
303	233	4	33.9
156	6977	3	42
119	600	3	16.22
126	254	3	13.11
107	514	6	30.67
1057	14	4	6.4
12	1526	3	4.91
98	4605	4	23.29
98	4485	4	23.29
145	147	3	9.47
119	2395	5	48.02
102	3106	3	16.36
12	3836	5	28.97
535	4142	3	45.69
1376	12	3	4.47
104	571	3	6.86
114	4692	3	29.41
740	150	4	34.29
3959	4196	3	58.67
102	359	19	95.33
101	3893	3	17.35
3321	142	3	31.83
3054	14	3	9.66
106	219	3	4.7
312	14	23	67.15
176	110	4	7.53
3227	14	5	24.13
102	4006	3	17.91
107	3829	3	23.91
798	103	3	8.36
150	3446	3	33.01
1921	109	3	18.96
98	3615	5	29.11
114	1355	3	19.92
368	103	3	4.4
3718	12	3	10.88
128	732	3	20.11
106	132	17	43.39
111	305	3	9.51
2	723	7	37.17
2	827	4	17.5
223	14	12	9.94
2538	175	3	33.59
5956	2217	3	61.55
816	426	3	33.76
158	118	3	5.86
1438	12	3	4.47
1977	101	3	12.78
98	4588	3	13.08
102	199	35	159.76
158	364	3	20.28
2	1022	8	51.11
256	157	6	43.52
98	739	21	114.27
349	828	3	32.92
147	133	3	8.32
104	300	5	10.43
304	434	3	28.11
101	1121	3	9.05
103	3442	3	16.8
98	1969	9	52.4
109	1053	4	23.06
118	1296	3	20.43
115	158	6	17.44
600	12	10	23.49
268	101	4	4.3
117	5359	3	30.11
102	5321	3	20.11
104	1881	3	13.37
98	1456	11	57.28
194	103	5	4.76
3046	105	3	20.65
136	144	5	18.51
555	14	6	7.89
969	102	3	8.86
98	5926	3	17.47
1858	3303	3	51.6
279	102	7	15.9
799	5731	3	50.41
1511	14	5	13.89
184	12	38	75.98
117	114	7	7.46
107	2196	5	38.71
102	4600	4	32.77
12	3233	6	34.76
341	107	17	110.81
175	873	3	26.59
934	12	7	17.75
107	807	5	28.17
773	117	3	17.49
127	151	4	12.64
3608	14	3	11.14
814	14	7	15.98
2	3782	3	21.22
774	405	5	61.93
1237	12	3	4.08
5073	118	3	30.42
163	1947	4	44.21
98	3052	6	34.93
131	102	10	4.36
98	2976	5	23.82
184	122	7	32.86
3136	12	3	9.4
1605	101	3	11.42
492	101	3	4.86
746	109	3	13.78
723	112	3	15.1
102	1992	4	20.57
238	1956	5	65.88
405	14	6	5.18
103	1253	6	31.19
105	102	56	30.12
116	275	3	10.68
7396	14	3	17.66
291	184	8	71.2
3448	104	3	17.16
107	3177	3	22.33
160	114	9	33.22
129	736	3	20.53
98	564	27	142.92
1658	1191	8	143.05
102	1017	4	14.66
103	108	28	6.42
1321	102	4	16.35
2863	14	3	8.53
432	102	3	4.76
98	1073	16	93.17
102	2695	6	43.45
354	568	3	30.81
2824	108	6	55.87
129	281	6	37.79
104	2838	3	15.94
2476	1134	4	64.79
1416	160	3	28.19
1093	104	3	10.32
98	3622	4	18.4
115	364	4	18.76
584	103	5	16.16
925	8117	3	55.91
1984	1767	4	68.05
106	311	6	22.53
102	1270	10	65.33
1151	14	3	3.94
109	7119	3	31.09
111	434	9	55.01
189	157	20	176.63
301	14	7	4.64
1285	14	3	4.3
2158	14	4	11.72
103	1843	3	13.03
106	394	3	8.61
2	4293	3	21.22
14	3196	3	9.66
436	12	9	13.84
114	204	6	23.56
231	8072	3	46.55
797	12	6	11.34
98	740	18	84.4
103	2340	3	14.6
98	605	20	86.35
823	108	10	73.77
12	3802	5	28.97
451	8	4	21.78
4474	14	3	13.27
12	1605	3	5.4
102	305	7	17.52
98	4534	4	23.29
639	352	3	31.37
2503	107	3	20.09
121	132	4	8.34
1491	12	3	4.91
367	12	7	6.2
98	833	18	92.04
246	278	8	79.35
9	101	31	31.51
3748	509	3	45.3
1217	14	4	7.34
98	3637	5	29.11
1228	99	3	4.15
176	111	3	4.44
1700	12	3	5.4
104	590	9	41.57
1735	12	3	5.4
597	103	3	6.74
1593	12	3	4.91
107	193	3	4.7
186	117	5	16.76
2669	226	3	36.92
683	14	4	4.08
1668	14	3	5.63
166	1262	3	27.99
2	6432	3	27.91
109	1485	8	67.72
958	3739	3	49.19
156	1353	3	27.97
4293	104	3	18.72
817	101	5	17.56
561	109	4	18.19
1677	104	7	44.94
162	12	35	48.56
108	1308	5	33.19
3983	114	3	27.18
98	1343	12	62.93
713	14	6	10.75
8140	434	3	51.14
104	1722	4	19.63
1497	14	4	9.13
4017	108	5	51.33
207	352	3	23.56
462	14	6	6.12
5922	4517	3	67.64
1288	12	7	21.95
14	3034	3	9.66
416	1321	5	67
142	2205	4	42.45
285	103	7	17.27
1269	103	7	39.22
1910	12	3	5.96
143	5126	3	35.67
463	438	3	30.5
98	6258	3	17.47
2294	102	3	14.16
3352	102	3	16.36
98	250	66	354.42
282	1264	3	33.77
491	1008	5	66.13
8	4423	3	30.7
235	12	9	4.32
102	4584	4	32.77
249	338	3	24.74
104	645	3	7.46
140	154	6	28.3
222	103	5	6.36
770	14	6	11.81
103	377	3	4.63
103	452	9	34.92
170	184	4	21.87
102	692	13	73.8
2311	755	3	44.03
136	102	22	37.99
737	162	3	24.8
1036	102	5	20.77
104	3321	5	36.94
166	119	3	6.4
7777	12	3	17.38
274	617	3	29.29
1184	12	4	7.03
98	1141	12	55.2
109	188	32	196.21
1569	104	3	12.15
1870	101	3	12.05
227	107	4	9.9
2202	107	5	38.71
98	6093	3	17.47
3381	123	5	56.37
2862	14	3	8.53
144	1378	3	26.28
470	14	8	12.38
1595	14	3	5.14
139	128	5	15.36
503	14	6	6.95
116	1514	3	20.88
113	128	13	38.59
5827	246	3	47.19
4399	247	4	57.98
124	1353	4	33.46
121	907	3	20.24
2	167	85	582.56
8	215	4	14.96
5022	107	3	26.13
8	141	3	4.32
1116	133	3	23.79
2265	14	3	7.61
119	2139	3	23.72
108	2197	3	19.41
195	14	16	14.87
2296	14	3	7.61
106	218	4	8.2
98	3663	4	18.4
718	105	3	11.43
429	12	7	7.77
280	3993	3	41.58
98	1985	9	52.4
102	2985	3	16.36
1908	14	3	6.2
904	699	5	68.66
107	513	3	11.05
98	4604	3	13.08
108	6761	3	30.79
98	2567	7	40.76
1886	104	7	47.12
98	4484	4	23.29
367	136	12	106.82
121	163	5	17.55
403	12	7	6.94
108	2449	3	20.27
104	301	6	14.51
98	4589	4	23.29
98	4641	4	23.29
2221	14	4	12.89
4446	14	3	13.27
268	14	11	11.75
1319	14	3	4.3
6295	12	3	17.38
390	105	5	18.39
103	3358	3	16.8
604	103	3	6.94
101	158	8	5.73
107	5849	3	30.61
1037	14	4	6.4
102	7409	3	24.58
319	841	3	32.42
102	1144	3	9.97
6939	14	3	17.66
151	135	5	20.57
128	2067	3	26.42
1214	14	3	3.94
130	133	4	10.62
98	995	15	75.25
922	461	10	149.1
223	101	5	5.2
164	143	3	10.86
104	2142	7	49.77
392	112	5	24.48
1532	104	3	12.15
103	114	18	5.28
6107	14	3	17.66
2578	110	4	32.93
1525	14	3	5.14
98	1244	11	49.84
3918	14	3	11.14
4859	516	3	47.72
7693	102	3	24.58
2031	12	3	6.61
5716	12	3	13
528	817	3	35.2
98	6122	3	17.47
198	12	26	44.47
417	101	3	4.19
267	211	3	21.67
98	5970	3	17.47
12	610	9	19.82
119	1484	5	42.33
2189	12	5	17.06
105	119	9	4.05
185	3473	3	35.71
6071	283	3	48.42
434	14	12	26.05
103	3951	4	28.4
1793	14	3	6.2
2650	14	3	8.53
109	543	5	25.08
1388	14	4	8.47
184	166	3	14.37
104	809	5	19.73
4406	14	3	13.27
828	14	4	5.26
3733	14	3	11.14
98	6235	3	17.47
1414	104	5	25.23
1287	12	3	4.08
114	784	4	24.87
442	125	3	16.74
780	14	6	11.81
568	142	22	264.19
388	14	7	7.14
1140	184	7	81.67
163	1065	3	26.99
1030	107	9	68.48
3598	109	5	51.83
98	5995	3	17.47
232	103	4	4.05
150	493	3	21.09
3853	163	4	51.57
1961	12	8	40.19
1349	130	4	35.35
103	107	29	6.77
266	103	7	15.8
103	236	9	21.67
228	108	3	6.05
102	4427	3	20.11
1530	142	3	26.66
2	270	43	322.61
103	3110	5	36.34
355	14	7	6.42
104	627	6	22.79
104	730	11	61.63
492	14	8	12.8
98	6242	3	17.47
103	558	11	52.96
98	3051	6	34.93
131	103	37	95.72
103	407	5	12.66
127	376	3	16.29
405	101	4	7.34
98	5912	3	17.47
105	297	22	138.87
98	3672	4	18.4
103	1116	3	9.99
12	182	22	21.79
1186	1276	6	96.64
1627	12	3	5.4
726	401	3	32.87
588	12	6	8.17
101	535	7	23.8
147	143	5	20.18
2785	12	3	8.27
175	104	12	23.42
6659	3959	3	65.4
98	606	26	142.98
663	241	4	40.9
120	1696	3	23.5
145	117	8	25.07
3368	14	6	35.31
1239	14	5	12.15
3090	14	3	9.66
107	177	4	6.29
281	1115	3	32.88
98	996	17	98.99
98	1072	14	69.69
1404	12	4	8.15
104	422	4	9.08
5250	107	3	26.13
98	1769	3	6.03
109	810	9	64.79
101	231	5	5.38
12	4690	3	13
98	3621	5	29.11
779	363	3	33.01
1930	14	3	6.2
243	111	3	7.73
104	3942	3	18.72
173	2520	3	32.48
104	1285	10	68.01
632	102	3	6.75
2	1960	3	16.56
7679	14	3	17.66
500	105	3	9.3
1441	12	3	4.47
932	209	3	29.56
4432	6169	3	67.64
98	3638	5	29.11
350	12	10	13.86
102	492	6	18.41
12	1349	8	29.6
205	112	3	6.89
754	12	6	10.8
1868	12	5	15.67
104	521	8	32.42
3508	226	4	54.38
118	305	4	18.49
2998	14	6	35.31
101	1218	3	9.44
872	2222	3	44.98
142	1331	4	37.51
98	712	22	120.01
1203	14	3	3.94
98	832	19	102.82
121	193	4	15.6
119	729	8	64.15
614	103	6	22.11
102	238	17	60.52
104	2937	3	15.94
215	143	3	14.27
98	4535	3	13.08
2354	104	3	14.95
601	12	5	5.3
5693	104	3	20.92
12	331	14	25.92
518	12	6	6.83
1579	12	8	31.53
102	1511	6	32.72
115	329	3	11.59
110	168	5	10.56
172	117	6	20.3
9	14	146	284.98
1061	111	7	51.97
321	1306	3	34.77
1643	99	11	64.05
105	144	6	6.1
605	147	9	87.9
166	297	3	19.33
108	3862	3	24.09
2407	104	4	22.88
173	378	3	21.5
133	696	5	40.85
112	114	8	6.58
179	12	82	300.8
112	185	5	13.91
98	206	83	421.47
2931	12	3	8.27
98	6257	3	17.47
472	1067	5	66.54
102	2394	7	51.36
706	104	5	18.31
4377	1082	4	70.88
127	113	16	53.35
104	2236	3	14.95
817	14	4	4.93
288	108	3	7.93
1476	111	3	18.68
102	917	5	19.53
108	2842	4	31.54
13	119	4	4.02
310	12	9	9.11
146	145	6	26.93
1242	12	4	7.56
119	4837	3	30.65
109	315	3	8.71
98	1342	12	62.93
109	213	7	24.31
1497	101	4	17.03
1378	14	5	12.97
98	6216	3	17.47
183	102	9	12.82
139	207	3	13.67
116	178	4	10.54
757	14	4	4.63
160	2054	4	43.96
6849	108	3	30.79
2247	136	4	41.56
583	1769	4	57.45
1199	107	4	23.56
114	499	5	28.64
98	2244	8	46.58
12	6600	3	17.38
278	12	9	7.21
106	105	46	64.44
12	592	6	8.17
2470	101	3	13.61
125	102	12	4.77
121	1352	3	22.74
102	5802	4	32.77
110	155	5	9.6
409	142	7	56.76
109	965	4	22.55
124	719	5	37.84
12	136	61	94.22
2588	101	3	14.6
3201	107	3	22.33
208	116	5	18.94
105	759	4	17.99
163	1601	4	42.16
265	160	10	85.12
12	1467	3	4.91
114	165	3	5.29
98	4468	3	13.08
151	407	3	20.38
98	2551	5	20.96
98	4672	3	13.08
102	2969	6	49.16
1713	14	3	5.63
57	8	3	8.97
514	162	12	127.56
98	3013	5	23.82
214	350	4	34.19
2930	14	7	41.2
1063	14	5	10.13
104	2490	4	22.88
5	104	8	14.93
121	635	4	26.77
777	139	3	22.7
292	101	4	5.11
1164	125	3	22.47
104	705	17	115.17
107	2176	6	49.82
104	629	4	12.17
5984	105	3	28.92
1374	107	3	16.69
120	502	3	16.38
105	205	5	10.49
105	323	3	6.88
424	102	3	4.63
101	2240	3	13.61
98	6213	3	17.47
116	177	3	6.34
1391	108	3	16.87
12	949	8	22.76
98	1337	12	62.93
789	12	4	4.66
937	109	13	113.65
1364	130	3	24.5
120	247	12	81.05
101	640	3	6.26
7346	12	3	17.38
98	565	26	132.47
2412	107	3	20.09
283	125	4	20.89
127	221	3	12.25
145	1031	3	24.65
103	257	6	11.25
2	271	3	5.02
1653	504	4	55.08
253	109	37	288.27
12	1645	4	9.55
668	401	19	302.54
127	134	5	14.48
197	152	3	14.86
102	1674	6	34.17
977	3191	3	47.6
1483	12	3	4.91
119	1213	6	50.18
12	880	15	67.82
105	351	4	12.06
489	5	4	35.86
3712	12	3	10.88
484	102	3	5.17
462	503	3	31.39
101	683	3	6.7
120	233	3	11.2
109	305	5	19.25
2868	2330	5	96.16
480	12	23	89.66
12	797	4	4.66
605	103	4	11.44
149	125	3	7.21
98	5909	3	17.47
2852	12	3	8.27
98	3677	5	29.11
509	12	5	4.08
3286	104	3	17.16
104	614	3	7.25
102	4541	3	20.11
98	6251	3	17.47
98	4573	3	13.08
104	5020	4	33.85
175	165	3	13.68
103	2354	3	14.6
134	150	3	9.11
729	428	3	33.34
98	8143	3	17.47
781	204	5	52.8
2022	12	3	6.61
98	1954	8	40.41
206	103	13	35.73
133	114	4	5.46
116	2317	3	23.77
247	113	3	9.28
115	217	5	18.92
102	1589	3	11.38
12	123	40	14.22
102	7750	3	24.58
12	289	47	220.69
2545	14	3	8.53
148	113	3	4.07
122	151	3	7.24
1289	108	6	42.58
103	2457	5	31.23
98	927	18	104.82
105	3484	3	20.65
1567	461	5	69.81
234	114	3	8.92
12	3939	5	28.97
121	2778	3	27.2
98	4370	3	10.96
103	749	5	18.66
209	1892	4	47.61
133	107	13	31.73
389	278	3	26.87
98	4442	4	23.29
98	4654	4	23.29
1561	233	6	76.86
309	1105	4	47.53
116	1851	3	22.15
98	682	4	3.9
1010	107	5	30.58
915	12	4	5.32
102	3087	4	25.2
628	101	3	6.06
729	101	12	64.64
102	4801	3	20.11
98	2226	8	46.58
101	5804	4	32.02
107	161	78	576.58
102	523	3	5.8
107	309	3	8.17
158	217	3	16.16
749	157	3	24.55
5763	430	4	68.3
584	117	3	15.69
6448	3383	3	63.82
3144	731	4	64.99
109	691	9	61.75
150	3439	3	33.01
264	107	4	11.4
707	12	7	13.51
104	5541	3	20.92
1628	241	3	34.22
98	6183	3	17.47
121	3486	3	28.44
98	1243	5	11.87
98	1139	14	74.28
2038	14	3	6.85
201	14	23	36.72
2674	102	3	15.15
513	175	3	23.27
895	142	18	234.2
102	2238	7	51.36
98	471	30	146.58
4354	697	3	47.32
674	12	5	6.22
163	1760	3	30.2
113	176	9	35.51
103	170	7	6.47
104	2596	3	15.94
1403	12	9	36.56
98	3035	3	9.48
1248	14	3	4.3
107	4206	3	23.91
976	14	4	5.99
98	120	401	2135.35
98	293	49	244.07
1411	1085	3	42.65
101	1060	3	8.68
287	14	9	8.22
1283	14	3	4.3
1933	14	4	10.73
12	750	5	7.32
130	1806	5	50.38
1064	101	3	8.68
384	114	8	49.79
412	136	7	55.19
1430	12	3	4.47
378	12	8	9.31
109	525	4	17.92
98	1615	11	64.05
98	1463	10	47.64
3691	12	4	18.29
391	103	3	4.75
112	169	4	8.01
104	2037	4	21.63
877	14	4	5.61
105	196	9	27.59
2002	14	3	6.85
98	3008	3	9.48
259	14	12	13.04
113	443	15	119.08
1461	12	4	8.81
235	156	3	16.78
292	9	15	111.71
103	187	7	8.83
103	135	11	8.53
103	335	3	3.89
1188	14	4	7.34
102	881	14	93.01
116	1517	5	40.96
119	559	3	15.79
105	381	3	7.94
2978	14	3	9.66
98	6132	3	17.47
765	530	5	64.15
12	1022	7	18.66
139	133	3	7.62
102	1824	4	19.51
3304	104	3	17.16
512	103	4	9.9
102	3610	4	27.8
481	1830	3	39.44
261	2836	7	111.37
704	14	7	14.07
2405	14	3	7.61
269	113	5	21.71
209	3380	3	37.45
104	453	5	13.94
1666	14	3	5.63
102	424	8	27.01
107	324	4	13.35
102	373	34	235.05
107	249	3	6.59
2008	12	3	6.61
1079	12	5	10.34
119	916	14	142.41
186	103	25	88.45
138	7401	3	39.81
128	2129	4	38.13
695	104	3	7.92
566	109	7	40.77
98	4671	4	23.29
98	2574	4	14.06
98	4595	4	23.29
98	4551	4	23.29
181	105	15	52.69
938	759	3	38.39
2710	111	3	22.57
483	177	3	22.84
942	12	5	9.18
815	104	4	13.9
3763	14	3	11.14
125	115	8	16.33
101	207	5	4.38
278	114	7	36.28
12	454	10	17.83
1731	118	5	43.09
98	3665	5	29.11
102	360	4	7.15
130	290	6	38.89
6605	12	3	17.38
12	1164	15	86.92
151	288	4	26.65
918	12	9	27
4277	129	3	31.55
829	14	9	26.64
340	108	6	25.68
1763	14	3	6.2
12	4094	4	18.29
104	570	4	11.31
104	466	3	5.7
118	184	49	406.57
1389	14	5	12.97
711	14	5	7.29
12	3793	3	10.88
1641	14	5	14.92
5607	1186	3	52.62
2	1004	3	12.33
1428	118	3	20.93
114	280	3	10.48
98	2569	7	40.76
114	229	3	8.78
4373	2828	3	55.84
114	179	3	6.05
181	103	24	77.83
98	4554	4	23.29
1119	12	5	10.34
102	1454	11	83.29
101	400	4	7.17
677	14	6	9.82
189	200	7	53.35
2	1777	6	42.44
539	14	7	10.68
551	978	3	36.41
105	133	8	9.36
104	5304	3	20.92
758	828	3	37.7
2097	14	3	6.85
5281	108	3	26.31
616	12	10	24.28
5083	12	3	13
108	3889	4	36.07
2460	12	3	7.36
2	419	23	161.72
1706	12	3	5.4
5	9	13	76.73
255	409	3	26.08
117	272	3	10.95
104	647	3	7.46
3423	12	3	9.4
309	432	3	28.11
1526	123	8	83.64
119	300	4	18.63
2222	14	4	12.89
103	124	24	32.27
108	550	23	203.99
103	198	9	17.42
127	239	4	19.39
131	384	3	17.27
113	196	4	12
766	12	12	40.35
881	109	4	22.07
98	1143	14	74.28
2	1370	3	14.05
104	1794	3	13.37
112	560	3	13.46
12	2355	8	46.35
98	6091	3	17.47
156	501	8	75.73
1318	14	3	4.3
886	14	4	5.61
1122	414	7	97.82
116	204	6	24.37
102	1656	9	63.38
3768	12	3	10.88
535	764	9	129.51
589	107	3	11.85
180	245	6	45.57
107	752	5	27.66
8234	12	3	17.38
103	183	8	10.83
5514	99	4	23.29
261	1725	4	49.04
777	113	3	16.63
102	2642	4	23.31
98	180	105	475.54
98	230	78	436.18
109	1237	4	24.82
119	317	4	18.93
1498	12	3	4.91
103	433	3	5.13
98	2980	6	34.93
245	112	3	8.31
187	158	3	14.41
2923	104	4	24.38
12	747	15	60.2
102	2064	5	28.73
1671	12	4	9.55
98	5863	3	17.47
933	265	3	31.52
98	5923	3	17.47
153	395	3	20.5
434	102	4	8.34
2949	14	3	9.66
2027	14	3	6.85
109	370	3	9.78
688	200	3	27.18
3659	484	5	86.41
12	155	18	6.7
98	1968	6	23.81
2201	107	4	28.52
103	3491	3	16.8
4725	12	3	13
246	160	31	343.64
121	165	3	7.73
1231	103	3	10.82
3848	104	3	18.72
741	831	4	53
101	1122	12	78.23
504	14	11	25.12
289	113	3	10.61
98	4643	3	13.08
102	6279	3	24.58
12	1372	12	62.6
791	147	3	23.47
771	14	4	4.93
293	179	5	38.72
234	12	15	17.39
3211	12	3	9.4
1819	197	3	32.98
322	116	4	18.03
2962	8208	3	63.82
109	2527	6	53.23
98	3618	5	29.11
105	937	3	12.94
122	189	3	9.73
1659	142	7	79.37
12	406	39	216.85
137	102	18	26.37
2707	14	3	8.53
736	14	5	7.29
229	201	8	69.1
98	608	7	12.09
1325	4093	4	72.12
2914	234	3	37.07
98	4456	3	13.08
158	412	3	20.86
102	252	21	88.27
344	117	4	19.06
182	102	7	7.03
1379	14	5	12.97
206	105	4	7.01
261	201	3	20.79
3040	103	6	50.06
3051	12	3	9.4
110	139	11	29.8
133	122	3	5.18
322	234	3	23.85
98	1771	10	58.23
545	109	5	25.08
12	2847	6	29.14
726	204	14	182.96
101	179	10	13.37
1680	109	3	18.29
698	14	7	14.07
98	3619	5	29.11
98	3567	5	29.11
932	102	4	14.17
765	1697	3	41.72
114	459	3	13.48
2172	102	4	20.57
211	12	25	45.91
142	1601	4	39.13
3364	12	3	9.4
98	922	9	28.46
98	998	15	75.25
98	1074	16	93.17
12	4056	5	28.97
103	156	16	32.43
127	125	14	59.55
309	247	14	161.39
104	881	3	9.28
355	102	4	7.15
153	193	4	22.23
101	791	5	17.56
261	1087	3	32.11
132	268	3	14.98
139	104	8	4.35
104	5527	3	20.92
374	16	34	395.99
1091	176	4	39.63
648	103	3	7.15
149	134	8	39.05
1453	103	3	11.81
122	1083	3	21.63
98	5914	3	17.47
105	245	16	78.53
98	3674	5	29.11
1517	1224	3	43.63
104	1901	3	13.37
112	198	3	6.62
2558	634	7	126.16
112	330	3	10.44
3197	972	3	47.6
124	307	5	28.92
109	345	3	9.28
117	110	14	22.55
222	133	3	13.61
1304	14	4	7.87
117	157	3	5.54
2626	108	3	21.28
98	6240	3	17.47
98	2	552	1184.51
12	8026	3	17.38
630	389	3	32.08
1475	12	3	4.91
108	132	6	6.95
98	3053	6	34.93
488	417	3	30.52
420	12	6	5.02
98	146	196	1038.11
5	101	6	6.28
471	213	3	25.38
3557	175	3	36.41
737	175	6	60.66
933	162	4	37.37
697	102	4	11.81
1206	118	4	29.23
846	12	4	4.98
3747	12	3	10.88
109	317	4	13.8
290	2158	4	52.55
98	1340	11	53.11
106	4454	3	25.03
207	158	3	15.83
98	6218	3	17.47
128	254	24	214.5
2017	14	3	6.85
1084	14	5	10.74
2412	12	3	7.36
104	896	8	42.17
2730	211	3	36.27
102	4207	3	17.91
529	104	14	76.34
107	190	4	7.5
238	518	3	26.97
108	876	4	21.68
3306	12	5	23.68
225	160	25	254.65
119	2220	3	24.58
1741	381	3	37.63
3858	99	4	18.4
121	441	5	32.09
2847	14	7	41.2
120	823	4	28.11
2071	108	3	19.41
98	1786	9	46.01
113	2041	4	32.64
104	4031	3	18.72
106	103	112	204.8
98	3636	3	10.96
98	3584	4	18.4
5316	109	3	26.61
2341	12	5	18.73
12	127	306	1559.88
233	103	4	4.05
115	276	3	10.44
122	342	3	14.76
110	166	19	88
101	582	4	9.67
834	395	6	77.39
1729	1048	3	43.4
102	2974	6	49.16
2983	1845	5	95.85
217	1926	4	47.97
103	2186	4	21.16
3152	12	3	9.4
12	1402	3	4.47
476	101	3	4.72
98	4685	4	23.29
2	2219	3	17.42
142	1065	5	47.09
2	1251	9	65.6
2183	12	5	17.06
1266	12	3	4.08
98	1594	12	69.87
109	574	5	25.44
274	671	3	29.78
105	207	6	14.88
108	1501	4	25.88
121	3333	3	28.44
424	14	11	21.38
1092	102	3	9.57
149	113	12	46.32
98	3011	4	15.87
4633	976	4	74.81
98	3063	5	23.82
1386	14	4	8.47
117	139	7	18.96
6498	12	3	17.38
108	2845	3	21.28
146	148	4	15.57
197	108	3	4.99
103	212	10	23.15
1504	14	4	9.13
98	6211	3	17.47
98	6075	3	17.47
98	1235	12	58.61
188	12	42	99.22
1077	103	3	9.99
120	249	8	47.33
102	3425	5	35.59
207	165	15	131.72
119	1708	6	55.19
117	5696	3	30.11
625	12	7	11.93
1742	12	5	14.49
102	1115	3	9.57
115	444	4	20.17
2457	12	6	25.99
1459	1608	5	83.66
148	125	3	7.13
101	266	4	4.21
4657	2568	3	58.08
178	203	5	33.12
111	268	3	8.45
129	341	3	15.86
102	4705	4	32.77
447	113	3	13.15
98	1076	14	69.69
3985	14	3	11.14
126	522	4	26.43
523	451	14	201.74
271	334	3	25.57
510	12	5	4.08
1371	2399	3	47.51
614	105	3	10.47
102	169	7	5.57
98	4470	4	23.29
629	5	4	38.15
1393	114	5	39.24
98	2553	6	29.3
98	4674	3	13.08
102	2967	5	35.59
240	14	17	26.07
1362	162	3	28.27
134	157	10	56.21
111	1209	5	34.5
133	198	7	41.09
110	157	4	6.28
103	3472	3	16.8
209	1095	3	30.33
12	186	116	632.22
115	192	5	16.67
358	12	6	3.85
1482	12	3	4.91
427	12	9	13.84
7345	12	3	17.38
409	246	4	37
788	12	4	4.66
1612	604	3	40.41
1263	14	3	4.3
339	14	12	20.09
12	171	69	208.1
107	1246	3	16.2
4132	3273	5	109.71
576	102	6	20.36
98	4455	4	23.29
209	1715	3	32.88
4502	14	3	13.27
107	536	3	11.24
103	2140	5	29.48
98	925	12	47.63
211	109	5	14.17
200	104	5	5.46
1520	103	3	11.81
454	102	6	17.4
1505	552	4	55.04
114	514	3	14.19
163	1331	6	67
7317	616	3	53.3
380	568	4	44.2
271	171	20	210.75
1	2	3	5.35
1109	14	4	6.85
106	147	14	37.72
203	978	4	41.57
106	205	7	20.2
98	1620	8	34.02
2387	12	3	7.36
999	9	6	48.51
101	218	9	17.23
687	12	6	9.82
558	103	6	20.79
319	213	3	23.06
2877	109	3	21.58
98	5984	3	17.47
105	413	3	8.21
98	6060	3	17.47
4620	12	3	13
120	161	4	11.66
8131	111	3	32.09
120	309	9	61.09
622	14	6	8.98
513	162	4	32.35
135	108	5	4.98
113	103	113	356.8
266	105	4	9.5
117	5083	3	30.11
668	204	3	27.11
119	127	5	8.35
107	1045	5	30.58
131	105	24	70.55
3923	107	3	23.91
102	2626	4	23.31
98	6253	3	17.47
98	164	134	653.53
363	14	20	59.71
124	102	14	7.03
4483	103	4	33.37
626	301	3	30.14
242	188	5	37.43
98	5803	4	23.29
2139	108	4	28.76
102	4344	3	17.91
104	7130	3	25.39
411	14	6	5.18
2003	102	4	20.57
627	142	3	21.36
241	8	15	102.5
2	319	4	10.07
113	216	3	8.23
2165	12	5	17.06
103	222	6	9.38
515	1883	3	40.01
103	122	30	50.66
2132	12	4	11.38
3258	12	5	23.68
3426	118	3	26.62
105	533	3	9.66
101	672	3	6.48
1770	14	3	6.2
5981	14	3	17.66
98	1241	13	68.6
104	8149	3	25.39
112	255	7	31.44
1518	14	3	5.14
116	515	3	14.6
1157	12	14	73.89
101	2348	3	13.61
102	2053	3	13.32
3425	786	3	46.59
105	116	33	71.84
105	280	3	6.02
204	241	3	20.48
425	101	3	4.19
790	101	3	7.45
104	744	4	13.51
102	4596	4	32.77
3528	14	3	9.66
98	291	48	234.61
98	4500	4	23.29
181	147	3	12.23
4956	102	3	20.11
98	4576	4	23.29
175	9	4	11.44
150	2517	4	44.04
98	1957	7	31.44
300	959	4	46.3
98	8222	3	17.47
1786	122	3	24.83
110	125	5	3.9
101	497	3	5.01
101	346	4	6.24
4703	99	3	13.08
2103	14	3	6.85
98	3603	4	18.4
148	110	6	11.88
105	942	3	12.94
604	105	3	10.47
390	103	7	21.99
3457	107	4	33.21
155	2127	3	30.52
125	132	3	5.38
223	104	5	6.91
102	2750	3	15.15
2553	150	3	31.77
348	12	22	65.37
123	1641	3	24.19
102	386	9	31.21
126	345	3	15.47
1923	2403	3	49.33
1249	14	3	4.3
121	398	3	15.44
12	1163	5	11.01
107	204	4	8.69
1042	118	5	37.69
4546	3573	4	88.87
101	5051	4	32.02
122	112	8	12.7
152	398	3	20.23
1282	14	7	22.55
3034	99	6	34.93
212	157	8	58.49
110	224	4	11.27
101	566	3	5.68
98	1974	8	40.41
12	215	79	405.75
2440	12	3	7.36
1523	12	3	4.91
590	12	7	11.45
12	141	39	36.31
107	502	7	37.67
4245	12	5	28.97
872	1070	7	109.52
114	292	3	10.87
673	12	5	6.22
2004	14	3	6.85
656	175	4	35.6
410	102	6	16.48
1909	969	4	61.35
104	254	4	5.12
147	117	15	66.32
57	14	19	24.33
514	175	4	33.48
98	774	21	122.29
494	14	5	4.17
98	3010	4	15.87
103	439	4	8.86
98	2934	7	40.76
612	14	7	12.46
119	303	4	18.78
868	105	3	12.61
6186	104	3	25.39
121	1938	5	47.42
98	1613	6	20.33
400	689	3	32.59
252	105	4	8.97
102	5420	3	20.11
619	2558	4	61.67
207	367	3	23.83
98	5877	3	17.47
105	128	25	68.34
116	500	4	21.58
98	6082	3	17.47
1223	102	5	22.2
1040	107	3	14.94
2	302	3	5.81
3141	12	3	9.4
914	12	5	8.66
1011	107	3	14.94
102	2323	3	14.16
113	191	5	16.21
103	256	7	15.04
103	139	28	67.47
1934	12	4	10.4
113	313	12	79.16
4209	247	3	40.46
435	109	6	29.42
150	574	6	53.22
1280	12	3	4.08
438	14	10	18.09
1952	175	3	31.69
98	1234	14	81.52
531	121	3	17.15
484	310	3	28.74
808	14	4	4.93
943	136	4	33.61
2754	170	3	33.29
105	580	3	10.05
98	6076	3	17.47
108	1500	6	45.04
2006	12	3	6.61
4506	107	4	40.82
123	150	4	11.41
112	173	5	12.46
6143	14	3	17.66
112	123	5	4.46
1521	14	4	9.13
98	210	84	446.26
102	4451	4	32.77
102	2458	4	21.81
706	14	4	4.08
104	708	3	8.16
4782	12	4	23.18
98	3064	5	23.82
108	179	51	347.72
453	101	3	4.44
129	385	3	16.8
1017	387	3	34.68
4255	150	3	34.6
3429	12	5	23.68
1131	176	4	39.63
2376	104	4	22.88
98	768	7	14.91
797	151	3	24.43
308	142	10	82.87
1772	1770	6	109.03
12	1540	9	38.99
119	614	6	41.83
1325	7447	3	57.59
102	300	7	17.28
98	4471	4	23.29
181	117	3	6.7
3620	184	5	73.05
103	902	3	8.95
98	4623	3	13.08
106	561	4	16.18
12	187	42	99.22
389	160	3	20.82
621	103	5	16.53
111	438	6	31.36
101	132	24	38.25
343	167	3	20.28
4688	831	3	50.73
583	4382	3	46.34
98	1788	9	46.01
111	267	4	13.44
209	839	4	41.06
106	159	5	6.83
111	5179	3	27.6
148	124	3	6.83
606	102	6	21.26
1049	2495	4	64.24
122	110	9	13.86
1408	503	9	141.91
130	159	3	9.12
12	1361	3	4.47
151	110	6	12.81
98	2245	8	46.58
98	2193	3	6.68
269	109	3	7.65
98	1077	13	60.59
118	169	4	10.54
113	669	5	31.35
1749	103	3	12.39
102	571	5	15.11
98	924	18	104.82
1352	111	4	26.83
2064	233	3	35.17
98	1621	11	64.05
98	1773	8	36.79
12	2785	4	13.96
329	584	3	30.38
1803	12	3	5.96
98	3633	5	29.11
1109	101	3	9.05
137	118	5	10.78
1397	12	4	8.15
1665	12	7	26.59
691	103	3	7.6
101	368	4	6.68
112	641	6	37.58
147	205	3	14.23
4637	14	3	13.27
175	14	27	33.89
311	110	3	9.39
4196	8	3	28.48
250	457	3	26.74
4779	14	3	13.27
102	3135	3	16.36
1442	228	7	90.86
1104	109	3	15.8
107	535	3	11.24
104	691	3	7.92
104	615	11	57.09
1001	103	5	21.49
103	4782	3	20.56
98	6254	3	17.47
2359	971	3	45.33
1697	14	3	5.63
102	721	5	17.48
126	627	10	90.08
159	144	4	16.57
5267	14	3	13.27
530	14	5	4.85
103	418	9	33.9
98	2963	4	15.87
12	798	21	121.71
1730	14	7	27.21
258	102	6	10.5
98	3676	5	29.11
363	101	4	6.68
7051	9	3	35.24
2072	12	3	6.61
124	297	4	21.01
484	101	4	8.28
2230	12	4	12.54
780	104	5	19.73
163	2205	3	31.83
119	1214	6	50.18
136	379	5	35.26
98	5983	3	17.47
98	6059	3	17.47
107	737	3	13.32
239	128	3	12.92
103	298	7	17.97
283	114	3	10.57
98	415	24	89.48
472	831	5	63.92
645	525	3	33.83
114	4367	4	40.21
4415	14	3	13.27
123	113	8	14.92
460	14	8	11.98
12	598	5	5.3
107	1634	3	17.82
105	115	16	14.74
323	130	3	15.85
1920	12	9	45.76
1294	12	3	4.08
523	2460	4	58.95
1144	3675	5	96.02
405	1459	5	68.68
98	3038	3	9.48
102	1103	3	9.57
1532	14	3	5.14
345	142	10	85.54
685	14	6	10.27
397	2495	3	40.09
13	148	4	10.43
2024	12	3	6.61
3883	104	3	18.72
103	4956	3	20.56
7983	12	3	17.38
2241	1125	6	105.79
101	806	3	7.45
2269	12	3	7.36
160	12	33	41.78
126	1693	6	60.16
119	1269	7	62.68
98	6186	3	17.47
98	6118	3	17.47
1207	14	3	3.94
125	133	4	9.35
12	2652	5	20.82
98	3604	4	18.4
12	419	7	7.48
1109	292	3	33.3
932	118	5	37.02
2887	12	6	29.14
16	522	4	27.25
137	104	17	26.97
2596	16	3	28.69
3450	12	4	15.76
3672	105	3	22.22
102	438	12	51.81
109	2067	3	19.7
166	7996	3	42.52
104	559	4	11.05
1089	111	3	16.77
146	791	3	23.47
624	2866	3	43.74
104	305	4	6.92
104	110	51	64.05
114	132	5	8.36
98	4441	4	23.29
344	103	11	41.77
1348	104	4	18.07
265	278	4	34.35
102	267	5	7.85
394	12	7	6.94
887	104	3	9.28
137	351	3	17.67
137	562	5	39.66
1816	12	3	5.96
111	345	34	309.61
110	124	17	45.31
102	5769	4	32.77
1786	123	3	24.86
657	102	3	6.97
12	140	217	1121.91
8	1227	4	30.24
1917	14	3	6.2
122	538	3	17.42
577	102	3	6.16
824	241	3	29.9
101	394	3	3.95
110	112	10	6.72
120	891	4	28.99
111	392	3	10.99
98	1973	9	52.4
5039	12	3	13
2215	176	3	32.61
134	112	8	18.04
1290	104	5	24.33
4468	311	4	65.67
1419	12	3	4.47
108	4563	4	41.06
102	287	14	52.1
98	2571	7	40.76
98	4592	4	23.29
5857	14	3	17.66
325	168	3	19.9
114	177	3	5.98
1023	111	3	16.38
121	2813	7	85.8
2957	162	3	33.98
684	378	4	45.84
129	260	4	20.72
121	502	3	16.77
2915	104	5	34
1537	12	4	8.81
102	4017	5	40.96
7592	104	3	25.39
110	537	6	33.49
106	117	21	34.62
2054	14	5	17.5
1065	14	5	10.74
538	1403	3	38.38
98	3599	5	29.11
658	14	6	9.82
109	332	3	8.93
237	795	6	68.69
12	2249	3	7.36
98	6081	3	17.47
98	6029	3	17.47
128	188	6	28.82
1434	101	3	10.33
98	6133	3	17.47
104	5711	3	20.92
248	107	3	6.59
139	130	4	11.44
103	269	5	8.59
12	1844	3	5.96
102	882	6	25.9
116	1578	4	30.54
6191	14	3	17.66
146	128	3	7.13
477	14	5	3.97
728	14	5	7.29
102	4580	3	20.11
360	14	7	6.42
117	189	5	17.33
140	166	3	10.71
494	101	3	4.86
98	3009	6	34.93
612	101	3	6.06
1948	12	3	6.61
463	405	4	42.77
98	5878	3	17.47
3203	12	3	9.4
136	105	14	30.27
795	3372	3	46.59
6821	12	3	17.38
149	154	7	38
864	12	6	11.92
1229	5	3	30.77
111	1080	3	16.77
98	1460	11	57.28
152	655	3	23.07
179	113	3	5.91
3307	1521	3	50.32
2418	611	3	42.71
16	1455	3	24.77
107	397	3	9.61
451	14	7	8.56
98	2570	6	29.3
225	363	12	135.45
393	111	3	10.99
98	4555	4	23.29
110	1571	5	36.85
1929	12	3	5.96
4424	278	3	43.82
104	315	3	3.88
3266	12	4	15.76
1131	105	3	13.69
98	633	22	106.24
152	1490	3	28.14
110	122	9	13.86
539	101	5	13.59
98	1984	5	17.19
2173	12	5	17.06
4163	108	3	24.09
1407	14	3	4.69
12	57	14	10.47
115	207	4	12.99
1809	14	3	6.2
102	7259	3	24.58
106	217	4	8.12
122	123	8	22.59
110	476	3	11.68
125	116	5	6.84
101	148	10	7.85
164	103	13	23.3
321	160	17	175.9
1052	1021	8	129.65
107	261	7	27.11
12	1165	11	46.8
123	1798	6	60.7
1510	14	3	5.14
2540	233	3	37.07
7043	14	3	17.66
695	14	4	4.08
2	242	4	7.52
127	156	4	13.11
225	790	7	81.89
113	329	9	54.41
98	6092	3	17.47
98	6136	3	17.47
98	6196	3	17.47
599	12	5	5.3
2849	12	3	8.27
98	1142	8	26.63
763	412	3	33.31
227	110	4	11.36
98	1611	11	64.05
109	386	4	15.47
12	660	6	9.37
1820	103	4	20.1
159	118	4	9.94
387	12	9	12.25
103	449	23	143.4
870	1900	6	98.79
21	2	11	13.3
103	4739	3	20.56
2205	14	3	7.61
126	663	4	28.27
119	214	5	20.67
131	219	3	12.99
5951	2568	3	62.57
98	3031	4	15.87
102	2641	3	15.15
104	599	4	11.59
1377	12	3	4.47
120	428	3	15.52
58	12	3	17.38
112	152	6	14.37
1283	104	3	11.16
3254	104	6	50.78
143	112	4	5.27
1828	503	3	39.81
453	1397	3	37.27
626	113	3	15.06
4731	7105	3	67.64
98	6119	3	17.47
417	102	3	4.63
111	2543	3	22.57
416	1408	3	36.94
108	3982	3	24.09
2	1418	3	14.05
774	1224	3	39.9
201	104	14	40.59
102	2234	4	21.81
113	117	19	50.97
103	224	6	9.5
103	111	32	18.74
103	182	9	13.55
1686	14	3	5.63
98	872	5	8.78
119	901	3	18.66
107	165	10	29.47
1452	265	3	34.24
1301	1362	3	43.54
108	1790	4	27.67
243	107	42	330.89
106	130	6	4.5
111	303	4	14.9
125	128	4	7.82
1058	173	5	51.25
98	1967	8	40.41
1196	102	3	9.97
753	14	5	7.69
104	1573	3	12.15
1141	151	4	38.14
110	137	6	9.66
359	2157	4	54.52
102	5936	3	24.58
2239	12	3	7.36
268	103	4	5.31
98	4438	4	23.29
1337	12	6	17.61
145	105	12	26.16
98	4506	4	23.29
98	4642	4	23.29
1907	150	5	55.07
422	203	3	24.32
921	12	4	5.7
122	256	4	19.09
98	3620	5	29.11
107	1497	3	17.23
297	12	11	13.69
193	105	6	13.66
173	4590	3	38.56
2	1919	5	32.75
246	363	9	97.81
101	178	20	50.85
3652	14	3	11.14
98	923	18	104.82
175	412	3	21.89
3004	113	3	25.43
116	3197	3	26.02
104	372	6	17.11
838	109	5	29.51
105	1834	3	16.82
1876	12	4	10.4
12	1131	12	52
215	103	5	5.99
5714	12	3	13
1281	107	4	24.19
98	4457	4	23.29
4009	12	3	10.88
102	318	48	371.2
265	211	4	31.03
1531	14	4	9.13
98	607	24	121.27
354	142	4	26.64
2798	14	3	8.53
108	3262	3	22.51
109	852	6	37.93
1496	14	3	5.14
12	3103	6	34.76
182	103	7	7.79
743	322	3	31.8
107	1136	3	15.75
3382	12	4	15.76
12	285	32	108.65
120	2196	3	24.92
163	241	4	25.68
703	116	3	16.37
1563	12	4	8.81
246	790	5	55.76
12	614	5	5.59
4692	14	4	23.54
102	1935	8	55.61
1008	14	7	19.25
12	793	12	41.88
98	3673	5	29.11
1216	14	5	11.42
1808	1189	3	44.91
102	830	12	71.69
4609	14	3	13.27
2050	1032	3	44.83
598	103	3	6.74
117	156	7	23.52
3614	401	3	43.94
98	6239	3	17.47
104	1052	5	22.07
3589	3045	5	109.71
387	523	3	30.82
1738	102	3	11.95
103	110	36	24.47
127	124	4	7.34
116	277	7	37
116	328	7	39.91
370	1186	3	35.37
98	6050	3	17.47
105	347	4	11.9
455	2307	3	40.73
2223	14	3	7.61
731	108	4	20.03
12	2262	8	46.35
120	163	10	47.46
322	817	3	32.1
1122	428	5	65.65
2	1465	3	14.58
5059	12	4	23.18
692	105	3	11.18
12	885	19	110.11
102	1691	10	75.28
98	1341	12	62.93
124	501	6	43.05
120	142	6	18.18
155	110	6	13.41
142	1946	3	28.7
1255	14	3	4.3
118	6823	3	34.92
3133	1133	3	48.38
120	1533	5	44.34
126	4305	3	30.9
1084	101	4	14.46
103	152	8	6.64
1420	12	5	12.56
442	107	6	28.82
159	104	7	6.04
103	508	4	9.9
131	143	7	28.61
537	12	5	4.53
98	6256	3	17.47
5	14	18	21.14
1938	233	3	34.41
634	8	3	16.73
104	693	4	12.81
3466	1302	3	49.27
2	1313	12	100.24
112	111	13	14.06
1070	14	4	6.85
1783	105	3	16.82
1493	12	4	8.81
102	1886	6	35.83
460	16	3	17.7
2546	105	3	19.43
12	840	20	115.91
110	167	4	6.81
110	12	108	53.85
101	445	4	7.89
9	103	16	6.34
1175	108	4	23.79
505	14	7	9.91
1138	175	4	40.17
119	730	8	64.15
2	2272	5	35.99
98	4684	4	23.29
98	2555	6	29.3
1182	12	5	11.01
5789	378	3	46.02
147	103	28	74.28
129	195	6	31.3
269	12	9	6.6
158	207	3	15.83
827	147	4	34.25
130	102	25	41.9
171	151	4	19.17
98	4429	3	13.08
2	2407	4	26.2
12	6716	3	17.38
106	102	51	27.74
764	14	6	11.27
98	3635	4	18.4
98	3583	3	10.96
5803	107	3	26.13
101	327	4	5.84
101	276	9	22.92
98	1787	8	36.79
