623	1
254	2
518	3
1823	4
5361	5
69	6
3755	7
7762	8
5610	9
131	10
2388	11
1609	12
2407	13
8287	14
6732	15
177	16
4023	17
3181	18
7949	19
4537	20
5147	21
13	22
4978	23
4325	24
8275	25
7428	26
942	27
113	28
1453	29
2105	30
6377	31
176	32
842	33
4991	34
2504	35
8587	36
8002	37
5391	38
8	39
8120	40
1165	41
1801	42
4094	43
7853	44
579	45
6297	46
733	47
5732	48
408	49
1199	50
444	51
3705	52
2800	53
4672	54
7926	55
6543	56
501	57
5001	58
631	59
436	60
7741	61
5193	62
696	63
5229	64
259	65
1038	66
7232	67
6740	68
6535	69
2393	70
5471	71
2592	72
8560	73
3008	74
4101	75
4216	76
4583	77
340	78
3259	79
5200	80
4560	81
397	82
1304	83
4349	84
2876	85
1018	86
979	87
7685	88
169	89
271	90
2561	91
5219	92
6758	93
8375	94
1632	95
933	96
5045	97
142	98
3836	99
443	100
717	101
3588	102
1105	103
2884	104
1295	105
6932	106
7332	107
7380	108
6006	109
1893	110
3288	111
6769	112
883	113
6789	114
4500	115
3761	116
8829	117
7069	118
1628	119
3495	120
4278	121
742	122
5823	123
6183	124
7803	125
4450	126
7223	127
6005	128
8271	129
3591	130
6432	131
403	132
3757	133
8229	134
7563	135
4043	136
1422	137
2646	138
2344	139
7281	140
5536	141
3777	142
8511	143
4163	144
763	145
3314	146
3493	147
5881	148
8398	149
7452	150
3100	151
2420	152
8008	153
4289	154
5442	155
2984	156
1100	157
6013	158
7832	159
2181	160
744	161
8222	162
7531	163
4965	164
845	165
3114	166
1416	167
7404	168
6628	169
6201	170
4892	171
4614	172
1766	173
7807	174
1019	175
8003	176
656	177
1510	178
7770	179
3521	180
1476	181
8177	182
2234	183
7577	184
199	185
4088	186
5517	187
7737	188
2796	189
4228	190
1882	191
7720	192
4226	193
5695	194
2990	195
503	196
7013	197
5268	198
4106	199
7286	200
562	201
6160	202
4904	203
4070	204
6989	205
4744	206
6890	207
2294	208
1315	209
729	210
1998	211
725	212
8446	213
3032	214
2440	215
47	216
6727	217
2416	218
4526	219
6880	220
4460	221
4646	222
811	223
3097	224
5284	225
4834	226
2178	227
4445	228
6550	229
4938	230
5516	231
5494	232
621	233
3074	234
8873	235
7904	236
284	237
3385	238
6856	239
12	240
5923	241
2590	242
257	243
8847	244
1136	245
6180	246
7342	247
5524	248
3359	249
8676	250
8602	251
1798	252
8241	253
8418	254
3648	255
4061	256
5696	257
5136	258
1843	259
7844	260
299	261
6799	262
4704	263
8747	264
400	265
5597	266
713	267
8220	268
7823	269
1475	270
2492	271
1457	272
5088	273
989	274
595	275
4541	276
1914	277
3375	278
2278	279
2567	280
7621	281
6688	282
3690	283
2715	284
646	285
1934	286
7163	287
4491	288
991	289
136	290
5861	291
2239	292
6272	293
5307	294
8627	295
7507	296
2290	297
1640	298
5363	299
618	300
6114	301
2427	302
6283	303
3272	304
6779	305
7929	306
6296	307
8882	308
7420	309
3841	310
2325	311
3989	312
8053	313
7957	314
1511	315
5651	316
6018	317
762	318
8329	319
7015	320
6652	321
8089	322
6797	323
1323	324
5262	325
265	326
3414	327
2641	328
5584	329
4137	330
846	331
1725	332
4542	333
8374	334
290	335
4612	336
2647	337
7815	338
7187	339
3370	340
546	341
5184	342
19	343
4932	344
3739	345
2905	346
4024	347
8491	348
6556	349
6164	350
52	351
3080	352
7487	353
945	354
3051	355
151	356
6973	357
3680	358
7628	359
315	360
5405	361
2453	362
5392	363
1781	364
7042	365
3115	366
1688	367
1962	368
5267	369
960	370
1091	371
477	372
6172	373
8285	374
3649	375
4840	376
2085	377
7010	378
4487	379
721	380
7479	381
2848	382
446	383
3113	384
1592	385
7011	386
1448	387
1366	388
84	389
108	390
7917	391
8290	392
4230	393
3969	394
5356	395
8686	396
6454	397
606	398
7071	399
5332	400
720	401
399	402
6226	403
6596	404
1337	405
3430	406
6144	407
2473	408
5832	409
3573	410
2192	411
4166	412
7564	413
758	414
2079	415
51	416
613	417
3607	418
723	419
3749	420
7763	421
3223	422
685	423
4318	424
8827	425
6870	426
8488	427
8005	428
2716	429
1675	430
819	431
4234	432
7312	433
7811	434
2690	435
8791	436
3797	437
100	438
7674	439
7960	440
470	441
4103	442
6713	443
6427	444
2979	445
7245	446
886	447
242	448
157	449
1212	450
505	451
8354	452
633	453
2503	454
2285	455
4182	456
8328	457
3693	458
4293	459
229	460
3319	461
865	462
3365	463
6145	464
1474	465
2917	466
2258	467
7091	468
349	469
6671	470
1092	471
6336	472
4918	473
6916	474
4642	475
5797	476
1469	477
7686	478
8532	479
4424	480
7020	481
1588	482
3875	483
2855	484
6863	485
4945	486
2279	487
4885	488
982	489
2136	490
6410	491
5859	492
5064	493
5586	494
4323	495
1119	496
43	497
1633	498
3481	499
3857	500
1079	501
222	502
4981	503
5808	504
6293	505
3033	506
7781	507
892	508
2434	509
4839	510
1264	511
8466	512
5228	513
1896	514
6642	515
1984	516
4416	517
1190	518
168	519
8091	520
7658	521
1244	522
15	523
5464	524
4883	525
4857	526
1400	527
4652	528
7557	529
6290	530
764	531
2817	532
8815	533
2441	534
6516	535
7852	536
1964	537
8121	538
1548	539
7150	540
8459	541
6270	542
371	543
562	544
3187	545
8272	546
7165	547
297	548
4304	549
7348	550
858	551
266	552
927	553
3767	554
5679	555
119	556
3360	557
3866	558
3529	559
4356	560
4979	561
901	562
65	563
587	564
4120	565
8574	566
8753	567
5511	568
2061	569
7861	570
7190	571
24	572
3287	573
541	574
5837	575
5555	576
1880	577
6759	578
7148	579
7478	580
8409	581
7240	582
4629	583
5350	584
8031	585
6878	586
4076	587
4863	588
6067	589
1267	590
384	591
3910	592
3748	593
281	594
678	595
6035	596
5439	597
1771	598
5865	599
6696	600
3571	601
2564	602
4384	603
7400	604
4622	605
2096	606
5615	607
3759	608
81	609
1569	610
2206	611
2499	612
7269	613
1855	614
865	615
8420	616
120	617
3677	618
5457	619
6191	620
1180	621
5943	622
386	623
3148	624
790	625
6513	626
711	627
461	628
1828	629
4999	630
249	631
6672	632
3751	633
8681	634
5725	635
859	636
3804	637
3599	638
6491	639
166	640
6817	641
2784	642
3668	643
6383	644
1985	645
4016	646
261	647
1481	648
883	649
7456	650
6110	651
6775	652
2524	653
1657	654
3329	655
6203	656
2702	657
1232	658
1362	659
3953	660
59	661
5502	662
1209	663
7754	664
7283	665
3217	666
756	667
468	668
4233	669
4828	670
6109	671
74	672
8868	673
1126	674
2029	675
4911	676
7005	677
1884	678
2448	679
1707	680
6796	681
5327	682
8083	683
4727	684
1312	685
8376	686
8202	687
747	688
5412	689
4682	690
3914	691
2202	692
787	693
1278	694
1285	695
7653	696
4748	697
3968	698
40	699
7816	700
8580	701
6332	702
8382	703
3073	704
3549	705
6371	706
931	707
3207	708
7422	709
7264	710
1433	711
8860	712
2910	713
6807	714
8621	715
8028	716
7161	717
706	718
4026	719
7553	720
5956	721
6978	722
1730	723
2409	724
5305	725
765	726
4664	727
6729	728
3876	729
162	730
826	731
819	732
6485	733
6153	734
7423	735
5028	736
8530	737
1599	738
3492	739
2886	740
3574	741
393	742
4992	743
4706	744
1790	745
2762	746
6294	747
7793	748
6148	749
3720	750
1825	751
1568	752
5302	753
5593	754
3715	755
5577	756
8240	757
398	758
3409	759
377	760
3667	761
4241	762
1961	763
534	764
8887	765
502	766
3021	767
8601	768
7976	769
6431	770
1953	771
5227	772
3643	773
4919	774
75	775
5661	776
5185	777
5256	778
4592	779
1955	780
1974	781
1174	782
4493	783
3865	784
1635	785
7175	786
7465	787
8480	788
630	789
4057	790
6583	791
3422	792
5226	793
5222	794
4458	795
6273	796
73	797
6509	798
6407	799
2904	800
2213	801
3179	802
4150	803
419	804
876	805
2510	806
4466	807
152	808
3139	809
4195	810
456	811
750	812
5899	813
3331	814
3343	815
5006	816
5806	817
8034	818
5461	819
3646	820
6970	821
228	822
2121	823
5792	824
2322	825
8865	826
4569	827
3528	828
8640	829
8600	830
135	831
8825	832
2134	833
4546	834
3394	835
8794	836
7116	837
6992	838
926	839
5634	840
2013	841
5240	842
5949	843
2944	844
130	845
5275	846
1680	847
2934	848
5451	849
4715	850
214	851
1117	852
6968	853
7397	854
4584	855
1216	856
2512	857
764	858
6724	859
90	860
584	861
6017	862
8594	863
1235	864
2579	865
8599	866
3546	867
2557	868
602	869
1603	870
1844	871
8781	872
6236	873
3985	874
5170	875
3312	876
4130	877
3703	878
2482	879
6205	880
3509	881
1432	882
8739	883
1624	884
8840	885
4272	886
2754	887
535	888
7317	889
1917	890
3004	891
483	892
1629	893
7798	894
401	895
8673	896
139	897
2205	898
6786	899
408	900
4402	901
7896	902
7979	903
809	904
5208	905
7486	906
56	907
3178	908
3867	909
6519	910
4576	911
3254	912
5819	913
2850	914
8722	915
514	916
815	917
1074	918
581	919
8685	920
209	921
3694	922
6636	923
7129	924
537	925
3726	926
356	927
209	928
3141	929
695	930
8837	931
7217	932
11	933
564	934
3154	935
2987	936
7625	937
4731	938
2501	939
444	940
2260	941
4712	942
4890	943
3328	944
7706	945
8610	946
5723	947
1542	948
3905	949
5406	950
751	951
3038	952
6746	953
5465	954
4571	955
1382	956
7603	957
617	958
230	959
4566	960
5697	961
5751	962
1643	963
8219	964
7953	965
5925	966
174	967
6022	968
6902	969
5913	970
2312	971
2288	972
7994	973
494	974
4548	975
4206	976
7511	977
3557	978
6667	979
2751	980
1794	981
5554	982
7527	983
6459	984
6053	985
703	986
8790	987
540	988
7839	989
5023	990
6631	991
2047	992
4948	993
6763	994
3391	995
7294	996
16	997
3086	998
59	999
3382	1000
1627	1001
2599	1002
891	1003
4998	1004
150	1005
5397	1006
7515	1007
2896	1008
3340	1009
4973	1010
8301	1011
524	1012
8342	1013
5782	1014
2546	1015
7863	1016
849	1017
122	1018
830	1019
8854	1020
6000	1021
3031	1022
6168	1023
1363	1024
707	1025
3023	1026
4554	1027
1862	1028
2950	1029
3625	1030
30	1031
418	1032
2080	1033
6317	1034
3939	1035
1587	1036
5940	1037
1226	1038
4802	1039
3012	1040
4545	1041
834	1042
4783	1043
4988	1044
8405	1045
1607	1046
1482	1047
1335	1048
5939	1049
1555	1050
8909	1051
11	1052
5843	1053
1709	1054
8534	1055
2368	1056
2929	1057
7480	1058
3384	1059
4459	1060
2770	1061
8345	1062
428	1063
4770	1064
5533	1065
6928	1066
4020	1067
3568	1068
8004	1069
1735	1070
242	1071
7938	1072
7778	1073
610	1074
270	1075
5803	1076
6960	1077
1273	1078
6284	1079
881	1080
4506	1081
3405	1082
8373	1083
7061	1084
2097	1085
8656	1086
987	1087
1645	1088
708	1089
323	1090
697	1091
815	1092
2793	1093
97	1094
3740	1095
5802	1096
6113	1097
3380	1098
8704	1099
6439	1100
7623	1101
1754	1102
46	1103
2570	1104
8237	1105
3979	1106
2548	1107
5879	1108
7227	1109
5415	1110
4540	1111
5388	1112
121	1113
48	1114
3620	1115
6898	1116
238	1117
3687	1118
2916	1119
2068	1120
1196	1121
328	1122
4944	1123
7403	1124
3780	1125
3817	1126
2245	1127
4742	1128
2199	1129
1704	1130
900	1131
2167	1132
3791	1133
85	1134
315	1135
7766	1136
7196	1137
8555	1138
591	1139
4167	1140
4277	1141
429	1142
4232	1143
5326	1144
2763	1145
8111	1146
5379	1147
2248	1148
2340	1149
4633	1150
8554	1151
6036	1152
4060	1153
4320	1154
6157	1155
6075	1156
6490	1157
4201	1158
4600	1159
5714	1160
4564	1161
1857	1162
4465	1163
3226	1164
857	1165
5493	1166
183	1167
1050	1168
2775	1169
1745	1170
4547	1171
8178	1172
8132	1173
1215	1174
679	1175
6731	1176
4217	1177
4601	1178
1846	1179
5082	1180
7001	1181
818	1182
379	1183
4030	1184
2857	1185
2454	1186
5276	1187
1764	1188
5220	1189
6757	1190
6697	1191
2398	1192
2949	1193
5444	1194
4853	1195
3747	1196
1907	1197
1710	1198
31	1199
3085	1200
3261	1201
5298	1202
214	1203
5027	1204
3133	1205
1410	1206
5997	1207
4803	1208
1734	1209
8112	1210
7694	1211
3307	1212
2309	1213
7849	1214
7909	1215
6991	1216
5462	1217
68	1218
7936	1219
7499	1220
4058	1221
6945	1222
6602	1223
1365	1224
4553	1225
3592	1226
7455	1227
5764	1228
6894	1229
3541	1230
3908	1231
4589	1232
754	1233
7594	1234
5730	1235
8158	1236
4736	1237
2605	1238
5104	1239
107	1240
6804	1241
5789	1242
856	1243
3835	1244
8148	1245
3945	1246
4787	1247
1883	1248
7506	1249
6381	1250
3898	1251
8266	1252
28	1253
3619	1254
8652	1255
8607	1256
206	1257
8770	1258
3120	1259
3823	1260
6089	1261
300	1262
7601	1263
1135	1264
426	1265
1426	1266
725	1267
291	1268
7787	1269
2361	1270
7718	1271
130	1272
8406	1273
6138	1274
4478	1275
4257	1276
7967	1277
7330	1278
4053	1279
7680	1280
6881	1281
4388	1282
7592	1283
1507	1284
7427	1285
6541	1286
634	1287
2124	1288
7889	1289
8367	1290
4725	1291
905	1292
489	1293
8823	1294
3046	1295
3711	1296
3896	1297
5495	1298
3909	1299
7693	1300
7258	1301
4452	1302
7847	1303
2983	1304
6245	1305
7335	1306
5278	1307
3292	1308
4723	1309
279	1310
7144	1311
1020	1312
6072	1313
1602	1314
2458	1315
6274	1316
529	1317
1381	1318
3704	1319
825	1320
5003	1321
414	1322
887	1323
517	1324
940	1325
3595	1326
2864	1327
5747	1328
2824	1329
5172	1330
4606	1331
46	1332
369	1333
4866	1334
260	1335
846	1336
3448	1337
4279	1338
3007	1339
8203	1340
5205	1341
8359	1342
2827	1343
6547	1344
3796	1345
7980	1346
7964	1347
5662	1348
2523	1349
7617	1350
7275	1351
3306	1352
729	1353
8193	1354
2731	1355
5049	1356
5146	1357
6847	1358
7663	1359
2327	1360
1877	1361
8411	1362
573	1363
5423	1364
644	1365
3489	1366
73	1367
5780	1368
162	1369
6419	1370
4075	1371
7177	1372
5709	1373
7192	1374
1743	1375
6698	1376
2317	1377
4042	1378
8016	1379
6608	1380
6876	1381
604	1382
2939	1383
8393	1384
6453	1385
1719	1386
7597	1387
7484	1388
6365	1389
6646	1390
317	1391
7490	1392
338	1393
507	1394
3518	1395
2616	1396
3198	1397
8741	1398
4538	1399
3669	1400
1241	1401
3279	1402
1001	1403
7689	1404
6630	1405
2667	1406
8252	1407
554	1408
5286	1409
5355	1410
868	1411
8754	1412
7738	1413
8556	1414
1254	1415
8503	1416
2103	1417
5123	1418
520	1419
6700	1420
6026	1421
2539	1422
7007	1423
6622	1424
7814	1425
4275	1426
4036	1427
253	1428
820	1429
893	1430
3815	1431
5384	1432
7233	1433
5398	1434
8730	1435
391	1436
2227	1437
1559	1438
3221	1439
6549	1440
2390	1441
200	1442
4962	1443
1033	1444
1973	1445
3683	1446
1477	1447
8176	1448
6101	1449
102	1450
4849	1451
6185	1452
5705	1453
635	1454
5414	1455
8461	1456
6782	1457
2147	1458
8217	1459
7906	1460
8677	1461
2353	1462
252	1463
3381	1464
158	1465
7596	1466
1752	1467
2247	1468
1875	1469
5845	1470
4387	1471
7867	1472
1045	1473
184	1474
96	1475
8761	1476
202	1477
7955	1478
2822	1479
6095	1480
8305	1481
8258	1482
4530	1483
2966	1484
6497	1485
310	1486
2522	1487
5957	1488
6219	1489
3047	1490
3537	1491
6953	1492
2478	1493
8445	1494
4267	1495
3116	1496
2082	1497
2869	1498
4524	1499
4550	1500
599	1501
8141	1502
1104	1503
3695	1504
6514	1505
687	1506
4180	1507
7337	1508
1151	1509
1616	1510
537	1511
814	1512
3873	1513
6403	1514
4347	1515
592	1516
4067	1517
2084	1518
946	1519
6266	1520
6569	1521
8084	1522
2802	1523
7314	1524
7703	1525
2295	1526
3339	1527
136	1528
5996	1529
4093	1530
1294	1531
1065	1532
6585	1533
5164	1534
2624	1535
8130	1536
7530	1537
156	1538
2039	1539
5101	1540
431	1541
8166	1542
3603	1543
4110	1544
7822	1545
831	1546
352	1547
798	1548
2019	1549
4898	1550
2659	1551
607	1552
7106	1553
445	1554
8179	1555
1396	1556
3071	1557
3469	1558
7358	1559
3099	1560
3923	1561
339	1562
692	1563
4807	1564
90	1565
187	1566
3474	1567
8624	1568
1739	1569
4653	1570
455	1571
409	1572
7899	1573
2157	1574
8697	1575
2791	1576
2560	1577
5907	1578
2843	1579
612	1580
4118	1581
3310	1582
4681	1583
325	1584
619	1585
4869	1586
107	1587
3440	1588
8429	1589
3975	1590
7475	1591
5571	1592
1977	1593
63	1594
3523	1595
527	1596
2808	1597
5600	1598
3069	1599
3093	1600
1659	1601
5394	1602
4716	1603
2684	1604
6693	1605
848	1606
1258	1607
603	1608
65	1609
6303	1610
608	1611
5111	1612
4785	1613
8566	1614
8707	1615
874	1616
3227	1617
6963	1618
376	1619
5815	1620
7219	1621
2823	1622
5065	1623
1096	1624
2724	1625
491	1626
5159	1627
7128	1628
601	1629
1574	1630
2405	1631
827	1632
8273	1633
392	1634
4091	1635
5218	1636
7183	1637
1489	1638
1706	1639
2119	1640
2324	1641
1837	1642
8733	1643
7111	1644
5704	1645
6862	1646
117	1647
1052	1648
3956	1649
1908	1650
8533	1651
5072	1652
6051	1653
4513	1654
327	1655
8798	1656
5396	1657
534	1658
7968	1659
5221	1660
6839	1661
6665	1662
652	1663
5833	1664
5331	1665
99	1666
6196	1667
7825	1668
3386	1669
2185	1670
6859	1671
439	1672
8839	1673
6995	1674
455	1675
4520	1676
6218	1677
1546	1678
2730	1679
912	1680
3754	1681
1924	1682
5720	1683
3	1684
6875	1685
1738	1686
2964	1687
968	1688
7881	1689
8670	1690
3444	1691
8444	1692
5794	1693
6463	1694
4127	1695
1597	1696
4359	1697
5478	1698
7406	1699
1903	1700
8525	1701
2776	1702
2252	1703
60	1704
2218	1705
6955	1706
2607	1707
6544	1708
3309	1709
453	1710
6069	1711
58	1712
896	1713
1068	1714
599	1715
969	1716
663	1717
5062	1718
5039	1719
7433	1720
7064	1721
8479	1722
5820	1723
1965	1724
7274	1725
2968	1726
4254	1727
5972	1728
7819	1729
645	1730
2126	1731
2711	1732
6621	1733
3974	1734
1530	1735
74	1736
6292	1737
139	1738
4957	1739
4227	1740
4836	1741
5603	1742
8085	1743
4931	1744
5910	1745
8529	1746
3408	1747
8608	1748
7086	1749
3995	1750
79	1751
1596	1752
5648	1753
3981	1754
6366	1755
1374	1756
3124	1757
1946	1758
7017	1759
487	1760
5532	1761
5047	1762
3201	1763
4446	1764
4086	1765
6009	1766
11	1767
2352	1768
1841	1769
7282	1770
5851	1771
1817	1772
7705	1773
2022	1774
5207	1775
733	1776
1820	1777
7943	1778
709	1779
7463	1780
6720	1781
8000	1782
1661	1783
1720	1784
8763	1785
3660	1786
5523	1787
8330	1788
3335	1789
5093	1790
5987	1791
5591	1792
190	1793
7096	1794
734	1795
7290	1796
4755	1797
8151	1798
2671	1799
5477	1800
7941	1801
2666	1802
7632	1803
3706	1804
4953	1805
5075	1806
2259	1807
598	1808
4089	1809
32	1810
8472	1811
8216	1812
7779	1813
3983	1814
5371	1815
6747	1816
7362	1817
1080	1818
7942	1819
7248	1820
847	1821
2342	1822
1404	1823
3685	1824
4504	1825
363	1826
6333	1827
5931	1828
5581	1829
2023	1830
1920	1831
5786	1832
3106	1833
5339	1834
3206	1835
4593	1836
6380	1837
6935	1838
3052	1839
5358	1840
7831	1841
8371	1842
2963	1843
7773	1844
7045	1845
3449	1846
7026	1847
2767	1848
72	1849
8504	1850
4355	1851
2064	1852
7384	1853
34	1854
5630	1855
330	1856
6718	1857
2911	1858
2639	1859
7367	1860
5120	1861
2107	1862
5970	1863
6526	1864
318	1865
2452	1866
2720	1867
7288	1868
510	1869
6743	1870
236	1871
188	1872
6354	1873
8535	1874
3580	1875
4140	1876
510	1877
1529	1878
341	1879
7260	1880
5370	1881
1758	1882
172	1883
5117	1884
7003	1885
2056	1886
7176	1887
1712	1888
6252	1889
4557	1890
1150	1891
8439	1892
4860	1893
7767	1894
7180	1895
4014	1896
7143	1897
3965	1898
1228	1899
688	1900
7745	1901
5902	1902
7099	1903
3933	1904
6464	1905
2439	1906
2487	1907
4451	1908
1792	1909
367	1910
2113	1911
435	1912
8760	1913
231	1914
4989	1915
5041	1916
586	1917
7946	1918
3330	1919
3598	1920
6999	1921
6228	1922
5309	1923
5988	1924
6295	1925
4250	1926
8453	1927
8321	1928
5638	1929
1238	1930
4065	1931
5289	1932
5675	1933
4621	1934
5303	1935
3536	1936
4249	1937
6200	1938
4490	1939
3600	1940
1225	1941
4517	1942
2475	1943
746	1944
2098	1945
2928	1946
8425	1947
8618	1948
6310	1949
3837	1950
2978	1951
3986	1952
2403	1953
6386	1954
10	1955
6034	1956
5689	1957
5547	1958
7040	1959
8788	1960
5857	1961
163	1962
1289	1963
5091	1964
8531	1965
6151	1966
1388	1967
55	1968
2150	1969
50	1970
7789	1971
1445	1972
4476	1973
896	1974
91	1975
668	1976
4128	1977
6623	1978
7124	1979
5708	1980
6588	1981
2493	1982
2653	1983
3050	1984
4139	1985
179	1986
482	1987
8547	1988
319	1989
470	1990
8509	1991
7593	1992
567	1993
2839	1994
5703	1995
4574	1996
6461	1997
8136	1998
3744	1999
2111	2000
3347	2001
2938	2002
29	2003
7088	2004
4050	2005
5373	2006
3428	2007
6521	2008
1257	2009
104	2010
6277	2011
8572	2012
8866	2013
2845	2014
7198	2015
3371	2016
7930	2017
8434	2018
5633	2019
4467	2020
2426	2021
531	2022
256	2023
8059	2024
4051	2025
5181	2026
8076	2027
3338	2028
6442	2029
1090	2030
2350	2031
342	2032
4012	2033
6399	2034
7230	2035
2705	2036
1251	2037
2323	2038
5958	2039
8392	2040
3048	2041
519	2042
1927	2043
5952	2044
4097	2045
101	2046
3698	2047
2091	2048
1673	2049
2828	2050
7670	2051
906	2052
26	2053
689	2054
6704	2055
3775	2056
8391	2057
568	2058
7583	2059
975	2060
3467	2061
49	2062
4117	2063
461	2064
6833	2065
3734	2066
5434	2067
7093	2068
3457	2069
509	2070
8100	2071
138	2072
8713	2073
2892	2074
4229	2075
4968	2076
4149	2077
8911	2078
7214	2079
2788	2080
8684	2081
1732	2082
305	2083
7939	2084
4782	2085
4335	2086
2307	2087
657	2088
2141	2089
371	2090
195	2091
2429	2092
323	2093
8832	2094
5840	2095
639	2096
450	2097
8268	2098
6872	2099
5035	2100
1219	2101
7677	2102
7416	2103
4697	2104
3555	2105
4188	2106
950	2107
4044	2108
5154	2109
448	2110
4798	2111
2413	2112
6918	2113
6505	2114
3930	2115
3818	2116
6044	2117
7669	2118
3368	2119
8347	2120
947	2121
1552	2122
4753	2123
7429	2124
7791	2125
212	2126
3166	2127
845	2128
6271	2129
8519	2130
7937	2131
2585	2132
6257	2133
3727	2134
4687	2135
3640	2136
3893	2137
4011	2138
143	2139
1895	2140
626	2141
442	2142
8074	2143
6372	2144
5811	2145
1505	2146
2332	2147
2717	2148
7101	2149
5291	2150
5791	2151
25	2152
5467	2153
8737	2154
5829	2155
1048	2156
7333	2157
5642	2158
1969	2159
4132	2160
342	2161
7800	2162
2299	2163
7054	2164
4881	2165
8648	2166
7854	2167
1859	2168
6554	2169
4628	2170
4391	2171
5637	2172
441	2173
5251	2174
3232	2175
8632	2176
4757	2177
1625	2178
4660	2179
7644	2180
75	2181
860	2182
5855	2183
3151	2184
284	2185
2037	2186
7417	2187
686	2188
5774	2189
726	2190
8779	2191
484	2192
4888	2193
6751	2194
2296	2195
196	2196
3567	2197
7368	2198
220	2199
8764	2200
5052	2201
2	2202
1660	2203
7018	2204
6474	2205
1057	2206
6848	2207
7029	2208
5475	2209
2575	2210
8828	2211
5620	2212
2902	2213
211	2214
8892	2215
5582	2216
5141	2217
1832	2218
4208	2219
3500	2220
1	2221
3766	2222
1676	2223
6914	2224
1523	2225
3661	2226
8081	2227
3194	2228
1412	2229
7080	2230
7605	2231
3346	2232
6730	2233
7860	2234
2986	2235
7319	2236
784	2237
5573	2238
8912	2239
8748	2240
4977	2241
126	2242
8876	2243
8368	2244
2472	2245
7418	2246
4508	2247
1854	2248
2819	2249
1571	2250
2362	2251
2412	2252
6311	2253
5731	2254
5668	2255
7550	2256
844	2257
250	2258
8731	2259
6359	2260
1689	2261
8803	2262
5318	2263
1996	2264
8463	2265
1490	2266
4799	2267
4173	2268
331	2269
3152	2270
6120	2271
4203	2272
8478	2273
5866	2274
1471	2275
4045	2276
6846	2277
3246	2278
643	2279
6770	2280
7108	2281
6582	2282
507	2283
3984	2284
6450	2285
272	2286
6676	2287
8862	2288
6650	2289
2670	2290
2525	2291
2532	2292
3345	2293
7913	2294
3200	2295
5605	2296
83	2297
3556	2298
8175	2299
4096	2300
8495	2301
2999	2302
4870	2303
3558	2304
8598	2305
2226	2306
7387	2307
5999	2308
3397	2309
5210	2310
1806	2311
7237	2312
2225	2313
115	2314
87	2315
33	2316
1701	2317
1815	2318
40	2319
5463	2320
8668	2321
782	2322
1824	2323
4394	2324
3019	2325
2598	2326
4373	2327
6707	2328
1623	2329
1195	2330
3948	2331
728	2332
134	2333
2859	2334
3602	2335
3477	2336
5995	2337
5497	2338
21	2339
573	2340
8198	2341
7786	2342
8861	2343
7	2344
8356	2345
539	2346
4162	2347
1849	2348
2145	2349
304	2350
5745	2351
3887	2352
8361	2353
893	2354
2399	2355
2160	2356
6182	2357
4108	2358
88	2359
6645	2360
4303	2361
4995	2362
4486	2363
21	2364
1466	2365
6448	2366
7255	2367
642	2368
1601	2369
2139	2370
3825	2371
575	2372
108	2373
175	2374
6435	2375
7259	2376
7696	2377
3134	2378
4927	2379
4427	2380
682	2381
3612	2382
5767	2383
497	2384
2500	2385
7802	2386
61	2387
1939	2388
5252	2389
900	2390
115	2391
5726	2392
1093	2393
42	2394
6135	2395
1881	2396
3903	2397
2958	2398
8109	2399
3308	2400
1727	2401
99	2402
7482	2403
25	2404
34	2405
503	2406
314	2407
3195	2408
4170	2409
4454	2410
6574	2411
4376	2412
1874	2413
5011	2414
6049	2415
6447	2416
3054	2417
31	2418
114	2419
2900	2420
8852	2421
659	2422
4533	2423
2273	2424
1728	2425
713	2426
4393	2427
395	2428
1032	2429
8664	2430
723	2431
7235	2432
7442	2433
3119	2434
328	2435
1549	2436
465	2437
6019	2438
990	2439
3562	2440
3131	2441
86	2442
923	2443
7866	2444
4939	2445
2468	2446
23	2447
739	2448
2319	2449
899	2450
3029	2451
759	2452
816	2453
8651	2454
1858	2455
8088	2456
5787	2457
2739	2458
7869	2459
782	2460
3578	2461
5701	2462
5476	2463
5771	2464
62	2465
1436	2466
6920	2467
4468	2468
5914	2469
5784	2470
469	2471
8850	2472
5773	2473
6695	2474
7870	2475
4296	2476
5403	2477
8114	2478
7923	2479
5778	2480
6792	2481
5417	2482
286	2483
869	2484
2242	2485
321	2486
6484	2487
2474	2488
8593	2489
7081	2490
4767	2491
8645	2492
642	2493
4408	2494
4348	2495
4109	2496
8666	2497
629	2498
2980	2499
7872	2500
8297	2501
5921	2502
294	2503
2366	2504
6115	2505
8783	2506
7012	2507
3253	2508
2172	2509
605	2510
4581	2511
2909	2512
7559	2513
191	2514
4964	2515
6576	2516
103	2517
5055	2518
5216	2519
5755	2520
1819	2521
2354	2522
7818	2523
7580	2524
719	2525
2066	2526
1127	2527
527	2528
8568	2529
4551	2530
1789	2531
3301	2532
2495	2533
1663	2534
718	2535
4375	2536
6105	2537
1	2538
6942	2539
1557	2540
4210	2541
797	2542
5061	2543
3872	2544
4494	2545
5	2546
6364	2547
1192	2548
3055	2549
6409	2550
5694	2551
7795	2552
2688	2553
3108	2554
3271	2555
949	2556
1428	2557
204	2558
7085	2559
5410	2560
2491	2561
5197	2562
2614	2563
6534	2564
825	2565
7619	2566
3482	2567
7110	2568
662	2569
3041	2570
8022	2571
8662	2572
3202	2573
3079	2574
48	2575
3861	2576
6929	2577
4034	2578
4237	2579
1521	2580
3321	2581
1631	2582
2558	2583
5500	2584
3662	2585
4029	2586
3525	2587
65	2588
5310	2589
8864	2590
629	2591
1500	2592
108	2593
7084	2594
7562	2595
5450	2596
3390	2597
3788	2598
7363	2599
6985	2600
647	2601
4054	2602
2058	2603
7662	2604
8379	2605
5906	2606
3701	2607
5922	2608
6939	2609
643	2610
8559	2611
2922	2612
288	2613
7611	2614
7291	2615
4738	2616
4363	2617
7973	2618
5321	2619
7307	2620
5810	2621
4470	2622
677	2623
132	2624
848	2625
7268	2626
2135	2627
324	2628
6483	2629
3284	2630
266	2631
7755	2632
6764	2633
3681	2634
8462	2635
1589	2636
6352	2637
3445	2638
6255	2639
1014	2640
1051	2641
186	2642
8812	2643
334	2644
8611	2645
7804	2646
6150	2647
3459	2648
1103	2649
1204	2650
407	2651
8615	2652
8294	2653
8407	2654
5435	2655
5599	2656
3142	2657
364	2658
524	2659
8792	2660
5351	2661
550	2662
2542	2663
2992	2664
4421	2665
780	2666
2774	2667
1015	2668
1194	2669
3877	2670
7210	2671
4651	2672
8629	2673
2609	2674
8152	2675
8901	2676
790	2677
2766	2678
7503	2679
633	2680
6808	2681
60	2682
5813	2683
186	2684
1007	2685
8366	2686
4512	2687
6423	2688
7862	2689
579	2690
8370	2691
4680	2692
7280	2693
310	2694
3415	2695
683	2696
801	2697
7910	2698
5713	2699
4648	2700
1075	2701
8592	2702
2812	2703
5538	2704
5338	2705
8471	2706
1331	2707
5690	2708
3066	2709
4976	2710
248	2711
148	2712
8408	2713
5684	2714
8506	2715
5447	2716
1062	2717
1299	2718
5822	2719
5015	2720
4676	2721
3651	2722
7098	2723
4585	2724
1208	2725
8437	2726
2887	2727
3147	2728
3570	2729
7858	2730
96	2731
1125	2732
6590	2733
6206	2734
588	2735
3003	2736
924	2737
5871	2738
1937	2739
208	2740
471	2741
8048	2742
6096	2743
2059	2744
6925	2745
3001	2746
4639	2747
4891	2748
3941	2749
7744	2750
7873	2751
539	2752
560	2753
2386	2754
511	2755
154	2756
2559	2757
2571	2758
20	2759
5742	2760
111	2761
4263	2762
39	2763
1176	2764
2757	2765
8143	2766
906	2767
295	2768
7130	2769
7535	2770
8604	2771
4438	2772
3682	2773
1197	2774
7851	2775
3503	2776
2744	2777
622	2778
5850	2779
5195	2780
7118	2781
2321	2782
1808	2783
3485	2784
8518	2785
2672	2786
3730	2787
1512	2788
710	2789
2000	2790
7542	2791
8636	2792
8211	2793
7987	2794
3675	2795
2272	2796
1148	2797
2790	2798
7238	2799
2074	2800
3118	2801
2577	2802
7285	2803
2798	2804
8782	2805
7195	2806
2028	2807
105	2808
72	2809
277	2810
1935	2811
5711	2812
660	2813
3220	2814
419	2815
6457	2816
3585	2817
7395	2818
1111	2819
8215	2820
1480	2821
1270	2822
863	2823
7709	2824
7181	2825
3061	2826
5565	2827
792	2828
6778	2829
1006	2830
45	2831
844	2832
7716	2833
7727	2834
1377	2835
47	2836
6330	2837
6617	2838
8799	2839
4092	2840
8557	2841
676	2842
8586	2843
7514	2844
8218	2845
2626	2846
6956	2847
7796	2848
8671	2849
728	2850
1380	2851
930	2852
5336	2853
1535	2854
6753	2855
4880	2856
7911	2857
133	2858
1129	2859
7947	2860
1621	2861
7278	2862
863	2863
2601	2864
4189	2865
1084	2866
6306	2867
811	2868
817	2869
6755	2870
2536	2871
8197	2872
795	2873
3174	2874
3090	2875
113	2876
5619	2877
3632	2878
1784	2879
6967	2880
1354	2881
7460	2882
857	2883
5346	2884
2410	2885
6350	2886
6853	2887
5139	2888
6891	2889
3851	2890
2246	2891
5074	2892
880	2893
78	2894
5975	2895
4837	2896
861	2897
8581	2898
7756	2899
7661	2900
2736	2901
2732	2902
6494	2903
4974	2904
8110	2905
7262	2906
5236	2907
1622	2908
4823	2909
683	2910
6084	2911
773	2912
5512	2913
1976	2914
1338	2915
6231	2916
6111	2917
890	2918
215	2919
775	2920
3289	2921
5249	2922
331	2923
486	2924
8243	2925
5095	2926
7320	2927
1286	2928
2682	2929
100	2930
8639	2931
4827	2932
144	2933
7252	2934
523	2935
1498	2936
1339	2937
3655	2938
5138	2939
3763	2940
361	2941
7133	2942
8234	2943
7567	2944
6781	2945
5316	2946
1114	2947
944	2948
6883	2949
36	2950
7068	2951
6345	2952
8875	2953
3237	2954
5165	2955
685	2956
7006	2957
818	2958
3691	2959
6633	2960
4810	2961
7136	2962
4161	2963
5645	2964
7945	2965
5876	2966
7151	2967
625	2968
441	2969
220	2970
1756	2971
7876	2972
971	2973
7149	2974
1460	2975
7325	2976
8460	2977
6071	2978
7826	2979
2753	2980
6486	2981
877	2982
3344	2983
7683	2984
4784	2985
3888	2986
1143	2987
8318	2988
468	2989
6728	2990
7052	2991
1614	2992
3318	2993
5887	2994
8056	2995
182	2996
420	2997
2280	2998
6238	2999
2284	3000
1389	3001
540	3002
6369	3003
5019	3004
4920	3005
7037	3006
258	3007
3065	3008
8303	3009
933	3010
705	3011
3758	3012
4382	3013
3084	3014
704	3015
7448	3016
5432	3017
6476	3018
2036	3019
1169	3020
2698	3021
3728	3022
1336	3023
8474	3024
3160	3025
6395	3026
1544	3027
2292	3028
5387	3029
6659	3030
2072	3031
1261	3032
1940	3033
7242	3034
8041	3035
7208	3036
3465	3037
5955	3038
4645	3039
251	3040
3617	3041
3463	3042
578	3043
8304	3044
984	3045
7381	3046
3878	3047
2021	3048
7502	3049
4246	3050
2726	3051
5293	3052
92	3053
5548	3054
7316	3055
5274	3056
4223	3057
5878	3058
3803	3059
508	3060
1703	3061
3264	3062
4	3063
4378	3064
1155	3065
4930	3066
6586	3067
6127	3068
7886	3069
1	3070
2020	3071
5214	3072
410	3073
5416	3074
7895	3075
17	3076
244	3077
5234	3078
5624	3079
3234	3080
5171	3081
6772	3082
4773	3083
3843	3084
7710	3085
1142	3086
3928	3087
6192	3088
2456	3089
3053	3090
2507	3091
1665	3092
89	3093
4477	3094
5568	3095
4017	3096
1565	3097
8903	3098
779	3099
750	3100
6690	3101
1003	3102
4909	3103
5311	3104
671	3105
1082	3106
5021	3107
4141	3108
2752	3109
4261	3110
788	3111
280	3112
6473	3113
2956	3114
1579	3115
669	3116
6773	3117
6957	3118
475	3119
8522	3120
6029	3121
1353	3122
2375	3123
7723	3124
6923	3125
38	3126
8265	3127
4193	3128
674	3129
8261	3130
3987	3131
399	3132
7032	3133
1402	3134
145	3135
1083	3136
879	3137
2723	3138
6733	3139
121	3140
2810	3141
58	3142
8335	3143
2568	3144
4670	3145
7185	3146
3565	3147
6648	3148
492	3149
2414	3150
4001	3151
2880	3152
3197	3153
5898	3154
5917	3155
7734	3156
4552	3157
4848	3158
1177	3159
4308	3160
267	3161
4922	3162
82	3163
3137	3164
8524	3165
1942	3166
2849	3167
7	3168
8295	3169
8171	3170
1054	3171
3765	3172
4322	3173
3374	3174
4656	3175
272	3176
8498	3177
2787	3178
5360	3179
7156	3180
4019	3181
521	3182
5264	3183
6941	3184
11	3185
2469	3186
5008	3187
828	3188
4474	3189
7182	3190
8755	3191
6776	3192
2078	3193
8332	3194
447	3195
6530	3196
2655	3197
6708	3198
450	3199
5122	3200
6015	3201
8007	3202
785	3203
35	3204
2930	3205
15	3206
830	3207
5324	3208
6800	3209
7996	3210
959	3211
8341	3212
3282	3213
649	3214
5295	3215
82	3216
2897	3217
921	3218
7743	3219
6715	3220
1963	3221
7415	3222
8388	3223
6394	3224
8160	3225
5934	3226
4658	3227
1503	3228
1401	3229
1413	3230
7700	3231
6344	3232
3858	3233
2882	3234
261	3235
2316	3236
5770	3237
1591	3238
5409	3239
1990	3240
2686	3241
2193	3242
2997	3243
4983	3244
3313	3245
8658	3246
5489	3247
2545	3248
1550	3249
8360	3250
6840	3251
3517	3252
59	3253
7630	3254
2	3255
8817	3256
504	3257
2217	3258
8126	3259
6140	3260
352	3261
7145	3262
6568	3263
7749	3264
5017	3265
8742	3266
4360	3267
6709	3268
4	3269
4875	3270
3778	3271
1260	3272
334	3273
3235	3274
620	3275
3443	3276
8787	3277
556	3278
2927	3279
2270	3280
8395	3281
7717	3282
7715	3283
3252	3284
7126	3285
998	3286
966	3287
1326	3288
3286	3289
2551	3290
2007	3291
4326	3292
5977	3293
4743	3294
7103	3295
421	3296
3379	3297
365	3298
3426	3299
1217	3300
5835	3301
5510	3302
2838	3303
2497	3304
8571	3305
6240	3306
6023	3307
5760	3308
1360	3309
177	3310
3403	3311
2611	3312
4412	3313
3838	3314
7961	3315
7437	3316
4812	3317
3123	3318
7746	3319
133	3320
255	3321
7581	3322
6974	3323
1797	3324
5716	3325
217	3326
288	3327
1913	3328
1153	3329
3018	3330
5114	3331
6261	3332
4824	3333
7495	3334
6961	3335
2877	3336
2587	3337
5678	3338
3356	3339
958	3340
8231	3341
8793	3342
5155	3343
3784	3344
736	3345
2821	3346
5506	3347
932	3348
1516	3349
5766	3350
7155	3351
6887	3352
5992	3353
1870	3354
2389	3355
2603	3356
1314	3357
1541	3358
336	3359
7642	3360
1525	3361
681	3362
192	3363
4582	3364
8638	3365
6832	3366
8436	3367
1987	3368
4906	3369
608	3370
2801	3371
287	3372
2804	3373
296	3374
824	3375
1714	3376
106	3377
273	3378
3348	3379
1459	3380
4049	3381
2263	3382
4455	3383
7489	3384
4461	3385
7885	3386
8660	3387
4536	3388
226	3389
5831	3390
2632	3391
919	3392
667	3393
3630	3394
4955	3395
8691	3396
1526	3397
406	3398
5344	3399
1803	3400
715	3401
3110	3402
2305	3403
7004	3404
2617	3405
5018	3406
3762	3407
8575	3408
7326	3409
4819	3410
1869	3411
3627	3412
1292	3413
5946	3414
422	3415
7615	3416
7131	3417
7109	3418
4083	3419
836	3420
3962	3421
5	3422
5192	3423
6243	3424
3456	3425
4435	3426
4258	3427
853	3428
5886	3429
5134	3430
8153	3431
3820	3432
7529	3433
280	3434
5664	3435
7639	3436
7186	3437
2490	3438
23	3439
490	3440
5077	3441
8353	3442
2995	3443
3464	3444
7629	3445
1	3446
85	3447
2912	3448
169	3449
5199	3450
721	3451
7215	3452
993	3453
5050	3454
5115	3455
1042	3456
5824	3457
3961	3458
301	3459
6286	3460
8394	3461
5759	3462
4197	3463
451	3464
2677	3465
8050	3466
105	3467
3173	3468
8259	3469
8170	3470
2274	3471
6640	3472
2709	3473
353	3474
144	3475
1073	3476
5328	3477
1872	3478
3782	3479
8863	3480
194	3481
938	3482
4818	3483
381	3484
2219	3485
8879	3486
2117	3487
2852	3488
275	3489
3702	3490
4175	3491
5609	3492
2297	3493
78	3494
8433	3495
872	3496
235	3497
1234	3498
3992	3499
4302	3500
934	3501
8263	3502
8255	3503
5629	3504
2010	3505
3017	3506
800	3507
1774	3508
8040	3509
8886	3510
3243	3511
7284	3512
7516	3513
3009	3514
7690	3515
2658	3516
8182	3517
4271	3518
3	3519
4963	3520
4253	3521
4430	3522
3938	3523
4433	3524
7302	3525
8167	3526
4392	3527
805	3528
739	3529
1829	3530
137	3531
7856	3532
4577	3533
916	3534
4752	3535
1168	3536
2050	3537
7982	3538
873	3539
1233	3540
66	3541
2961	3542
37	3543
2794	3544
5183	3545
4213	3546
8487	3547
5682	3548
2009	3549
188	3550
7305	3551
3293	3552
2200	3553
170	3554
7439	3555
356	3556
529	3557
4833	3558
8311	3559
320	3560
3559	3561
7855	3562
122	3563
4905	3564
2014	3565
2104	3566
852	3567
3954	3568
2233	3569
538	3570
1269	3571
8834	3572
7526	3573
1188	3574
1281	3575
702	3576
6458	3577
2832	3578
5930	3579
6416	3580
5204	3581
8020	3582
1411	3583
5809	3584
1012	3585
5068	3586
5631	3587
7349	3588
112	3589
6389	3590
8481	3591
1910	3592
3117	3593
6248	3594
4539	3595
3696	3596
7374	3597
4443	3598
6184	3599
1059	3600
1398	3601
4179	3602
807	3603
3067	3604
582	3605
6091	3606
3783	3607
664	3608
6202	3609
6424	3610
1598	3611
1320	3612
4284	3613
400	3614
8157	3615
7608	3616
5529	3617
418	3618
2748	3619
3781	3620
2251	3621
7340	3622
4841	3623
5176	3624
2708	3625
8118	3626
5156	3627
918	3628
6681	3629
5110	3630
2291	3631
8322	3632
2122	3633
1762	3634
163	3635
7347	3636
4711	3637
757	3638
8806	3639
8402	3640
4038	3641
7066	3642
1484	3643
5515	3644
6467	3645
8001	3646
7372	3647
8726	3648
8894	3649
8293	3650
1121	3651
7654	3652
8069	3653
1997	3654
4893	3655
5509	3656
4342	3657
1989	3658
6028	3659
6470	3660
5671	3661
3487	3662
7028	3663
6066	3664
4399	3665
1220	3666
4007	3667
5382	3668
2148	3669
7438	3670
329	3671
6116	3672
155	3673
4385	3674
4344	3675
2687	3676
6335	3677
409	3678
555	3679
7536	3680
279	3681
361	3682
6686	3683
1695	3684
731	3685
2004	3686
234	3687
18	3688
3184	3689
3840	3690
2267	3691
4090	3692
8494	3693
5036	3694
1276	3695
6141	3696
5175	3697
5486	3698
551	3699
4756	3700
1002	3701
6946	3702
3274	3703
155	3704
2941	3705
362	3706
6315	3707
6076	3708
1902	3709
7838	3710
8680	3711
2893	3712
1283	3713
6533	3714
1421	3715
2516	3716
6263	3717
76	3718
926	3719
3882	3720
5527	3721
240	3722
2396	3723
559	3724
74	3725
1809	3726
8127	3727
768	3728
224	3729
3524	3730
2204	3731
1301	3732
759	3733
1921	3734
667	3735
2222	3736
8665	3737
6959	3738
3112	3739
77	3740
6159	3741
4894	3742
4168	3743
8595	3744
7249	3745
4713	3746
2485	3747
482	3748
5232	3749
3349	3750
3901	3751
970	3752
3589	3753
700	3754
4924	3755
775	3756
8147	3757
2661	3758
7584	3759
4505	3760
8881	3761
6487	3762
110	3763
6816	3764
398	3765
3917	3766
6003	3767
7586	3768
7454	3769
913	3770
5776	3771
274	3772
4413	3773
3628	3774
2593	3775
3926	3776
5643	3777
2921	3778
8605	3779
2024	3780
761	3781
559	3782
2924	3783
911	3784
426	3785
8094	3786
3361	3787
219	3788
3155	3789
1146	3790
5312	3791
7790	3792
1887	3793
6801	3794
8187	3795
5492	3796
3848	3797
5063	3798
4669	3799
6275	3800
8139	3801
4338	3802
6343	3803
3650	3804
6712	3805
5814	3806
675	3807
7645	3808
6975	3809
119	3810
3294	3811
7759	3812
8838	3813
3230	3814
7063	3815
769	3816
3960	3817
6398	3818
5874	3819
39	3820
1318	3821
4926	3822
1231	3823
5059	3824
1682	3825
9	3826
8267	3827
8333	3828
693	3829
8396	3830
127	3831
7329	3832
717	3833
3056	3834
5683	3835
1757	3836
7153	3837
8836	3838
748	3839
5986	3840
5758	3841
1674	3842
7928	3843
1473	3844
4496	3845
2957	3846
478	3847
8006	3848
5686	3849
972	3850
4611	3851
2055	3852
7569	3853
1115	3854
210	3855
5882	3856
481	3857
3564	3858
7293	3859
7922	3860
5231	3861
6291	3862
5040	3863
6258	3864
2129	3865
6844	3866
3435	3867
5411	3868
2065	3869
6510	3870
5352	3871
8061	3872
404	3873
5601	3874
6097	3875
4028	3876
3722	3877
3441	3878
735	3879
5578	3880
1047	3881
4406	3882
53	3883
12	3884
3634	3885
7905	3886
7191	3887
6962	3888
4544	3889
1437	3890
6593	3891
3856	3892
5890	3893
3040	3894
5325	3895
7969	3896
4769	3897
1767	3898
8567	3899
8616	3900
3063	3901
1919	3902
3760	3903
976	3904
4187	3905
2048	3906
4568	3907
2544	3908
99	3909
157	3910
6313	3911
596	3912
358	3913
142	3914
8387	3915
1494	3916
843	3917
1131	3918
4523	3919
7792	3920
6014	3921
6613	3922
1547	3923
3741	3924
8432	3925
7073	3926
770	3927
1478	3928
4411	3929
3283	3930
920	3931
6242	3932
1300	3933
4509	3934
4331	3935
2985	3936
4145	3937
5748	3938
3218	3939
269	3940
2996	3941
4745	3942
297	3943
3852	3944
7413	3945
1408	3946
6647	3947
3548	3948
2198	3949
4595	3950
5030	3951
485	3952
7965	3953
5613	3954
6379	3955
792	3956
1449	3957
6262	3958
413	3959
5	3960
8539	3961
4764	3962
5179	3963
438	3964
526	3965
776	3966
4647	3967
5244	3968
2948	3969
1787	3970
4403	3971
999	3972
1791	3973
67	3974
5950	3975
3810	3976
5188	3977
5288	3978
1447	3979
5983	3980
885	3981
3723	3982
7769	3983
56	3984
2231	3985
335	3986
285	3987
7436	3988
5443	3989
7993	3990
6086	3991
2460	3992
4597	3993
8049	3994
1822	3995
3697	3996
957	3997
894	3998
420	3999
7477	4000
7509	4001
197	4002
5962	4003
1693	4004
4270	4005
3768	4006
929	4007
109	4008
512	4009
493	4010
4436	4011
6080	4012
5984	4013
5531	4014
1779	4015
5253	4016
5058	4017
338	4018
6511	4019
363	4020
3299	4021
5965	4022
6965	4023
8027	4024
4244	4025
6889	4026
7036	4027
7878	4028
1186	4029
1492	4030
6147	4031
672	4032
1011	4033
2981	4034
1	4035
7087	4036
204	4037
6302	4038
2209	4039
8573	4040
689	4041
656	4042
2943	4043
2240	4044
698	4045
3129	4046
1562	4047
854	4048
125	4049
1651	4050
5501	4051
7462	4052
7552	4053
3622	4054
3951	4055
225	4056
4429	4057
4793	4058
6253	4059
6455	4060
677	4061
1513	4062
8470	4063
3714	4064
6542	4065
5945	4066
294	4067
2071	4068
3020	4069
3621	4070
1211	4071
5959	4072
2401	4073
7234	4074
3689	4075
547	4076
3830	4077
7820	4078
2816	4079
6104	4080
128	4081
570	4082
257	4083
7646	4084
3688	4085
3136	4086
3538	4087
285	4088
4749	4089
7146	4090
1788	4091
6440	4092
2777	4093
3854	4094
3575	4095
4594	4096
7918	4097
4136	4098
3863	4099
8442	4100
2867	4101
3406	4102
6865	4103
6719	4104
7254	4105
4940	4106
772	4107
1595	4108
4735	4109
2382	4110
2144	4111
3512	4112
2053	4113
922	4114
5863	4115
246	4116
1271	4117
1088	4118
5266	4119
4610	4120
3159	4121
7972	4122
556	4123
1842	4124
1118	4125
7074	4126
2095	4127
956	4128
4299	4129
7565	4130
4276	4131
3786	4132
718	4133
3210	4134
1685	4135
4386	4136
4791	4137
2713	4138
5659	4139
4456	4140
7722	4141
313	4142
551	4143
5756	4144
2110	4145
7624	4146
895	4147
5688	4148
922	4149
5386	4150
7635	4151
829	4152
8042	4153
501	4154
3712	4155
360	4156
8298	4157
1185	4158
2572	4159
2347	4160
500	4161
22	4162
5772	4163
379	4164
5242	4165
6212	4166
129	4167
6139	4168
516	4169
5790	4170
187	4171
1821	4172
5735	4173
1386	4174
45	4175
820	4176
7788	4177
6406	4178
5455	4179
5775	4180
5928	4181
755	4182
6489	4183
8877	4184
6559	4185
1004	4186
837	4187
2993	4188
7633	4189
436	4190
2130	4191
449	4192
3437	4193
1210	4194
827	4195
615	4196
1485	4197
365	4198
5734	4199
1802	4200
5237	4201
917	4202
6479	4203
1932	4204
799	4205
910	4206
1683	4207
5459	4208
6689	4209
192	4210
8030	4211
171	4212
3608	4213
6745	4214
1140	4215
50	4216
7469	4217
6468	4218
653	4219
4336	4220
7483	4221
731	4222
375	4223
1444	4224
7055	4225
6024	4226
7783	4227
5333	4228
7092	4229
1967	4230
84	4231
904	4232
3950	4233
4515	4234
79	4235
7958	4236
853	4237
6661	4238
173	4239
5628	4240
8845	4241
3676	4242
307	4243
2220	4244
5944	4245
5545	4246
6546	4247
574	4248
4282	4249
4157	4250
97	4251
841	4252
185	4253
609	4254
3153	4255
8377	4256
5094	4257
4657	4258
4073	4259
2459	4260
5911	4261
7985	4262
292	4263
2725	4264
4693	4265
7	4266
7434	4267
5031	4268
77	4269
7461	4270
6166	4271
2	4272
4971	4273
4434	4274
1222	4275
1590	4276
6907	4277
1861	4278
1465	4279
318	4280
6788	4281
4368	4282
6506	4283
1023	4284
8545	4285
2025	4286
6570	4287
2483	4288
2149	4289
8102	4290
847	4291
4616	4292
3396	4293
4214	4294
1909	4295
876	4296
4596	4297
6980	4298
1933	4299
50	4300
2087	4301
8358	4302
7211	4303
9	4304
2820	4305
7396	4306
821	4307
8155	4308
5768	4309
1891	4310
107	4311
7655	4312
8072	4313
544	4314
727	4315
1672	4316
2740	4317
672	4318
4475	4319
5297	4320
4343	4321
90	4322
5973	4323
508	4324
8848	4325
6233	4326
967	4327
6882	4328
1749	4329
7794	4330
7837	4331
8475	4332
4663	4333
7388	4334
4772	4335
1253	4336
3323	4337
5149	4338
8039	4339
2498	4340
8800	4341
7616	4342
4327	4343
804	4344
5337	4345
3087	4346
2953	4347
6538	4348
3891	4349
4835	4350
7588	4351
4935	4352
2689	4353
8521	4354
8622	4355
182	4356
657	4357
1113	4358
7574	4359
661	4360
8389	4361
4390	4362
1361	4363
3831	4364
4626	4365
5345	4366
3884	4367
1867	4368
4708	4369
3042	4370
8190	4371
1922	4372
5258	4373
4255	4374
624	4375
213	4376
3172	4377
2704	4378
8577	4379
4401	4380
76	4381
4062	4382
8483	4383
1839	4384
6436	4385
546	4386
5798	4387
6903	4388
6540	4389
7035	4390
6850	4391
479	4392
1777	4393
7708	4394
7827	4395
2152	4396
447	4397
3533	4398
4760	4399
452	4400
4579	4401
7267	4402
7560	4403
7892	4404
6669	4405
7735	4406
8746	4407
8348	4408
3424	4409
7138	4410
1076	4411
8851	4412
2183	4413
651	4414
5212	4415
3870	4416
8095	4417
1067	4418
75	4419
810	4420
1501	4421
89	4422
1024	4423
680	4424
4563	4425
6972	4426
7209	4427
6167	4428
394	4429
5376	4430
1343	4431
8805	4432
8562	4433
4218	4434
3077	4435
1759	4436
7123	4437
4	4438
253	4439
2045	4440
3510	4441
1415	4442
6058	4443
676	4444
7058	4445
7997	4446
7306	4447
2989	4448
4063	4449
4048	4450
3169	4451
2634	4452
7812	4453
5428	4454
6525	4455
7174	4456
994	4457
7893	4458
767	4459
5470	4460
3807	4461
849	4462
5783	4463
5322	4464
3531	4465
2241	4466
3880	4467
769	4468
1263	4469
6555	4470
518	4471
4	4472
337	4473
7984	4474
3897	4475
31	4476
6893	4477
6861	4478
1551	4479
5241	4480
5580	4481
558	4482
1982	4483
1524	4484
6367	4485
2351	4486
52	4487
5418	4488
1128	4489
1379	4490
8238	4491
1531	4492
147	4493
5969	4494
5357	4495
241	4496
7446	4497
3192	4498
1086	4499
6387	4500
4615	4501
17	4502
597	4503
8174	4504
2807	4505
4897	4506
6913	4507
5330	4508
146	4509
2424	4510
8633	4511
2425	4512
6906	4513
1755	4514
640	4515
6834	4516
756	4517
8482	4518
653	4519
2660	4520
205	4521
1161	4522
1122	4523
1570	4524
3609	4525
6951	4526
4529	4527
8087	4528
1499	4529
760	4530
7321	4531
1464	4532
4312	4533
12	4534
2502	4535
1886	4536
7450	4537
7407	4538
1430	4539
4482	4540
1502	4541
4366	4542
7568	4543
172	4544
4178	4545
4907	4546
1149	4547
577	4548
405	4549
2377	4550
7679	4551
8078	4552
7043	4553
4694	4554
1441	4555
1109	4556
7253	4557
1769	4558
5677	4559
5892	4560
3724	4561
4171	4562
7733	4563
4598	4564
3461	4565
452	4566
7231	4567
1918	4568
4811	4569
7277	4570
4291	4571
397	4572
7221	4573
2249	4574
6984	4575
395	4576
3795	4577
8093	4578
7808	4579
716	4580
3967	4581
4010	4582
472	4583
736	4584
258	4585
4750	4586
8667	4587
7649	4588
268	4589
1357	4590
5727	4591
4516	4592
808	4593
3963	4594
6766	4595
208	4596
5128	4597
594	4598
1450	4599
245	4600
6401	4601
1120	4602
8441	4603
4297	4604
1878	4605
8250	4606
5054	4607
3311	4608
7287	4609
7772	4610
2853	4611
852	4612
8871	4613
7548	4614
5579	4615
36	4616
6557	4617
8550	4618
1037	4619
4605	4620
20	4621
5118	4622
3013	4623
512	4624
8641	4625
446	4626
1929	4627
6795	4628
2016	4629
2216	4630
1746	4631
112	4632
6412	4633
796	4634
7622	4635
5520	4636
4556	4637
8584	4638
6810	4639
2486	4640
223	4641
6048	4642
1892	4643
797	4644
8281	4645
4908	4646
2264	4647
5127	4648
1203	4649
7970	4650
1317	4651
4535	4652
6347	4653
384	4654
623	4655
638	4656
6964	4657
2191	4658
1577	4659
312	4660
8308	4661
538	4662
3058	4663
5963	4664
6879	4665
5700	4666
862	4667
5888	4668
6503	4669
6699	4670
637	4671
8227	4672
1434	4673
7298	4674
4842	4675
2462	4676
2159	4677
2363	4678
4686	4679
4946	4680
7365	4681
191	4682
7357	4683
1696	4684
6905	4685
7250	4686
7097	4687
1539	4688
772	4689
2965	4690
227	4691
6595	4692
5572	4693
8549	4694
8786	4695
432	4696
2673	4697
4565	4698
6362	4699
1871	4700
3471	4701
8536	4702
22	4703
8065	4704
8454	4705
80	4706
4861	4707
6204	4708
806	4709
4125	4710
4864	4711
448	4712
6944	4713
773	4714
8735	4715
3577	4716
6246	4717
388	4718
3062	4719
4224	4720
742	4721
2778	4722
8485	4723
5246	4724
7107	4725
8331	4726
7493	4727
6529	4728
6854	4729
5271	4730
4220	4731
1958	4732
7327	4733
480	4734
4	4735
3561	4736
6566	4737
4211	4738
5656	4739
2380	4740
675	4741
5209	4742
878	4743
6215	4744
823	4745
2923	4746
5560	4747
3216	4748
6635	4749
3432	4750
23	4751
5296	4752
3268	4753
5166	4754
7672	4755
2250	4756
7303	4757
1087	4758
2945	4759
549	4760
2371	4761
495	4762
6752	4763
565	4764
8064	4765
632	4766
6578	4767
730	4768
6177	4769
1442	4770
5588	4771
569	4772
1760	4773
7090	4774
4699	4775
2003	4776
7202	4777
3700	4778
6211	4779
463	4780
4037	4781
2052	4782
7279	4783
1931	4784
2488	4785
2168	4786
6488	4787
703	4788
8351	4789
566	4790
1845	4791
8449	4792
7590	4793
1392	4794
587	4795
6220	4796
3158	4797
5257	4798
8468	4799
711	4800
4425	4801
4751	4802
6156	4803
2955	4804
7524	4805
8703	4806
1630	4807
6106	4808
864	4809
530	4810
1795	4811
411	4812
5953	4813
5712	4814
8688	4815
4797	4816
283	4817
5238	4818
3560	4819
995	4820
5799	4821
8235	4822
6738	4823
7846	4824
4707	4825
5255	4826
867	4827
519	4828
1534	4829
3806	4830
3973	4831
6057	4832
6711	4833
4730	4834
740	4835
1851	4836
1687	4837
864	4838
1063	4839
7711	4840
3596	4841
4341	4842
625	4843
8878	4844
4623	4845
118	4846
701	4847
1988	4848
1634	4849
6610	4850
1684	4851
6039	4852
407	4853
2402	4854
6783	4855
7121	4856
6437	4857
464	4858
1753	4859
553	4860
7308	4861
5653	4862
4153	4863
5087	4864
183	4865
8796	4866
4314	4867
6614	4868
1606	4869
1669	4870
7440	4871
1519	4872
6803	4873
6178	4874
4231	4875
5644	4876
577	4877
639	4878
6329	4879
2865	4880
307	4881
440	4882
6619	4883
3107	4884
5272	4885
7908	4886
1993	4887
7768	4888
3944	4889
460	4890
8077	4891
428	4892
5140	4893
212	4894
6501	4895
7900	4896
6790	4897
4632	4898
2446	4899
5265	4900
8380	4901
478	4902
301	4903
7022	4904
8306	4905
7702	4906
3736	4907
1376	4908
5239	4909
6531	4910
5869	4911
2785	4912
647	4913
5013	4914
2878	4915
695	4916
2657	4917
631	4918
306	4919
600	4920
5793	4921
1034	4922
432	4923
6070	4924
4741	4925
7339	4926
283	4927
8309	4928
6392	4929
3942	4930
2303	4931
5098	4932
1397	4933
1831	4934
2315	4935
6312	4936
5858	4937
8138	4938
1403	4939
6214	4940
2428	4941
8853	4942
3412	4943
4112	4944
305	4945
5717	4946
6492	4947
2443	4948
233	4949
3601	4950
666	4951
3844	4952
8657	4953
6264	4954
7160	4955
771	4956
7398	4957
7401	4958
1737	4959
2373	4960
8221	4961
4309	4962
6267	4963
4822	4964
7016	4965
5825	4966
6895	4967
5676	4968
1782	4969
4858	4970
3611	4971
2509	4972
3507	4973
8251	4974
7392	4975
1648	4976
416	4977
3070	4978
1866	4979
8292	4980
364	4981
822	4982
317	4983
4225	4984
7067	4985
7600	4986
6754	4987
7944	4988
795	4989
5488	4990
2633	4991
6860	4992
3240	4993
3420	4994
4775	4995
2210	4996
369	4997
221	4998
1116	4999
2063	5000
3438	5001
454	5002
8119	5003
128	5004
4005	5005
1827	5006
5817	5007
3105	5008
6325	5009
9	5010
5404	5011
924	5012
278	5013
298	5014
5201	5015
7359	5016
383	5017
8905	5018
2562	5019
34	5020
7626	5021
275	5022
3647	5023
15	5024
7352	5025
2799	5026
2806	5027
8066	5028
13	5029
4370	5030
3186	5031
1262	5032
7127	5033
1395	5034
222	5035
5	5036
7038	5037
5846	5038
4575	5039
5367	5040
7353	5041
8013	5042
5436	5043
5873	5044
5604	5045
6952	5046
339	5047
2829	5048
382	5049
6227	5050
909	5051
3068	5052
520	5053
4099	5054
515	5055
8314	5056
6158	5057
193	5058
1646	5059
809	5060
5353	5061
88	5062
2445	5063
2311	5064
1307	5065
4143	5066
2606	5067
314	5068
6388	5069
3193	5070
4994	5071
2759	5072
8063	5073
3228	5074
884	5075
89	5076
3789	5077
425	5078
70	5079
5407	5080
722	5081
3805	5082
8397	5083
8410	5084
38	5085
8563	5086
7673	5087
4573	5088
2477	5089
7297	5090
615	5091
3351	5092
3832	5093
2300	5094
2381	5095
54	5096
6831	5097
7089	5098
6943	5099
8808	5100
5009	5101
5413	5102
8745	5103
5430	5104
8569	5105
1945	5106
101	5107
1250	5108
2972	5109
3514	5110
60	5111
7120	5112
5744	5113
3586	5114
1	5115
2142	5116
424	5117
6629	5118
44	5119
778	5120
2328	5121
5916	5122
6660	5123
228	5124
5699	5125
3267	5126
1255	5127
3610	5128
489	5129
8070	5130
583	5131
2378	5132
7589	5133
2834	5134
4984	5135
3902	5136
5733	5137
4804	5138
4437	5139
7764	5140
2229	5141
8643	5142
755	5143
2697	5144
6408	5145
535	5146
5564	5147
6702	5148
2	5149
531	5150
8683	5151
6355	5152
8226	5153
2511	5154
7932	5155
2257	5156
4449	5157
5674	5158
650	5159
4262	5160
3652	5161
1230	5162
3418	5163
3447	5164
3563	5165
3204	5166
5513	5167
6837	5168
404	5169
4720	5170
8349	5171
4608	5172
1275	5173
1509	5174
1930	5175
2265	5176
3429	5177
4714	5178
2737	5179
1341	5180
6477	5181
277	5182
5366	5183
5158	5184
963	5185
355	5186
5883	5187
223	5188
5402	5189
5056	5190
5292	5191
3006	5192
8558	5193
2728	5194
154	5195
6634	5196
55	5197
5086	5198
4987	5199
6784	5200
789	5201
4181	5202
3395	5203
7810	5204
8767	5205
2712	5206
1522	5207
4079	5208
3238	5209
8694	5210
1443	5211
4164	5212
264	5213
749	5214
2005	5215
8678	5216
26	5217
4726	5218
3552	5219
4315	5220
3177	5221
161	5222
51	5223
8192	5224
1780	5225
1160	5226
4637	5227
821	5228
3618	5229
6802	5230
7578	5231
5818	5232
1716	5233
7464	5234
4958	5235
5247	5236
438	5237
457	5238
3626	5239
961	5240
4488	5241
405	5242
8759	5243
8140	5244
3907	5245
8493	5246
5647	5247
7688	5248
2513	5249
1566	5250
5038	5251
8200	5252
930	5253
2973	5254
6798	5255
828	5256
175	5257
781	5258
1183	5259
4609	5260
6357	5261
2768	5262
5487	5263
7343	5264
2186	5265
6090	5266
5490	5267
5437	5268
5448	5269
6050	5270
4003	5271
8163	5272
2269	5273
5521	5274
1097	5275
2550	5276
8510	5277
868	5278
437	5279
6181	5280
7112	5281
5640	5282
1668	5283
1517	5284
7935	5285
3224	5286
3922	5287
5090	5288
4417	5289
8025	5290
3275	5291
557	5292
5752	5293
3265	5294
1025	5295
17	5296
2596	5297
7730	5298
7533	5299
3404	5300
3737	5301
626	5302
16	5303
5739	5304
117	5305
2302	5306
3185	5307
3364	5308
1316	5309
5334	5310
3205	5311
4333	5312
7835	5313
8404	5314
1613	5315
1368	5316
8206	5317
7141	5318
5754	5319
4021	5320
584	5321
2825	5322
4724	5323
6867	5324
7728	5325
1274	5326
601	5327
7270	5328
303	5329
2051	5330
213	5331
25	5332
1407	5333
2919	5334
110	5335
4072	5336
3498	5337
571	5338
346	5339
2888	5340
572	5341
3756	5342
1656	5343
4634	5344
4590	5345
7833	5346
115	5347
6032	5348
6077	5349
1229	5350
3480	5351
1340	5352
1496	5353
1594	5354
3772	5355
2109	5356
7100	5357
2128	5358
6734	5359
5841	5360
8414	5361
1514	5362
8841	5363
7864	5364
680	5365
499	5366
4900	5367
7903	5368
7813	5369
2277	5370
1308	5371
4607	5372
620	5373
3342	5374
6393	5375
7394	5376
3241	5377
6037	5378
32	5379
513	5380
5795	5381
7354	5382
3997	5383
5912	5384
8795	5385
504	5386
7451	5387
8499	5388
2207	5389
6904	5390
5010	5391
3322	5392
372	5393
5552	5394
4635	5395
4990	5396
1686	5397
8719	5398
5805	5399
387	5400
4340	5401
5553	5402
3102	5403
903	5404
3127	5405
3140	5406
4688	5407
7391	5408
30	5409
8718	5410
6143	5411
3352	5412
8313	5413
738	5414
936	5415
743	5416
254	5417
4993	5418
2359	5419
5503	5420
1864	5421
3196	5422
541	5423
2872	5424
1658	5425
4817	5426
638	5427
7931	5428
517	5429
7780	5430
251	5431
8856	5432
8247	5433
3812	5434
5483	5435
6217	5436
1008	5437
3304	5438
8090	5439
2108	5440
8	5441
6237	5442
6597	5443
3919	5444
8440	5445
6351	5446
1409	5447
5375	5448
3212	5449
3450	5450
7414	5451
4174	5452
8052	5453
4313	5454
6983	5455
7697	5456
6654	5457
245	5458
3654	5459
1124	5460
8649	5461
4035	5462
1901	5463
3016	5464
14	5465
1206	5466
5213	5467
109	5468
1900	5469
661	5470
126	5471
8421	5472
6169	5473
79	5474
7328	5475
2120	5476
766	5477
679	5478
106	5479
6653	5480
6117	5481
3816	5482
1451	5483
2346	5484
6997	5485
4889	5486
2118	5487
4780	5488
766	5489
167	5490
8776	5491
1385	5492
8906	5493
2479	5494
502	5495
7170	5496
2543	5497
1813	5498
7974	5499
6750	5500
513	5501
2450	5502
716	5503
8516	5504
3999	5505
359	5506
3801	5507
392	5508
6852	5509
7351	5510
6532	5511
18	5512
2070	5513
8736	5514
5728	5515
6612	5516
898	5517
6041	5518
8908	5519
5666	5520
1876	5521
1731	5522
3663	5523
7612	5524
3785	5525
786	5526
293	5527
8213	5528
576	5529
6321	5530
5576	5531
5590	5532
8223	5533
1470	5534
6422	5535
585	5536
4305	5537
1950	5538
250	5539
28	5540
5596	5541
3921	5542
7725	5543
7412	5544
4059	5545
6375	5546
6843	5547
3231	5548
3111	5549
3636	5550
3590	5551
4085	5552
5389	5553
151	5554
1904	5555
7713	5556
4069	5557
875	5558
2589	5559
4374	5560
7998	5561
20	5562
7336	5563
5951	5564
6199	5565
890	5566
5261	5567
793	5568
2549	5569
4497	5570
1664	5571
6	5572
6112	5573
7751	5574
5614	5575
6341	5576
5816	5577
646	5578
8185	5579
5964	5580
5053	5581
5395	5582
720	5583
8412	5584
2642	5585
4789	5586
8071	5587
2484	5588
1172	5589
5905	5590
7030	5591
8452	5592
4722	5593
7575	5594
1330	5595
1865	5596
2862	5597
7051	5598
5698	5599
462	5600
5070	5601
7760	5602
264	5603
6390	5604
3170	5605
173	5606
3849	5607
5429	5608
732	5609
18	5610
6254	5611
38	5612
7517	5613
3929	5614
8156	5615
832	5616
8256	5617
8702	5618
3034	5619
3483	5620
4441	5621
8204	5622
3972	5623
5151	5624
37	5625
124	5626
1060	5627
2618	5628
71	5629
3273	5630
1031	5631
1971	5632
866	5633
2042	5634
7169	5635
2099	5636
8438	5637
5178	5638
8750	5639
19	5640
3104	5641
1943	5642
2067	5643
543	5644
1947	5645
1297	5646
5761	5647
499	5648
6223	5649
4440	5650
6428	5651
5826	5652
5057	5653
6605	5654
5076	5655
7919	5656
7549	5657
4792	5658
6683	5659
6954	5660
8282	5661
5743	5662
7990	5663
2262	5664
7828	5665
2894	5666
140	5667
8762	5668
5458	5669
3505	5670
293	5671
1479	5672
2803	5673
5126	5674
2889	5675
6328	5676
7019	5677
3219	5678
4205	5679
8399	5680
2765	5681
6420	5682
8634	5683
2669	5684
14	5685
4287	5686
8116	5687
199	5688
611	5689
3260	5690
2742	5691
255	5692
1298	5693
8346	5694
4146	5695
5100	5696
6142	5697
1302	5698
6838	5699
3423	5700
8010	5701
4914	5702
430	5703
7999	5704
2613	5705
422	5706
5034	5707
8189	5708
574	5709
4457	5710
905	5711
5362	5712
7501	5713
7159	5714
4472	5715
887	5716
6396	5717
4986	5718
4689	5719
2779	5720
161	5721
4521	5722
49	5723
709	5724
2991	5725
416	5726
3936	5727
3316	5728
7104	5729
243	5730
3280	5731
7995	5732
6060	5733
1173	5734
1390	5735
1804	5736
1938	5737
5129	5738
6705	5739
8541	5740
7171	5741
4422	5742
3623	5743
1055	5744
1284	5745
2057	5746
4122	5747
230	5748
4025	5749
4826	5750
3513	5751
2769	5752
4147	5753
104	5754
8300	5755
2933	5756
6225	5757
236	5758
61	5759
2076	5760
308	5761
57	5762
145	5763
745	5764
1207	5765
2584	5766
3776	5767
2313	5768
1713	5769
1342	5770
8239	5771
8224	5772
7829	5773
5639	5774
6761	5775
6324	5776
4265	5777
4778	5778
4641	5779
1702	5780
8390	5781
449	5782
8310	5783
2310	5784
6	5785
215	5786
2629	5787
3729	5788
231	5789
6658	5790
4719	5791
10	5792
3149	5793
1046	5794
6996	5795
7602	5796
4480	5797
5856	5798
8180	5799
814	5800
2729	5801
8302	5802
3378	5803
6471	5804
4009	5805
6133	5806
2541	5807
3587	5808
5800	5809
8458	5810
2914	5811
590	5812
4199	5813
490	5814
6500	5815
652	5816
4198	5817
95	5818
3135	5819
4473	5820
8859	5821
6947	5822
8833	5823
4463	5824
6892	5825
808	5826
6791	5827
7585	5828
4921	5829
8424	5830
7473	5831
1567	5832
8626	5833
350	5834
7573	5835
7206	5836
1349	5837
3358	5838
4190	5839
1359	5840
3746	5841
3320	5842
2090	5843
7204	5844
6909	5845
2908	5846
5702	5847
4350	5848
552	5849
3101	5850
4221	5851
8383	5852
4031	5853
514	5854
4923	5855
2015	5856
6376	5857
289	5858
897	5859
8122	5860
282	5861
5107	5862
7888	5863
8357	5864
5847	5865
1561	5866
2467	5867
6562	5868
813	5869
2158	5870
7344	5871
6413	5872
2635	5873
2899	5874
1333	5875
7648	5876
64	5877
8849	5878
2691	5879
5526	5880
5935	5881
3247	5882
6469	5883
5514	5884
4809	5885
64	5886
4077	5887
3176	5888
2164	5889
735	5890
5821	5891
4098	5892
2008	5893
5870	5894
484	5895
5186	5896
4675	5897
2081	5898
4119	5899
7	5900
6937	5901
4867	5902
5904	5903
873	5904
1181	5905
855	5906
77	5907
7551	5908
581	5909
2526	5910
8384	5911
1715	5912
4269	5913
1978	5914
5981	5915
665	5916
8403	5917
333	5918
2863	5919
3955	5920
5830	5921
435	5922
8044	5923
1405	5924
7726	5925
1303	5926
6289	5927
41	5928
4247	5929
8339	5930
4696	5931
2268	5932
6363	5933
3674	5934
6130	5935
6921	5936
912	5937
4154	5938
5103	5939
7466	5940
1123	5941
2695	5942
842	5943
232	5944
648	5945
694	5946
3583	5947
8807	5948
322	5949
8422	5950
8591	5951
6100	5952
3644	5953
5097	5954
4485	5955
2519	5956
3130	5957
5099	5958
7132	5959
2974	5960
2846	5961
2049	5962
5867	5963
7142	5964
6922	5965
2266	5966
1956	5967
2256	5968
8029	5969
3302	5970
3508	5971
7704	5972
6265	5973
8777	5974
8589	5975
2891	5976
6934	5977
5083	5978
6723	5979
1783	5980
4862	5981
6353	5982
1201	5983
6668	5984
4613	5985
1747	5986
2947	5987
1022	5988
6760	5989
4796	5990
6749	5991
7566	5992
2608	5993
7213	5994
2721	5995
324	5996
6268	5997
6004	5998
4407	5999
4732	6000
2971	6001
2411	6002
6637	6003
7747	6004
8872	6005
6008	6006
6679	6007
6052	6008
4949	6009
851	6010
1393	6011
2663	6012
6056	6013
6088	6014
7952	6015
4266	6016
3122	6017
8858	6018
8564	6019
5343	6020
1268	6021
2656	6022
4464	6023
95	6024
1698	6025
61	6026
4288	6027
2006	6028
2907	6029
730	6030
6418	6031
3811	6032
7023	6033
6982	6034
4718	6035
753	6036
740	6037
2860	6038
28	6039
1327	6040
7836	6041
7047	6042
5693	6043
4489	6044
2304	6045
4806	6046
8149	6047
2918	6048
1836	6049
3305	6050
6841	6051
1010	6052
1378	6053
2343	6054
3522	6055
7539	6056
6919	6057
4095	6058
1856	6059
309	6060
627	6061
8075	6062
7430	6063
2883	6064
466	6065
8517	6066
5608	6067
1239	6068
5106	6069
838	6070
6288	6071
561	6072
1545	6073
530	6074
5844	6075
5060	6076
8162	6077
6560	6078
4131	6079
3713	6080
1070	6081
8350	6082
458	6083
2531	6084
917	6085
3383	6086
8902	6087
4886	6088
1175	6089
8752	6090
3421	6091
812	6092
3191	6093
8253	6094
7971	6095
4301	6096
3793	6097
3868	6098
2400	6099
6198	6100
6174	6101
684	6102
3792	6103
2040	6104
3208	6105
114	6106
628	6107
4941	6108
4337	6109
3520	6110
3924	6111
662	6112
8773	6113
3324	6114
5938	6115
8802	6116
1604	6117
5377	6118
1722	6119
602	6120
2620	6121
6900	6122
7571	6123
3802	6124
346	6125
6010	6126
7449	6127
1423	6128
6717	6129
6899	6130
5542	6131
2349	6132
4561	6133
5441	6134
5313	6135
3427	6136
8208	6137
7695	6138
1137	6139
7050	6140
6074	6141
2094	6142
110	6143
5602	6144
3964	6145
6910	6146
8820	6147
2566	6148
401	6149
2073	6150
5508	6151
1016	6152
6616	6153
3325	6154
219	6155
8727	6156
15	6157
1532	6158
2648	6159
1112	6160
6102	6161
6682	6162
7257	6163
589	6164
3511	6165
22	6166
3993	6167
2177	6168
6146	6169
8362	6170
1543	6171
2578	6172
5277	6173
2232	6174
244	6175
412	6176
4899	6177
1319	6178
547	6179
594	6180
803	6181
6979	6182
1999	6183
2553	6184
837	6185
506	6186
483	6187
2580	6188
3918	6189
8045	6190
4184	6191
6124	6192
430	6193
610	6194
6522	6195
4709	6196
1775	6197
6007	6198
7664	6199
5909	6200
97	6201
2535	6202
4121	6203
7640	6204
473	6205
2582	6206
2444	6207
3454	6208
8620	6209
4844	6210
5380	6211
2643	6212
6662	6213
27	6214
3399	6215
6165	6216
622	6217
941	6218
5306	6219
7408	6220
8336	6221
2018	6222
6829	6223
6601	6224
2197	6225
2355	6226
1583	6227
589	6228
5453	6229
1618	6230
7492	6231
4105	6232
2392	6233
5319	6234
201	6235
4586	6236
2837	6237
2988	6238
4747	6239
402	6240
4462	6241
8117	6242
123	6243
3631	6244
5687	6245
757	6246
8096	6247
5658	6248
6793	6249
7053	6250
812	6251
3161	6252
6016	6253
545	6254
706	6255
3790	6256
4901	6257
166	6258
6938	6259
370	6260
4936	6261
7113	6262
981	6263
232	6264
4148	6265
5245	6266
451	6267
568	6268
7731	6269
4248	6270
6	6271
7541	6272
8212	6273
7983	6274
496	6275
2935	6276
7877	6277
7758	6278
6908	6279
8168	6280
3998	6281
3742	6282
4800	6283
777	6284
655	6285
7094	6286
934	6287
6154	6288
3814	6289
7102	6290
4047	6291
2538	6292
3991	6293
8159	6294
1670	6295
1966	6296
1371	6297
2155	6298
690	6299
3491	6300
3363	6301
8169	6302
12	6303
3132	6304
566	6305
1483	6306
6230	6307
8769	6308
7378	6309
3900	6310
336	6311
3295	6312
8701	6313
5224	6314
7218	6315
7934	6316
6045	6317
8021	6318
3886	6319
6129	6320
644	6321
1138	6322
8364	6323
715	6324
44	6325
2815	6326
200	6327
7824	6328
3145	6329
35	6330
7891	6331
8246	6332
1952	6333
7966	6334
5518	6335
137	6336
18	6337
6639	6338
6515	6339
6589	6340
7740	6341
241	6342
7620	6343
7431	6344
4151	6345
5446	6346
7083	6347
8771	6348
1761	6349
8079	6350
1061	6351
7379	6352
2276	6353
1578	6354
6663	6355
6851	6356
4543	6357
8274	6358
6123	6359
1306	6360
62	6361
2287	6362
4640	6363
2102	6364
57	6365
6358	6366
892	6367
3326	6368
6209	6369
4317	6370
6279	6371
3526	6372
3717	6373
202	6374
370	6375
4273	6376
2415	6377
321	6378
5341	6379
3458	6380
4501	6381
7376	6382
5550	6383
4238	6384
6046	6385
4064	6386
707	6387
7256	6388
2175	6389
6842	6390
7031	6391
411	6392
2341	6393
2514	6394
3	6395
2696	6396
2749	6397
2432	6398
843	6399
4852	6400
678	6401
4805	6402
2982	6403
3362	6404
8809	6405
3822	6406
7049	6407
2230	6408
3211	6409
8214	6410
2875	6411
2244	6412
6081	6413
4159	6414
2915	6415
2600	6416
276	6417
6507	6418
5990	6419
5301	6420
3089	6421
6897	6422
4018	6423
4666	6424
5891	6425
7441	6426
823	6427
1227	6428
2780	6429
7799	6430
7009	6431
2665	6432
7115	6433
8585	6434
8505	6435
5285	6436
4794	6437
1310	6438
5777	6439
2831	6440
1406	6441
134	6442
3864	6443
783	6444
1816	6445
332	6446
5468	6447
5399	6448
839	6449
7059	6450
2146	6451
3002	6452
747	6453
8612	6454
3043	6455
8772	6456
6466	6457
3059	6458
2069	6459
6137	6460
6445	6461
6385	6462
603	6463
7459	6464
67	6465
7522	6466
268	6467
8672	6468
4527	6469
1506	6470
824	6471
5595	6472
6649	6473
1144	6474
178	6475
93	6476
7178	6477
465	6478
443	6479
2925	6480
3175	6481
4400	6482
197	6483
7667	6484
5323	6485
593	6486
7296	6487
8682	6488
1243	6489
4721	6490
8544	6491
4685	6492
1936	6493
4235	6494
671	6495
1979	6496
2591	6497
555	6498
3024	6499
3278	6500
8015	6501
673	6502
767	6503
7582	6504
5991	6505
3037	6506
5026	6507
1182	6508
6599	6509
3614	6510
123	6511
6787	6512
5169	6513
8283	6514
813	6515
3708	6516
1058	6517
6739	6518
8032	6519
114	6520
7044	6521
4665	6522
4781	6523
389	6524
7498	6525
3251	6526
7095	6527
2946	6528
3826	6529
1848	6530
1049	6531
4100	6532
6950	6533
1066	6534
8497	6535
2320	6536
3341	6537
1981	6538
8046	6539
2123	6540
8724	6541
6092	6542
1736	6543
5294	6544
1899	6545
5283	6546
884	6547
3769	6548
4954	6549
4868	6550
7470	6551
6221	6552
7954	6553
4729	6554
3109	6555
1369	6556
3584	6557
2083	6558
6527	6559
3091	6560
2940	6561
24	6562
464	6563
1352	6564
343	6565
7513	6566
8427	6567
4558	6568
3710	6569
7276	6570
43	6571
5919	6572
1346	6573
2574	6574
1994	6575
1373	6576
7610	6577
1834	6578
8426	6579
2254	6580
2088	6581
8734	6582
2182	6583
2540	6584
1429	6585
563	6586
1145	6587
7309	6588
7134	6589
6247	6590
8784	6591
4352	6592
4426	6593
1332	6594
2430	6595
8186	6596
2476	6597
7105	6598
7008	6599
8134	6600
4389	6601
522	6602
1960	6603
6620	6604
7225	6605
6971	6606
4604	6607
6627	6608
1711	6609
8744	6610
2836	6611
5233	6612
4528	6613
8690	6614
7614	6615
17	6616
6349	6617
359	6618
935	6619
5534	6620
73	6621
1488	6622
1796	6623
6600	6624
5842	6625
1205	6626
5868	6627
3433	6628
5669	6629
33	6630
4134	6631
2678	6632
515	6633
7472	6634
6986	6635
804	6636
1134	6637
5369	6638
7300	6639
298	6640
1467	6641
835	6642
7884	6643
7748	6644
201	6645
6502	6646
6360	6647
1580	6648
41	6649
4903	6650
7547	6651
4603	6652
6298	6653
237	6654
7721	6655
2789	6656
8131	6657
7525	6658
158	6659
5894	6660
5566	6661
417	6662
6924	6663
1463	6664
7956	6665
1520	6666
1108	6667
6912	6668
4115	6669
778	6670
4176	6671
760	6672
1383	6673
621	6674
1102	6675
4821	6676
36	6677
3931	6678
861	6679
29	6680
8590	6681
8249	6682
5491	6683
6517	6684
42	6685
8456	6686
3486	6687
5144	6688
5980	6689
302	6690
332	6691
746	6692
8821	6693
6835	6694
4795	6695
8893	6696
5982	6697
5194	6698
6551	6699
1667	6700
4409	6701
4081	6702
7765	6703
92	6704
217	6705
1608	6706
1835	6707
7875	6708
7742	6709
5067	6710
7834	6711
8527	6712
8033	6713
6259	6714
2293	6715
5978	6716
2166	6717
688	6718
7313	6719
4066	6720
1560	6721
120	6722
3392	6723
5901	6724
6244	6725
7579	6726
838	6727
3410	6728
2586	6729
104	6730
3707	6731
7554	6732
1923	6733
5348	6734
1970	6735
5587	6736
1742	6737
8765	6738
640	6739
6327	6740
7137	6741
1638	6742
5618	6743
8647	6744
2100	6745
590	6746
7606	6747
836	6748
951	6749
3035	6750
1198	6751
3497	6752
2208	6753
4599	6754
7771	6755
6475	6756
4398	6757
3005	6758
4185	6759
5196	6760
1941	6761
1626	6762
5485	6763
5594	6764
8201	6765
5079	6766
5282	6767
738	6768
2455	6769
6216	6770
78	6771
8642	6772
4620	6773
8661	6774
23	6775
4710	6776
150	6777
8416	6778
32	6779
1928	6780
271	6781
2376	6782
793	6783
4698	6784
7172	6785
2881	6786
8355	6787
6926	6788
5549	6789
5029	6790
7467	6791
3098	6792
4186	6793
7147	6794
45	6795
2383	6796
6179	6797
8125	6798
4975	6799
3121	6800
4734	6801
6171	6802
2419	6803
1245	6804
1718	6805
8172	6806
8869	6807
4006	6808
2379	6809
5089	6810
2773	6811
42	6812
8400	6813
2038	6814
3473	6815
2782	6816
7224	6817
118	6818
871	6819
91	6820
1328	6821
8043	6822
4786	6823
4754	6824
4420	6825
2781	6826
923	6827
4801	6828
3934	6829
7323	6830
2722	6831
898	6832
2339	6833
479	6834
4414	6835
3539	6836
94	6837
6577	6838
8490	6839
841	6840
3881	6841
8775	6842
572	6843
103	6844
8514	6845
724	6846
3439	6847
3248	6848
216	6849
5472	6850
3	6851
8344	6852
6911	6853
2651	6854
5400	6855
3092	6856
3895	6857
5862	6858
1099	6859
5206	6860
337	6861
1497	6862
7421	6863
3971	6864
7207	6865
6523	6866
4321	6867
1167	6868
53	6869
2861	6870
6322	6871
3045	6872
567	6873
358	6874
4379	6875
3615	6876
2489	6877
7736	6878
6430	6879
66	6880
2621	6881
6155	6882
19	6883
7925	6884
907	6885
952	6886
1637	6887
5942	6888
2041	6889
354	6890
5124	6891
1214	6892
2422	6893
1193	6894
5612	6895
7481	6896
7222	6897
2563	6898
3436	6899
1697	6900
93	6901
6768	6902
1248	6903
4655	6904
3566	6905
5499	6906
2967	6907
345	6908
1605	6909
6811	6910
132	6911
8712	6912
1678	6913
4982	6914
6038	6915
96	6916
102	6917
7924	6918
1282	6919
4969	6920
8751	6921
4353	6922
8835	6923
1642	6924
565	6925
882	6926
160	6927
665	6928
8766	6929
7753	6930
6249	6931
5163	6932
3000	6933
3095	6934
5044	6935
2030	6936
3871	6937
5655	6938
533	6939
5875	6940
306	6941
1296	6942
6644	6943
4135	6944
536	6945
7556	6946
1280	6947
1189	6948
8551	6949
3743	6950
4268	6951
1435	6952
607	6953
2408	6954
2960	6955
1468	6956
46	6957
3672	6958
4114	6959
458	6960
3947	6961
5719	6962
777	6963
8196	6964
3846	6965
803	6966
1533	6967
606	6968
6281	6969
5162	6970
7140	6971
8523	6972
29	6973
7315	6974
2286	6975
7607	6976
4728	6977
580	6978
3490	6979
3515	6980
6280	6981
2032	6982
3229	6983
669	6984
8133	6985
2998	6986
4410	6987
247	6988
4307	6989
3327	6990
3096	6991
5480	6992
801	6993
6027	6994
8679	6995
6981	6996
7301	6997
216	6998
2345	6999
5908	7000
4739	7001
8352	7002
2115	7003
6598	7004
3400	7005
4243	7006
2521	7007
8124	7008
6587	7009
101	7010
233	7011
4046	7012
1729	7013
3904	7014
6572	7015
3779	7016
1425	7017
4329	7018
351	7019
3502	7020
600	7021
1991	7022
7334	7023
4766	7024
189	7025
885	7026
3633	7027
8338	7028
536	7029
4910	7030
888	7031
3419	7032
5048	7033
7647	7034
7369	7035
290	7036
5563	7037
10	7038
7652	7039
4952	7040
5968	7041
6565	7042
262	7043
5365	7044
6186	7045
2	7046
6714	7047
7346	7048
286	7049
533	7050
2470	7051
19	7052
376	7053
8630	7054
6118	7055
3072	7056
5203	7057
835	7058
5427	7059
2771	7060
167	7061
904	7062
7310	7063
6567	7064
8749	7065
2127	7066
1812	7067
1593	7068
5741	7069
7164	7070
7805	7071
7879	7072
203	7073
791	7074
111	7075
737	7076
8822	7077
6083	7078
8542	7079
702	7080
2138	7081
8465	7082
611	7083
457	7084
2674	7085
6085	7086
3906	7087
3442	7088
3799	7089
3532	7090
7707	7091
8316	7092
7719	7093
6805	7094
816	7095
269	7096
5918	7097
4578	7098
3545	7099
7205	7100
6162	7101
5528	7102
5173	7103
1487	7104
2435	7105
2438	7106
8846	7107
1329	7108
7350	7109
3842	7110
2906	7111
737	7112
2555	7113
1452	7114
2054	7115
3613	7116
580	7117
80	7118
788	7119
7157	7120
582	7121
7261	7122
4677	7123
203	7124
2092	7125
5401	7126
4758	7127
964	7128
3889	7129
4912	7130
434	7131
7587	7132
8145	7133
6309	7134
500	7135
4644	7136
326	7137
2196	7138
4700	7139
8512	7140
5896	7141
8789	7142
7078	7143
5349	7144
902	7145
4961	7146
1288	7147
8814	7148
7399	7149
3813	7150
6093	7151
5304	7152
3530	7153
6744	7154
21	7155
6512	7156
664	7157
51	7158
2694	7159
5681	7160
5836	7161
8583	7162
2685	7163
3912	7164
495	7165
226	7166
8099	7167
5540	7168
113	7169
8725	7170
4627	7171
4872	7172
6815	7173
1868	7174
8378	7175
1765	7176
783	7177
4055	7178
24	7179
3479	7180
8588	7181
3735	7182
8199	7183
5069	7184
6478	7185
7229	7186
3393	7187
5961	7188
8284	7189
8801	7190
901	7191
1325	7192
103	7193
7076	7194
1053	7195
5788	7196
7179	7197
4966	7198
1213	7199
7425	7200
2631	7201
560	7202
5022	7203
8455	7204
4260	7205
3959	7206
696	7207
3658	7208
3925	7209
5269	7210
1162	7211
3982	7212
83	7213
5174	7214
6536	7215
1890	7216
4448	7217
2179	7218
486	7219
7963	7220
544	7221
170	7222
4873	7223
1035	7224
2714	7225
2931	7226
3258	7227
3143	7228
2173	7229
1860	7230
6020	7231
2356	7232
348	7233
3387	7234
523	7235
3088	7236
2289	7237
8209	7238
8307	7239
2195	7240
8606	7241
1462	7242
914	7243
4002	7244
880	7245
6239	7246
710	7247
1266	7248
617	7249
753	7250
6323	7251
6998	7252
39	7253
5007	7254
1005	7255
8819	7256
1418	7257
4587	7258
2772	7259
8369	7260
832	7261
2520	7262
3165	7263
6845	7264
8778	7265
745	7266
362	7267
719	7268
1750	7269
700	7270
4027	7271
5080	7272
4692	7273
171	7274
6319	7275
7732	7276
7890	7277
2764	7278
6307	7279
6108	7280
1558	7281
2331	7282
553	7283
2942	7284
7424	7285
6012	7286
7546	7287
8014	7288
8526	7289
5828	7290
2125	7291
6482	7292
4404	7293
6722	7294
8236	7295
2761	7296
2077	7297
3899	7298
3488	7299
8435	7300
6078	7301
7114	7302
3334	7303
2330	7304
8874	7305
4617	7306
6449	7307
481	7308
3389	7309
5270	7310
7197	7311
4788	7312
4033	7313
2969	7314
2637	7315
8884	7316
5753	7317
8431	7318
3572	7319
6626	7320
6877	7321
1653	7322
2112	7323
3753	7324
4415	7325
619	7326
16	7327
4532	7328
4351	7329
7173	7330
1700	7331
658	7332
724	7333
2758	7334
7714	7335
3604	7336
8286	7337
7948	7338
5895	7339
8578	7340
8711	7341
3657	7342
1647	7343
80	7344
8489	7345
357	7346
403	7347
4933	7348
5504	7349
6691	7350
8260	7351
7641	7352
624	7353
8320	7354
5374	7355
4328	7356
8650	7357
5150	7358
7247	7359
6857	7360
903	7361
4498	7362
5132	7363
985	7364
564	7365
6094	7366
856	7367
2615	7368
1751	7369
4418	7370
349	7371
4667	7372
6716	7373
8743	7374
81	7375
5202	7376
762	7377
1223	7378
6726	7379
7797	7380
761	7381
2569	7382
3478	7383
6197	7384
980	7385
6823	7386
475	7387
1279	7388
3239	7389
6304	7390
3303	7391
988	7392
1240	7393
2370	7394
8248	7395
877	7396
2165	7397
3725	7398
3446	7399
1	7400
4219	7401
485	7402
1582	7403
41	7404
462	7405
2517	7406
7537	7407
3297	7408
7385	7409
2554	7410
8757	7411
2537	7412
5433	7413
2132	7414
4830	7415
557	7416
6611	7417
6397	7418
4925	7419
4733	7420
5562	7421
7341	7422
313	7423
4111	7424
4534	7425
2423	7426
637	7427
7595	7428
221	7429
1773	7430
2106	7431
4703	7432
4650	7433
3721	7434
1690	7435
6368	7436
467	7437
7914	7438
954	7439
2622	7440
3569	7441
1906	7442
2920	7443
4209	7444
70	7445
4196	7446
5989	7447
5546	7448
289	7449
112	7450
396	7451
4310	7452
948	7453
488	7454
20	7455
7034	7456
831	7457
6606	7458
2027	7459
5014	7460
4522	7461
692	7462
8276	7463
1954	7464
4361	7465
98	7466
6537	7467
4843	7468
851	7469
996	7470
1009	7471
1805	7472
7915	7473
8496	7474
6079	7475
7842	7476
5012	7477
5211	7478
1527	7479
256	7480
1708	7481
6405	7482
267	7483
5926	7484
7978	7485
7152	7486
1957	7487
3245	7488
8655	7489
5801	7490
2358	7491
654	7492
3699	7493
1370	7494
597	7495
2017	7496
3773	7497
874	7498
7618	7499
6480	7500
4052	7501
2871	7502
3819	7503
8154	7504
1154	7505
6508	7506
4879	7507
8844	7508
3656	7509
4567	7510
3082	7511
8325	7512
5884	7513
2681	7514
4691	7515
3990	7516
348	7517
5484	7518
914	7519
6594	7520
6777	7521
412	7522
5864	7523
913	7524
273	7525
210	7526
195	7527
3684	7528
494	7529
1041	7530
1894	7531
374	7532
3635	7533
902	7534
21	7535
8312	7536
1992	7537
3606	7538
3527	7539
6011	7540
3834	7541
3203	7542
2710	7543
164	7544
4484	7545
27	7546
525	7547
3027	7548
4107	7549
4212	7550
2338	7551
7901	7552
1077	7553
5102	7554
727	7555
385	7556
5308	7557
1889	7558
1508	7559
8637	7560
4479	7561
8080	7562
684	7563
6930	7564
3645	7565
1681	7566
6320	7567
4324	7568
159	7569
5551	7570
87	7571
3083	7572
7682	7573
68	7574
7989	7575
292	7576
3641	7577
7324	7578
505	7579
4142	7580
528	7581
1026	7582
929	7583
7776	7584
552	7585
8675	7586
7806	7587
2211	7588
350	7589
6121	7590
4194	7591
6564	7592
8695	7593
437	7594
1089	7595
4439	7596
3716	7597
2552	7598
5636	7599
5189	7600
741	7601
5364	7602
5663	7603
6812	7604
6901	7605
4169	7606
53	7607
153	7608
712	7609
2783	7610
8106	7611
2746	7612
6849	7613
6499	7614
1611	7615
858	7616
7599	7617
8386	7618
487	7619
2874	7620
1959	7621
1056	7622
2329	7623
6338	7624
7902	7625
5108	7626
3869	7627
5507	7628
1768	7629
6055	7630
492	7631
63	7632
8430	7633
5812	7634
785	7635
1515	7636
1556	7637
4200	7638
4674	7639
3745	7640
4177	7641
7545	7642
8520	7643
1356	7644
6064	7645
8540	7646
1184	7647
4717	7648
4762	7649
5474	7650
6334	7651
6548	7652
5496	7653
3732	7654
6356	7655
8233	7656
43	7657
4829	7658
7699	7659
8428	7660
3554	7661
3291	7662
5673	7663
1778	7664
3256	7665
1265	7666
4884	7667
7299	7668
3144	7669
7572	7670
295	7671
2369	7672
8500	7673
2043	7674
1995	7675
7785	7676
5765	7677
2143	7678
335	7679
8327	7680
4319	7681
650	7682
1013	7683
5672	7684
6065	7685
697	7686
5	7687
1454	7688
1247	7689
85	7690
609	7691
1277	7692
532	7693
5342	7694
911	7695
4192	7696
8720	7697
8469	7698
2447	7699
3874	7700
7271	7701
355	7702
2391	7703
1641	7704
8058	7705
2314	7706
302	7707
5920	7708
605	7709
135	7710
3853	7711
7604	7712
5121	7713
3398	7714
4913	7715
8885	7716
4372	7717
5853	7718
6710	7719
1885	7720
4519	7721
382	7722
3629	7723
1540	7724
3460	7725
4013	7726
4129	7727
4895	7728
316	7729
2515	7730
516	7731
779	7732
8710	7733
3504	7734
2406	7735
3126	7736
2809	7737
7125	7738
6949	7739
71	7740
525	7741
5315	7742
5737	7743
2597	7744
4300	7745
2719	7746
2464	7747
5721	7748
6176	7749
6869	7750
6346	7751
6539	7752
165	7753
6411	7754
6161	7755
3752	7756
6443	7757
1106	7758
583	7759
5880	7760
604	7761
95	7762
7840	7763
3296	7764
8467	7765
8073	7766
3367	7767
3957	7768
6318	7769
545	7770
8037	7771
7757	7772
6250	7773
4618	7774
7992	7775
3718	7776
5769	7777
2301	7778
7273	7779
4285	7780
2201	7781
5116	7782
2283	7783
6677	7784
7962	7785
4471	7786
2433	7787
7402	7788
3146	7789
6836	7790
146	7791
6339	7792
153	7793
8804	7794
8315	7795
2215	7796
5223	7797
2046	7798
542	7799
3039	7800
7117	7801
1726	7802
1810	7803
931	7804
2693	7805
5456	7806
7544	7807
1951	7808
4959	7809
3966	7810
1098	7811
8105	7812
4423	7813
8723	7814
8797	7815
1321	7816
4236	7817
7426	7818
119	7819
4845	7820
4116	7821
6774	7822
330	7823
168	7824
6340	7825
343	7826
1139	7827
1394	7828
5073	7829
8609	7830
2153	7831
3451	7832
3015	7833
8417	7834
8372	7835
4499	7836
2847	7837
4659	7838
840	7839
8810	7840
3551	7841
596	7842
7272	7843
8758	7844
2367	7845
383	7846
4242	7847
7373	7848
3222	7849
2718	7850
3547	7851
1372	7852
7390	7853
5692	7854
8663	7855
5974	7856
2885	7857
2743	7858
2813	7859
49	7860
5707	7861
5378	7862
3388	7863
5539	7864
247	7865
6581	7866
1691	7867
58	7868
8696	7869
6276	7870
7532	7871
2298	7872
5625	7873
176	7874
3798	7875
4972	7876
6706	7877
655	7878
806	7879
4264	7880
5112	7881
8326	7882
14	7883
698	7884
351	7885
5250	7886
311	7887
925	7888
4447	7889
6316	7890
1344	7891
4705	7892
1879	7893
5966	7894
6426	7895
278	7896
8900	7897
4330	7898
7555	7899
2854	7900
35	7901
5575	7902
463	7903
8264	7904
3850	7905
2654	7906
8115	7907
5738	7908
248	7909
7691	7910
705	7911
227	7912
3277	7913
7505	7914
2221	7915
5182	7916
7609	7917
5385	7918
3138	7919
1898	7920
7497	7921
460	7922
2556	7923
6994	7924
5665	7925
5854	7926
385	7927
794	7928
6370	7929
3188	7930
8537	7931
388	7932
7468	7933
1830	7934
4896	7935
243	7936
2418	7937
3257	7938
1147	7939
1029	7940
2261	7941
387	7942
7244	7943
5135	7944
5807	7945
1414	7946
800	7947
8913	7948
6438	7949
8538	7950
5071	7951
4290	7952
5359	7953
8257	7954
3828	7955
6655	7956
1553	7957
5796	7958
143	7959
3189	7960
3300	7961
429	7962
5046	7963
8324	7964
822	7965
3	7966
548	7967
1224	7968
8017	7969
6855	7970
8057	7971
1178	7972
2463	7973
287	7974
8625	7975
7494	7976
4580	7977
7236	7978
2926	7979
6451	7980
238	7981
5680	7982
7226	7983
6308	7984
6001	7985
1619	7986
3357	7987
7025	7988
2792	7989
6460	7990
7062	7991
4695	7992
732	7993
6210	7994
7419	7995
5839	7996
5032	7997
563	7998
5592	7999
834	8000
5230	8001
6033	8002
8026	8003
6680	8004
3829	8005
3049	8006
2365	8007
2747	8008
6241	8009
262	8010
2318	8011
27	8012
1187	8013
6545	8014
5960	8015
120	8016
3958	8017
7659	8018
5561	8019
48	8020
7072	8021
1744	8022
8415	8023
8705	8024
780	8025
8269	8026
8476	8027
807	8028
1980	8029
7345	8030
4877	8031
8646	8032
296	8033
939	8034
7518	8035
7361	8036
7940	8037
3794	8038
693	8039
8513	8040
2442	8041
2334	8042
4854	8043
7289	8044
2436	8045
5066	8046
4158	8047
752	8048
6278	8049
1679	8050
94	8051
1290	8052
7079	8053
218	8054
4365	8055
4144	8056
8897	8057
7752	8058
190	8059
5606	8060
8142	8061
4777	8062
473	8063
6103	8064
691	8065
965	8066
174	8067
6927	8068
4152	8069
7698	8070
5481	8071
7167	8072
8831	8073
281	8074
4281	8075
1028	8076
4039	8077
908	8078
260	8079
6609	8080
5004	8081
26	8082
5217	8083
6632	8084
4943	8085
3940	8086
5143	8087
7671	8088
274	8089
1536	8090
6301	8091
8508	8092
2528	8093
5622	8094
8507	8095
805	8096
3470	8097
7471	8098
100	8099
47	8100
5419	8101
5280	8102
5085	8103
2457	8104
8907	8105
3978	8106
4138	8107
270	8108
6173	8109
5372	8110
4245	8111
4690	8112
8363	8113
86	8114
6132	8115
7775	8116
8818	8117
5985	8118
5893	8119
5033	8120
3350	8121
8047	8122
6098	8123
8104	8124
259	8125
8774	8126
5993	8127
7637	8128
663	8129
612	8130
6794	8131
8150	8132
7678	8133
474	8134
5749	8135
2856	8136
6692	8137
2033	8138
3519	8139
206	8140
6224	8141
1650	8142
7830	8143
76	8144
211	8145
5557	8146
2255	8147
786	8148
2903	8149
4428	8150
4256	8151
3249	8152
433	8153
8895	8154
62	8155
6465	8156
614	8157
340	8158
5598	8159
185	8160
5051	8161
393	8162
6287	8163
8210	8164
704	8165
7212	8166
4240	8167
768	8168
8228	8169
6603	8170
3167	8171
897	8172
5254	8173
1446	8174
8515	8175
4960	8176
6260	8177
2174	8178
4934	8179
8596	8180
1069	8181
953	8182
4602	8183
2335	8184
3060	8185
2518	8186
1259	8187
3036	8188
5347	8189
6348	8190
5589	8191
7651	8192
1101	8193
6043	8194
1975	8195
2683	8196
894	8197
7046	8198
4559	8199
6342	8200
2636	8201
7411	8202
5263	8203
373	8204
127	8205
7386	8206
7014	8207
1027	8208
3692	8209
8891	8210
1863	8211
5177	8212
2870	8213
406	8214
8867	8215
6931	8216
3673	8217
380	8218
4765	8219
344	8220
6030	8221
8319	8222
5137	8223
3213	8224
7077	8225
7857	8226
156	8227
5541	8228
2337	8229
2970	8230
4068	8231
180	8232
3164	8233
5718	8234
8619	8235
3935	8236
8108	8237
6518	8238
3453	8239
1838	8240
4813	8241
496	8242
2306	8243
3913	8244
2031	8245
7534	8246
2644	8247
4619	8248
5025	8249
410	8250
4334	8251
1840	8252
367	8253
4172	8254
3244	8255
5000	8256
5340	8257
5691	8258
3582	8259
974	8260
7981	8261
5627	8262
7474	8263
5626	8264
7024	8265
7239	8266
5670	8267
2404	8268
7986	8269
1537	8270
3970	8271
4915	8272
6042	8273
391	8274
5834	8275
6674	8276
467	8277
1324	8278
8270	8279
5505	8280
2228	8281
840	8282
977	8283
8068	8284
7933	8285
2034	8286
1705	8287
634	8288
87	8289
345	8290
5191	8291
670	8292
7666	8293
2619	8294
7458	8295
3064	8296
1491	8297
7774	8298
2868	8299
6194	8300
224	8301
234	8302
2645	8303
2348	8304
2952	8305
4202	8306
3315	8307
55	8308
1733	8309
748	8310
5425	8311
771	8312
7409	8313
2188	8314
3168	8315
7220	8316
402	8317
380	8318
434	8319
5746	8320
5016	8321
6886	8322
8113	8323
7485	8324
454	8325
423	8326
8826	8327
6149	8328
4928	8329
2466	8330
72	8331
850	8332
2395	8333
910	8334
3057	8335
6604	8336
7687	8337
312	8338
7075	8339
149	8340
8464	8341
2954	8342
4820	8343
6269	8344
4000	8345
7000	8346
2176	8347
1654	8348
6675	8349
6496	8350
8492	8351
6068	8352
8277	8353
5967	8354
8597	8355
4871	8356
6213	8357
7263	8358
3638	8359
1600	8360
7056	8361
372	8362
7543	8363
5317	8364
8012	8365
1130	8366
7634	8367
4549	8368
2271	8369
7377	8370
3182	8371
8553	8372
5157	8373
2581	8374
3642	8375
6969	8376
2750	8377
4074	8378
193	8379
8291	8380
300	8381
6806	8382
7898	8383
4492	8384
2461	8385
5148	8386
1655	8387
5037	8388
921	8389
469	8390
2002	8391
6591	8392
69	8393
3892	8394
3199	8395
4183	8396
666	8397
6917	8398
2844	8399
8698	8400
1420	8401
7977	8402
6208	8403
3270	8404
5607	8405
2701	8406
6748	8407
714	8408
1740	8409
3499	8410
651	8411
2879	8412
1417	8413
4825	8414
6229	8415
7443	8416
6391	8417
3128	8418
7304	8419
3977	8420
1461	8421
390	8422
7082	8423
2180	8424
8317	8425
3494	8426
1166	8427
8729	8428
8548	8429
3994	8430
670	8431
4191	8432
3028	8433
109	8434
8092	8435
427	8436
7724	8437
3937	8438
870	8439
6638	8440
8055	8441
6651	8442
8086	8443
1949	8444
3276	8445
962	8446
5081	8447
8501	8448
3808	8449
7975	8450
2238	8451
8181	8452
3733	8453
2212	8454
6456	8455
4776	8456
1636	8457
3653	8458
1252	8459
8896	8460
5273	8461
4678	8462
3171	8463
3417	8464
935	8465
8659	8466
6896	8467
2649	8468
2835	8469
7916	8470
6703	8471
3468	8472
3678	8473
1351	8474
5167	8475
5585	8476
8728	8477
2533	8478
421	8479
8146	8480
6059	8481
5215	8482
8714	8483
4816	8484
308	8485
2394	8486
2140	8487
7331	8488
2026	8489
1200	8490
2959	8491
453	8492
1786	8493
6520	8494
8288	8495
68	8496
4041	8497
66	8498
2203	8499
1081	8500
5152	8501
6592	8502
2805	8503
2625	8504
5722	8505
7801	8506
7457	8507
6933	8508
148	8509
2494	8510
6993	8511
88	8512
3920	8513
6417	8514
886	8515
4071	8516
8855	8517
1826	8518
8546	8519
1384	8520
1617	8521
2668	8522
7360	8523
575	8524
8899	8525
4432	8526
7166	8527
354	8528
8484	8529
1179	8530
8674	8531
6251	8532
4661	8533
3496	8534
6701	8535
8205	8536
4970	8537
854	8538
7712	8539
8721	8540
194	8541
1807	8542
131	8543
8644	8544
381	8545
7265	8546
2184	8547
6558	8548
141	8549
8447	8550
687	8551
4040	8552
2131	8553
4654	8554
1800	8555
7002	8556
932	8557
3402	8558
7295	8559
5877	8560
8706	8561
2151	8562
2236	8563
5937	8564
6987	8565
7782	8566
8262	8567
2001	8568
681	8569
124	8570
6563	8571
3353	8572
5617	8573
7848	8574
6040	8575
3976	8576
3407	8577
3543	8578
4771	8579
93	8580
686	8581
899	8582
789	8583
2901	8584
3076	8585
8207	8586
826	8587
7540	8588
138	8589
7927	8590
5383	8591
6826	8592
3266	8593
888	8594
5736	8595
6384	8596
2738	8597
8038	8598
526	8599
82	8600
5469	8601
770	8602
459	8603
2913	8604
3860	8605
509	8606
6615	8607
561	8608
4274	8609
7228	8610
4887	8611
6207	8612
4846	8613
781	8614
4761	8615
4298	8616
4942	8617
2189	8618
425	8619
7874	8620
6864	8621
5567	8622
7843	8623
30	8624
1399	8625
1163	8626
22	8627
140	8628
5498	8629
5649	8630
3770	8631
2133	8632
8888	8633
263	8634
1085	8635
8035	8636
6958	8637
3285	8638
7405	8639
6725	8640
5479	8641
2357	8642
4850	8643
7500	8644
3369	8645
6573	8646
618	8647
347	8648
722	8649
4396	8650
8699	8651
1133	8652
456	8653
2890	8654
4882	8655
614	8656
8635	8657
8603	8658
2547	8659
5804	8660
1649	8661
5537	8662
5525	8663
6462	8664
6495	8665
1309	8666
2814	8667
6828	8668
3883	8669
414	8670
5381	8671
4431	8672
8785	8673
2977	8674
357	8675
3157	8676
2275	8677
5466	8678
2735	8679
1986	8680
3821	8681
160	8682
2573	8683
3075	8684
5848	8685
6299	8686
6493	8687
1345	8688
4469	8689
149	8690
13	8691
833	8692
4956	8693
7508	8694
648	8695
1972	8696
1639	8697
4126	8698
5779	8699
6073	8700
8898	8701
5583	8702
375	8703
2745	8704
1440	8705
2374	8706
5002	8707
8904	8708
5559	8709
5543	8710
366	8711
2170	8712
6988	8713
1916	8714
92	8715
5168	8716
8579	8717
4643	8718
5621	8719
180	8720
459	8721
5757	8722
5133	8723
2680	8724
4916	8725
4929	8726
8443	8727
7476	8728
6429	8729
118	8730
8689	8731
40	8732
4395	8733
5096	8734
3250	8735
8129	8736
5954	8737
8451	8738
6737	8739
3594	8740
3183	8741
8716	8742
2326	8743
992	8744
6087	8745
4740	8746
8103	8747
3377	8748
791	8749
4481	8750
5685	8751
4917	8752
6187	8753
8279	8754
6128	8755
116	8756
593	8757
7311	8758
3081	8759
925	8760
817	8761
8244	8762
2937	8763
2223	8764
2583	8765
2282	8766
7598	8767
5915	8768
2480	8769
2727	8770
6472	8771
585	8772
6625	8773
6584	8774
6152	8775
3879	8776
1850	8777
2610	8778
3373	8779
3506	8780
2011	8781
7410	8782
3236	8783
125	8784
7845	8785
8	8786
1666	8787
3679	8788
3847	8789
641	8790
6498	8791
4851	8792
595	8793
928	8794
3476	8795
3333	8796
7897	8797
5393	8798
70	8799
2811	8800
5119	8801
7692	8802
660	8803
5740	8804
3372	8805
1888	8806
6664	8807
2190	8808
7491	8809
3452	8810
6481	8811
6188	8812
5042	8813
2075	8814
3996	8815
4814	8816
1439	8817
7657	8818
3180	8819
1528	8820
7444	8821
3800	8822
4381	8823
6767	8824
6571	8825
798	8826
2638	8827
3859	8828
6873	8829
7355	8830
2161	8831
4160	8832
5998	8833
14	8834
329	8835
752	8836
616	8837
8413	8838
265	8839
5570	8840
4286	8841
9	8842
8717	8843
246	8844
189	8845
521	8846
4779	8847
5300	8848
7168	8849
7675	8850
7041	8851
796	8852
424	8853
184	8854
3616	8855
1671	8856
8842	8857
7445	8858
4555	8859
3336	8860
8164	8861
6830	8862
6305	8863
5933	8864
1486	8865
2664	8866
5763	8867
2833	8868
5422	8869
5473	8870
1493	8871
542	8872
774	8873
7039	8874
8023	8875
1586	8876
472	8877
3475	8878
1021	8879
2417	8880
6580	8881
2114	8882
8195	8883
8381	8884
5368	8885
7991	8886
7266	8887
5109	8888
2093	8889
198	8890
763	8891
347	8892
528	8893
6813	8894
5354	8895
6948	8896
8843	8897
4405	8898
2224	8899
4510	8900
774	8901
2640	8902
1576	8903
3484	8904
423	8905
8184	8906
3787	8907
4832	8908
4362	8909
879	8910
466	8911
2994	8912
8009	8913
4102	8914
1472	8915
6421	8916
7512	8917
5623	8918
5900	8919
1164	8920
493	8921
802	8922
3209	8923
4702	8924
5259	8925
105	8926
5715	8927
2733	8928
1610	8929
6741	8930
6232	8931
4996	8932
4679	8933
4855	8934
7684	8935
2062	8936
3434	8937
3225	8938
165	8939
4087	8940
326	8941
205	8942
5329	8943
1305	8944
6721	8945
2116	8946
5092	8947
5657	8948
7060	8949
654	8950
8740	8951
3845	8952
6025	8953
1242	8954
7382	8955
7883	8956
2529	8957
4859	8958
6624	8959
1458	8960
915	8961
833	8962
978	8963
1110	8964
7636	8965
8477	8966
875	8967
1152	8968
2385	8969
7383	8970
6868	8971
7521	8972
918	8973
4588	8974
4763	8975
94	8976
5849	8977
3010	8978
6054	8979
6685	8980
477	8981
8097	8982
7528	8983
8165	8984
1644	8985
7850	8986
4503	8987
1043	8988
8552	8989
1170	8990
8232	8991
2951	8992
1818	8993
240	8994
413	8995
5885	8996
5408	8997
8254	8998
5632	8999
714	9000
649	9001
4937	9002
627	9003
6234	9004
1431	9005
8051	9006
3317	9007
2692	9008
6433	9009
121	9010
5872	9011
1652	9012
6021	9013
5635	9014
7188	9015
8419	9016
8173	9017
6871	9018
5936	9019
8830	9020
1107	9021
3413	9022
839	9023
4502	9024
6136	9025
276	9026
570	9027
5421	9028
7643	9029
5781	9030
3011	9031
63	9032
4442	9033
341	9034
1171	9035
2187	9036
6888	9037
3639	9038
7393	9039
4080	9040
3190	9041
1191	9042
1350	9043
691	9044
497	9045
4684	9046
431	9047
8816	9048
7750	9049
1763	9050
2628	9051
2437	9052
5971	9053
983	9054
4215	9055
4507	9056
2627	9057
7048	9058
7122	9059
5724	9060
8299	9061
3774	9062
8687	9063
1968	9064
7251	9065
5860	9066
5142	9067
6785	9068
3671	9069
5424	9070
6441	9071
5314	9072
1495	9073
3709	9074
7162	9075
4950	9076
1256	9077
8756	9078
5020	9079
4831	9080
506	9081
895	9082
8617	9083
1293	9084
2842	9085
3255	9086
1717	9087
5650	9088
5976	9089
8280	9090
5005	9091
4638	9092
8613	9093
5454	9094
282	9095
6618	9096
3125	9097
4673	9098
3988	9099
5225	9100
7432	9101
4371	9102
1748	9103
6189	9104
8448	9105
2012	9106
2089	9107
7154	9108
6361	9109
237	9110
1873	9111
2496	9112
1897	9113
3862	9114
4671	9115
743	9116
7729	9117
3281	9118
658	9119
907	9120
2527	9121
498	9122
5519	9123
7216	9124
5838	9125
749	9126
263	9127
56	9128
8337	9129
249	9130
5979	9131
344	9132
2895	9133
3014	9134
2253	9135
7761	9136
7135	9137
309	9138
8289	9139
366	9140
91	9141
16	9142
7894	9143
6	9144
8732	9145
445	9146
4631	9147
8631	9148
7027	9149
3764	9150
2602	9151
252	9152
3298	9153
3932	9154
3354	9155
2795	9156
4444	9157
3462	9158
7817	9159
8343	9160
3894	9161
1581	9162
4483	9163
3535	9164
6818	9165
7199	9166
1554	9167
7292	9168
1564	9169
6641	9170
7821	9171
2163	9172
4847	9173
3044	9174
1218	9175
2481	9176
2137	9177
920	9178
2700	9179
8824	9180
4630	9181
6099	9182
6936	9183
3162	9184
3855	9185
3771	9186
325	9187
7650	9188
6656	9189
239	9190
5947	9191
986	9192
2841	9193
3576	9194
927	9195
6579	9196
6524	9197
891	9198
1030	9199
1455	9200
5445	9201
5482	9202
7200	9203
532	9204
591	9205
6858	9206
7194	9207
1785	9208
1741	9209
8870	9210
8024	9211
2612	9212
7951	9213
1039	9214
1573	9215
1699	9216
1291	9217
1833	9218
4511	9219
7665	9220
937	9221
5750	9222
4078	9223
2652	9224
5762	9225
630	9226
181	9227
4874	9228
1721	9229
1575	9230
1944	9231
8715	9232
141	9233
8340	9234
111	9235
872	9236
5927	9237
2706	9238
8473	9239
8708	9240
1538	9241
476	9242
8194	9243
2421	9244
3943	9245
33	9246
7570	9247
1358	9248
4902	9249
6827	9250
4345	9251
3163	9252
4346	9253
8582	9254
511	9255
8018	9256
850	9257
5235	9258
5852	9259
548	9260
235	9261
488	9262
7158	9263
765	9264
1692	9265
7561	9266
6082	9267
5556	9268
1438	9269
5187	9270
1044	9271
7246	9272
7241	9273
322	9274
7701	9275
3550	9276
690	9277
5440	9278
860	9279
6047	9280
673	9281
6824	9282
1202	9283
7538	9284
7193	9285
699	9286
2451	9287
311	9288
6374	9289
4022	9290
1072	9291
8528	9292
4252	9293
5113	9294
1925	9295
2734	9296
2932	9297
829	9298
7375	9299
5544	9300
3949	9301
360	9302
1456	9303
6126	9304
7322	9305
8576	9306
8278	9307
8709	9308
3262	9309
6762	9310
7021	9311
1272	9312
1504	9313
859	9314
84	9315
2565	9316
2169	9317
578	9318
7627	9319
4133	9320
5941	9321
6528	9322
7453	9323
6256	9324
1000	9325
3809	9326
147	9327
396	9328
299	9329
1776	9330
7668	9331
632	9332
794	9333
378	9334
6771	9335
4808	9336
694	9337
554	9338
2171	9339
6819	9340
7364	9341
5426	9342
1334	9343
810	9344
4856	9345
6002	9346
3214	9347
870	9348
7065	9349
928	9350
3242	9351
1694	9352
6915	9353
6326	9354
5180	9355
2675	9356
558	9357
1612	9358
7950	9359
6425	9360
712	9361
52	9362
3890	9363
8101	9364
433	9365
799	9366
5924	9367
1311	9368
4015	9369
6884	9370
389	9371
67	9372
2235	9373
2384	9374
6195	9375
613	9376
6400	9377
3637	9378
8128	9379
6122	9380
3833	9381
1724	9382
919	9383
7777	9384
7868	9385
6966	9386
10	9387
2858	9388
7435	9389
6190	9390
37	9391
44	9392
3425	9393
866	9394
1367	9395
7871	9396
4951	9397
4113	9398
480	9399
4311	9400
6331	9401
2194	9402
7558	9403
5616	9404
4316	9405
3542	9406
4004	9407
5710	9408
4876	9409
2676	9410
319	9411
498	9412
2650	9413
6825	9414
3738	9415
6337	9416
1772	9417
7496	9418
5667	9419
5243	9420
7809	9421
5535	9422
3670	9423
4354	9424
8738	9425
4222	9426
3597	9427
8245	9428
5131	9429
179	9430
7070	9431
5130	9432
4332	9433
8365	9434
5574	9435
417	9436
7370	9437
7520	9438
6687	9439
1322	9440
2214	9441
6163	9442
207	9443
4591	9444
1237	9445
5299	9446
6885	9447
2588	9448
6061	9449
7189	9450
303	9451
4572	9452
8502	9453
5729	9454
3666	9455
6657	9456
6452	9457
178	9458
6314	9459
1948	9460
13	9461
6809	9462
83	9463
3664	9464
7882	9465
2281	9466
8123	9467
550	9468
7959	9469
3665	9470
5198	9471
889	9472
3094	9473
4759	9474
3540	9475
8423	9476
635	9477
6607	9478
3030	9479
2508	9480
1518	9481
588	9482
3534	9483
3269	9484
6414	9485
427	9486
2873	9487
7488	9488
4369	9489
5530	9490
129	9491
2975	9492
5290	9493
8183	9494
916	9495
8230	9496
4419	9497
7631	9498
2851	9499
229	9500
5281	9501
6415	9502
8019	9503
1287	9504
476	9505
2594	9506
2360	9507
6561	9508
415	9509
8036	9510
1563	9511
8880	9512
6402	9513
5785	9514
3355	9515
7033	9516
474	9517
8813	9518
1141	9519
6670	9520
4280	9521
7576	9522
5522	9523
3885	9524
734	9525
4985	9526
6780	9527
1157	9528
198	9529
6673	9530
8623	9531
7243	9532
8	9533
2333	9534
4123	9535
8653	9536
855	9537
576	9538
4774	9539
5932	9540
116	9541
440	9542
5641	9543
7184	9544
2060	9545
4838	9546
726	9547
8692	9548
471	9549
8082	9550
8334	9551
316	9552
2576	9553
7660	9554
1040	9555
7988	9556
549	9557
881	9558
636	9559
6373	9560
2760	9561
1221	9562
439	9563
152	9564
386	9565
106	9566
8011	9567
1926	9568
8768	9569
6504	9570
6175	9571
374	9572
1615	9573
7784	9574
6765	9575
1677	9576
2797	9577
1094	9578
915	9579
304	9580
6031	9581
3026	9582
4295	9583
2534	9584
2162	9585
7887	9586
491	9587
8457	9588
2703	9589
2364	9590
4155	9591
6874	9592
6193	9593
2898	9594
973	9595
5024	9596
4790	9597
1811	9598
955	9599
7510	9600
1	9601
7519	9602
636	9603
7739	9604
5449	9605
442	9606
3581	9607
4514	9608
7356	9609
6736	9610
6444	9611
4683	9612
6062	9613
377	9614
4056	9615
5460	9616
225	9617
5248	9618
2962	9619
7139	9620
5654	9621
164	9622
8385	9623
3750	9624
3078	9625
8543	9626
699	9627
4668	9628
1852	9629
5145	9630
218	9631
368	9632
1387	9633
1427	9634
8401	9635
7057	9636
2336	9637
4104	9638
5125	9639
7389	9640
8669	9641
8857	9642
1064	9643
8811	9644
943	9645
3605	9646
4259	9647
86	9648
3501	9649
6678	9650
592	9651
741	9652
373	9653
2154	9654
3952	9655
3911	9656
8486	9657
1572	9658
8144	9659
7912	9660
2156	9661
7201	9662
6684	9663
4294	9664
7676	9665
6822	9666
1419	9667
6125	9668
98	9669
3686	9670
2830	9671
1814	9672
7921	9673
4251	9674
3472	9675
6222	9676
7681	9677
4701	9678
6300	9679
8067	9680
659	9681
2243	9682
4649	9683
4495	9684
5260	9685
1662	9686
8054	9687
3839	9688
1847	9689
4865	9690
181	9691
2101	9692
2707	9693
6575	9694
8296	9695
117	9696
598	9697
4032	9698
6940	9699
2506	9700
6404	9701
4397	9702
8561	9703
102	9704
3659	9705
5287	9706
2840	9707
5558	9708
3431	9709
2086	9710
7338	9711
3927	9712
1799	9713
2756	9714
6553	9715
4624	9716
2679	9717
4156	9718
5903	9719
787	9720
2397	9721
3731	9722
4768	9723
6756	9724
6107	9725
3946	9726
1584	9727
2630	9728
1036	9729
784	9730
754	9731
6434	9732
5160	9733
1905	9734
758	9735
701	9736
6976	9737
6378	9738
2471	9739
908	9740
1912	9741
5043	9742
327	9743
668	9744
586	9745
5279	9746
1915	9747
8910	9748
5706	9749
7366	9750
6119	9751
8700	9752
4358	9753
1364	9754
8693	9755
6866	9756
8191	9757
3980	9758
4662	9759
333	9760
6382	9761
5929	9762
4980	9763
7371	9764
8135	9765
2826	9766
8060	9767
4746	9768
4124	9769
207	9770
4636	9771
869	9772
2866	9773
5897	9774
1078	9775
4008	9776
4165	9777
3376	9778
4525	9779
878	9780
3455	9781
54	9782
368	9783
7656	9784
2786	9785
3827	9786
2044	9787
291	9788
3215	9789
4531	9790
5161	9791
2308	9792
8883	9793
571	9794
8780	9795
2662	9796
390	9797
909	9798
3544	9799
3150	9800
4737	9801
4815	9802
196	9803
1156	9804
2699	9805
5190	9806
8098	9807
1159	9808
8614	9809
2465	9810
616	9811
2505	9812
6063	9813
1132	9814
6735	9815
2387	9816
7447	9817
8242	9818
3719	9819
1723	9820
8225	9821
1620	9822
3366	9823
674	9824
4377	9825
378	9826
6643	9827
2755	9828
5320	9829
8062	9830
5452	9831
543	9832
8628	9833
6552	9834
2035	9835
4283	9836
5994	9837
8565	9838
6131	9839
2595	9840
4082	9841
4967	9842
2431	9843
2604	9844
159	9845
7865	9846
645	9847
57	9848
6666	9849
867	9850
3411	9851
3466	9852
1249	9853
116	9854
8137	9855
8107	9856
7841	9857
6742	9858
1585	9859
6990	9860
7907	9861
4207	9862
3915	9863
7119	9864
4367	9865
1355	9866
4518	9867
2530	9868
4239	9869
1246	9870
1911	9871
4292	9872
8890	9873
98	9874
3022	9875
4306	9876
8188	9877
682	9878
6814	9879
6446	9880
3156	9881
7318	9882
1347	9883
1424	9884
320	9885
4380	9886
71	9887
64	9888
5390	9889
862	9890
8889	9891
415	9892
2623	9893
3416	9894
628	9895
239	9896
3103	9897
3553	9898
8450	9899
1158	9900
2449	9901
353	9902
641	9903
4204	9904
5078	9905
569	9906
6235	9907
7591	9908
3624	9909
3401	9910
5652	9911
4997	9912
4339	9913
5569	9914
8654	9915
1793	9916
5611	9917
2741	9918
6821	9919
6694	9920
5438	9921
2237	9922
5948	9923
8161	9924
5335	9925
7859	9926
744	9927
3337	9928
802	9929
6134	9930
2818	9931
81	9932
4878	9933
3233	9934
6170	9935
1983	9936
7920	9937
776	9938
4364	9939
4453	9940
1313	9941
3824	9942
4947	9943
5431	9944
7638	9945
3916	9946
6282	9947
5660	9948
1770	9949
4084	9950
5827	9951
4357	9952
1375	9953
5646	9954
522	9955
1071	9956
889	9957
394	9958
2372	9959
751	9960
8570	9961
5889	9962
3263	9963
4570	9964
5084	9965
1236	9966
7504	9967
4625	9968
7203	9969
871	9970
7523	9971
997	9972
4383	9973
3290	9974
4562	9975
1391	9976
6977	9977
8323	9978
2936	9979
7880	9980
3593	9981
882	9982
6285	9983
708	9984
6820	9985
5153	9986
3579	9987
3516	9988
1017	9989
3025	9990
3332	9991
69	9992
1348	9993
7613	9994
1095	9995
2976	9996
5105	9997
5420	9998
54	9999
1853	10000
